"Location","Age","Population","PopulationMale","PopulationFemale"
"Land Baden-Württemberg","unter 3 Jahre",274527,140596,133931
"Land Baden-Württemberg","3 -  6 Jahre",282759,144522,138237
"Land Baden-Württemberg","6 - 10 Jahre",400183,205988,194195
"Land Baden-Württemberg","10 - 15 Jahre",567924,291291,276633
"Land Baden-Württemberg","15 - 18 Jahre",352126,180996,171130
"Land Baden-Württemberg","18 - 20 Jahre",250774,128655,122119
"Land Baden-Württemberg","20 - 25 Jahre",662196,337534,324662
"Land Baden-Württemberg","25 - 30 Jahre",653610,329104,324506
"Land Baden-Württemberg","30 - 35 Jahre",642527,321647,320880
"Land Baden-Württemberg","35 - 40 Jahre",675399,338976,336423
"Land Baden-Württemberg","40 - 45 Jahre",887840,451884,435956
"Land Baden-Württemberg","45 - 50 Jahre",934960,479220,455740
"Land Baden-Württemberg","50 - 55 Jahre",809210,410580,398630
"Land Baden-Württemberg","55 - 60 Jahre",681662,337283,344379
"Land Baden-Württemberg","60 - 65 Jahre",586835,289774,297061
"Land Baden-Württemberg","65 - 75 Jahre",1140008,542451,597557
"Land Baden-Württemberg","75 und mehr Jahre",951340,365748,585592
"Land Baden-Württemberg","Insgesamt",10753880,5296249,5457631
"Regierungsbezirk Stuttgart","unter 3 Jahre",104083,53167,50916
"Regierungsbezirk Stuttgart","3 -  6 Jahre",107122,54776,52346
"Regierungsbezirk Stuttgart","6 - 10 Jahre",151064,77642,73422
"Regierungsbezirk Stuttgart","10 - 15 Jahre",211118,108336,102782
"Regierungsbezirk Stuttgart","15 - 18 Jahre",130651,67010,63641
"Regierungsbezirk Stuttgart","18 - 20 Jahre",91277,47032,44245
"Regierungsbezirk Stuttgart","20 - 25 Jahre",235302,120705,114597
"Regierungsbezirk Stuttgart","25 - 30 Jahre",241323,121395,119928
"Regierungsbezirk Stuttgart","30 - 35 Jahre",249545,125123,124422
"Regierungsbezirk Stuttgart","35 - 40 Jahre",261765,132666,129099
"Regierungsbezirk Stuttgart","40 - 45 Jahre",333415,171108,162307
"Regierungsbezirk Stuttgart","45 - 50 Jahre",342809,177548,165261
"Regierungsbezirk Stuttgart","50 - 55 Jahre",295441,150492,144949
"Regierungsbezirk Stuttgart","55 - 60 Jahre",248555,122441,126114
"Regierungsbezirk Stuttgart","60 - 65 Jahre",218301,107454,110847
"Regierungsbezirk Stuttgart","65 - 75 Jahre",430213,204935,225278
"Regierungsbezirk Stuttgart","75 und mehr Jahre",350587,136079,214508
"Regierungsbezirk Stuttgart","Insgesamt",4002571,1977909,2024662
"Stadtkreis Stuttgart","unter 3 Jahre",16416,8417,7999
"Stadtkreis Stuttgart","3 -  6 Jahre",15127,7689,7438
"Stadtkreis Stuttgart","6 - 10 Jahre",18958,9765,9193
"Stadtkreis Stuttgart","10 - 15 Jahre",24366,12559,11807
"Stadtkreis Stuttgart","15 - 18 Jahre",14515,7527,6988
"Stadtkreis Stuttgart","18 - 20 Jahre",10959,5531,5428
"Stadtkreis Stuttgart","20 - 25 Jahre",40431,19892,20539
"Stadtkreis Stuttgart","25 - 30 Jahre",49043,24055,24988
"Stadtkreis Stuttgart","30 - 35 Jahre",49596,25165,24431
"Stadtkreis Stuttgart","35 - 40 Jahre",45826,24146,21680
"Stadtkreis Stuttgart","40 - 45 Jahre",51078,27070,24008
"Stadtkreis Stuttgart","45 - 50 Jahre",49758,26975,22783
"Stadtkreis Stuttgart","50 - 55 Jahre",40823,21323,19500
"Stadtkreis Stuttgart","55 - 60 Jahre",34062,16804,17258
"Stadtkreis Stuttgart","60 - 65 Jahre",31651,15625,16026
"Stadtkreis Stuttgart","65 - 75 Jahre",62280,29445,32835
"Stadtkreis Stuttgart","75 und mehr Jahre",51699,19140,32559
"Stadtkreis Stuttgart","Insgesamt",606588,301128,305460
"Stuttgart, Landeshauptstadt","unter 3 Jahre",16416,8417,7999
"Stuttgart, Landeshauptstadt","3 -  6 Jahre",15127,7689,7438
"Stuttgart, Landeshauptstadt","6 - 10 Jahre",18958,9765,9193
"Stuttgart, Landeshauptstadt","10 - 15 Jahre",24366,12559,11807
"Stuttgart, Landeshauptstadt","15 - 18 Jahre",14515,7527,6988
"Stuttgart, Landeshauptstadt","18 - 20 Jahre",10959,5531,5428
"Stuttgart, Landeshauptstadt","20 - 25 Jahre",40431,19892,20539
"Stuttgart, Landeshauptstadt","25 - 30 Jahre",49043,24055,24988
"Stuttgart, Landeshauptstadt","30 - 35 Jahre",49596,25165,24431
"Stuttgart, Landeshauptstadt","35 - 40 Jahre",45826,24146,21680
"Stuttgart, Landeshauptstadt","40 - 45 Jahre",51078,27070,24008
"Stuttgart, Landeshauptstadt","45 - 50 Jahre",49758,26975,22783
"Stuttgart, Landeshauptstadt","50 - 55 Jahre",40823,21323,19500
"Stuttgart, Landeshauptstadt","55 - 60 Jahre",34062,16804,17258
"Stuttgart, Landeshauptstadt","60 - 65 Jahre",31651,15625,16026
"Stuttgart, Landeshauptstadt","65 - 75 Jahre",62280,29445,32835
"Stuttgart, Landeshauptstadt","75 und mehr Jahre",51699,19140,32559
"Stuttgart, Landeshauptstadt","Insgesamt",606588,301128,305460
"Landkreis Böblingen","unter 3 Jahre",10161,5158,5003
"Landkreis Böblingen","3 -  6 Jahre",10389,5379,5010
"Landkreis Böblingen","6 - 10 Jahre",14538,7543,6995
"Landkreis Böblingen","10 - 15 Jahre",20460,10481,9979
"Landkreis Böblingen","15 - 18 Jahre",12336,6342,5994
"Landkreis Böblingen","18 - 20 Jahre",8523,4352,4171
"Landkreis Böblingen","20 - 25 Jahre",20424,10485,9939
"Landkreis Böblingen","25 - 30 Jahre",21312,10669,10643
"Landkreis Böblingen","30 - 35 Jahre",22807,11422,11385
"Landkreis Böblingen","35 - 40 Jahre",24262,12095,12167
"Landkreis Böblingen","40 - 45 Jahre",31683,16191,15492
"Landkreis Böblingen","45 - 50 Jahre",31989,16327,15662
"Landkreis Böblingen","50 - 55 Jahre",27806,13998,13808
"Landkreis Böblingen","55 - 60 Jahre",22813,11161,11652
"Landkreis Böblingen","60 - 65 Jahre",19917,9647,10270
"Landkreis Böblingen","65 - 75 Jahre",41511,19999,21512
"Landkreis Böblingen","75 und mehr Jahre",30465,12238,18227
"Landkreis Böblingen","Insgesamt",371396,183487,187909
"Aidlingen","unter 3 Jahre",231,111,120
"Aidlingen","3 -  6 Jahre",222,119,103
"Aidlingen","6 - 10 Jahre",356,201,155
"Aidlingen","10 - 15 Jahre",510,269,241
"Aidlingen","15 - 18 Jahre",301,149,152
"Aidlingen","18 - 20 Jahre",241,125,116
"Aidlingen","20 - 25 Jahre",487,248,239
"Aidlingen","25 - 30 Jahre",479,243,236
"Aidlingen","30 - 35 Jahre",478,243,235
"Aidlingen","35 - 40 Jahre",638,297,341
"Aidlingen","40 - 45 Jahre",866,394,472
"Aidlingen","45 - 50 Jahre",889,462,427
"Aidlingen","50 - 55 Jahre",650,325,325
"Aidlingen","55 - 60 Jahre",544,273,271
"Aidlingen","60 - 65 Jahre",514,237,277
"Aidlingen","65 - 75 Jahre",983,506,477
"Aidlingen","75 und mehr Jahre",644,273,371
"Aidlingen","Insgesamt",9033,4475,4558
"Altdorf","unter 3 Jahre",141,57,84
"Altdorf","3 -  6 Jahre",169,83,86
"Altdorf","6 - 10 Jahre",232,139,93
"Altdorf","10 - 15 Jahre",342,174,168
"Altdorf","15 - 18 Jahre",193,104,89
"Altdorf","18 - 20 Jahre",118,64,54
"Altdorf","20 - 25 Jahre",234,110,124
"Altdorf","25 - 30 Jahre",259,120,139
"Altdorf","30 - 35 Jahre",220,122,98
"Altdorf","35 - 40 Jahre",290,125,165
"Altdorf","40 - 45 Jahre",489,232,257
"Altdorf","45 - 50 Jahre",439,229,210
"Altdorf","50 - 55 Jahre",335,159,176
"Altdorf","55 - 60 Jahre",236,119,117
"Altdorf","60 - 65 Jahre",181,81,100
"Altdorf","65 - 75 Jahre",425,203,222
"Altdorf","75 und mehr Jahre",241,106,135
"Altdorf","Insgesamt",4544,2227,2317
"Böblingen, Stadt","unter 3 Jahre",1276,651,625
"Böblingen, Stadt","3 -  6 Jahre",1285,673,612
"Böblingen, Stadt","6 - 10 Jahre",1648,804,844
"Böblingen, Stadt","10 - 15 Jahre",2212,1110,1102
"Böblingen, Stadt","15 - 18 Jahre",1366,730,636
"Böblingen, Stadt","18 - 20 Jahre",931,470,461
"Böblingen, Stadt","20 - 25 Jahre",2570,1248,1322
"Böblingen, Stadt","25 - 30 Jahre",2924,1471,1453
"Böblingen, Stadt","30 - 35 Jahre",3231,1647,1584
"Böblingen, Stadt","35 - 40 Jahre",3122,1600,1522
"Böblingen, Stadt","40 - 45 Jahre",3668,1952,1716
"Böblingen, Stadt","45 - 50 Jahre",3601,1835,1766
"Böblingen, Stadt","50 - 55 Jahre",3279,1644,1635
"Böblingen, Stadt","55 - 60 Jahre",2806,1327,1479
"Böblingen, Stadt","60 - 65 Jahre",2622,1247,1375
"Böblingen, Stadt","65 - 75 Jahre",5634,2646,2988
"Böblingen, Stadt","75 und mehr Jahre",4313,1753,2560
"Böblingen, Stadt","Insgesamt",46488,22808,23680
"Bondorf","unter 3 Jahre",143,76,67
"Bondorf","3 -  6 Jahre",169,93,76
"Bondorf","6 - 10 Jahre",306,158,148
"Bondorf","10 - 15 Jahre",418,212,206
"Bondorf","15 - 18 Jahre",243,125,118
"Bondorf","18 - 20 Jahre",190,81,109
"Bondorf","20 - 25 Jahre",345,192,153
"Bondorf","25 - 30 Jahre",294,158,136
"Bondorf","30 - 35 Jahre",335,156,179
"Bondorf","35 - 40 Jahre",400,204,196
"Bondorf","40 - 45 Jahre",567,277,290
"Bondorf","45 - 50 Jahre",564,271,293
"Bondorf","50 - 55 Jahre",448,236,212
"Bondorf","55 - 60 Jahre",357,187,170
"Bondorf","60 - 65 Jahre",246,119,127
"Bondorf","65 - 75 Jahre",456,224,232
"Bondorf","75 und mehr Jahre",380,129,251
"Bondorf","Insgesamt",5861,2898,2963
"Deckenpfronn","unter 3 Jahre",100,47,53
"Deckenpfronn","3 -  6 Jahre",87,39,48
"Deckenpfronn","6 - 10 Jahre",131,64,67
"Deckenpfronn","10 - 15 Jahre",194,87,107
"Deckenpfronn","15 - 18 Jahre",114,56,58
"Deckenpfronn","18 - 20 Jahre",82,39,43
"Deckenpfronn","20 - 25 Jahre",198,98,100
"Deckenpfronn","25 - 30 Jahre",171,81,90
"Deckenpfronn","30 - 35 Jahre",205,100,105
"Deckenpfronn","35 - 40 Jahre",227,115,112
"Deckenpfronn","40 - 45 Jahre",299,163,136
"Deckenpfronn","45 - 50 Jahre",330,173,157
"Deckenpfronn","50 - 55 Jahre",224,110,114
"Deckenpfronn","55 - 60 Jahre",168,88,80
"Deckenpfronn","60 - 65 Jahre",150,78,72
"Deckenpfronn","65 - 75 Jahre",261,124,137
"Deckenpfronn","75 und mehr Jahre",227,85,142
"Deckenpfronn","Insgesamt",3168,1547,1621
"Ehningen","unter 3 Jahre",202,115,87
"Ehningen","3 -  6 Jahre",243,120,123
"Ehningen","6 - 10 Jahre",315,160,155
"Ehningen","10 - 15 Jahre",452,234,218
"Ehningen","15 - 18 Jahre",257,127,130
"Ehningen","18 - 20 Jahre",178,96,82
"Ehningen","20 - 25 Jahre",424,238,186
"Ehningen","25 - 30 Jahre",468,240,228
"Ehningen","30 - 35 Jahre",494,260,234
"Ehningen","35 - 40 Jahre",535,262,273
"Ehningen","40 - 45 Jahre",723,364,359
"Ehningen","45 - 50 Jahre",730,367,363
"Ehningen","50 - 55 Jahre",580,304,276
"Ehningen","55 - 60 Jahre",464,228,236
"Ehningen","60 - 65 Jahre",417,209,208
"Ehningen","65 - 75 Jahre",840,381,459
"Ehningen","75 und mehr Jahre",581,244,337
"Ehningen","Insgesamt",7903,3949,3954
"Gärtringen","unter 3 Jahre",385,191,194
"Gärtringen","3 -  6 Jahre",414,225,189
"Gärtringen","6 - 10 Jahre",531,268,263
"Gärtringen","10 - 15 Jahre",627,306,321
"Gärtringen","15 - 18 Jahre",345,172,173
"Gärtringen","18 - 20 Jahre",272,129,143
"Gärtringen","20 - 25 Jahre",658,328,330
"Gärtringen","25 - 30 Jahre",689,354,335
"Gärtringen","30 - 35 Jahre",756,340,416
"Gärtringen","35 - 40 Jahre",853,417,436
"Gärtringen","40 - 45 Jahre",1115,557,558
"Gärtringen","45 - 50 Jahre",1065,536,529
"Gärtringen","50 - 55 Jahre",874,435,439
"Gärtringen","55 - 60 Jahre",744,380,364
"Gärtringen","60 - 65 Jahre",620,295,325
"Gärtringen","65 - 75 Jahre",1304,632,672
"Gärtringen","75 und mehr Jahre",864,362,502
"Gärtringen","Insgesamt",12116,5927,6189
"Gäufelden","unter 3 Jahre",241,119,122
"Gäufelden","3 -  6 Jahre",285,155,130
"Gäufelden","6 - 10 Jahre",390,203,187
"Gäufelden","10 - 15 Jahre",615,299,316
"Gäufelden","15 - 18 Jahre",378,201,177
"Gäufelden","18 - 20 Jahre",264,121,143
"Gäufelden","20 - 25 Jahre",592,299,293
"Gäufelden","25 - 30 Jahre",504,254,250
"Gäufelden","30 - 35 Jahre",573,289,284
"Gäufelden","35 - 40 Jahre",620,300,320
"Gäufelden","40 - 45 Jahre",841,457,384
"Gäufelden","45 - 50 Jahre",858,435,423
"Gäufelden","50 - 55 Jahre",776,402,374
"Gäufelden","55 - 60 Jahre",563,279,284
"Gäufelden","60 - 65 Jahre",474,229,245
"Gäufelden","65 - 75 Jahre",801,403,398
"Gäufelden","75 und mehr Jahre",537,222,315
"Gäufelden","Insgesamt",9312,4667,4645
"Herrenberg, Stadt","unter 3 Jahre",828,434,394
"Herrenberg, Stadt","3 -  6 Jahre",871,448,423
"Herrenberg, Stadt","6 - 10 Jahre",1247,680,567
"Herrenberg, Stadt","10 - 15 Jahre",1777,933,844
"Herrenberg, Stadt","15 - 18 Jahre",1079,543,536
"Herrenberg, Stadt","18 - 20 Jahre",776,407,369
"Herrenberg, Stadt","20 - 25 Jahre",1725,884,841
"Herrenberg, Stadt","25 - 30 Jahre",1914,975,939
"Herrenberg, Stadt","30 - 35 Jahre",1817,859,958
"Herrenberg, Stadt","35 - 40 Jahre",2017,1000,1017
"Herrenberg, Stadt","40 - 45 Jahre",2647,1348,1299
"Herrenberg, Stadt","45 - 50 Jahre",2660,1362,1298
"Herrenberg, Stadt","50 - 55 Jahre",2345,1151,1194
"Herrenberg, Stadt","55 - 60 Jahre",1897,954,943
"Herrenberg, Stadt","60 - 65 Jahre",1564,765,799
"Herrenberg, Stadt","65 - 75 Jahre",3541,1687,1854
"Herrenberg, Stadt","75 und mehr Jahre",2587,998,1589
"Herrenberg, Stadt","Insgesamt",31292,15428,15864
"Hildrizhausen","unter 3 Jahre",104,49,55
"Hildrizhausen","3 -  6 Jahre",106,58,48
"Hildrizhausen","6 - 10 Jahre",155,80,75
"Hildrizhausen","10 - 15 Jahre",222,120,102
"Hildrizhausen","15 - 18 Jahre",149,79,70
"Hildrizhausen","18 - 20 Jahre",88,53,35
"Hildrizhausen","20 - 25 Jahre",182,92,90
"Hildrizhausen","25 - 30 Jahre",193,108,85
"Hildrizhausen","30 - 35 Jahre",191,85,106
"Hildrizhausen","35 - 40 Jahre",245,127,118
"Hildrizhausen","40 - 45 Jahre",346,169,177
"Hildrizhausen","45 - 50 Jahre",350,173,177
"Hildrizhausen","50 - 55 Jahre",275,147,128
"Hildrizhausen","55 - 60 Jahre",218,103,115
"Hildrizhausen","60 - 65 Jahre",185,94,91
"Hildrizhausen","65 - 75 Jahre",375,189,186
"Hildrizhausen","75 und mehr Jahre",209,95,114
"Hildrizhausen","Insgesamt",3593,1821,1772
"Holzgerlingen, Stadt","unter 3 Jahre",430,217,213
"Holzgerlingen, Stadt","3 -  6 Jahre",432,218,214
"Holzgerlingen, Stadt","6 - 10 Jahre",569,308,261
"Holzgerlingen, Stadt","10 - 15 Jahre",719,355,364
"Holzgerlingen, Stadt","15 - 18 Jahre",401,233,168
"Holzgerlingen, Stadt","18 - 20 Jahre",290,162,128
"Holzgerlingen, Stadt","20 - 25 Jahre",663,357,306
"Holzgerlingen, Stadt","25 - 30 Jahre",624,279,345
"Holzgerlingen, Stadt","30 - 35 Jahre",815,374,441
"Holzgerlingen, Stadt","35 - 40 Jahre",965,452,513
"Holzgerlingen, Stadt","40 - 45 Jahre",1220,632,588
"Holzgerlingen, Stadt","45 - 50 Jahre",1124,563,561
"Holzgerlingen, Stadt","50 - 55 Jahre",935,490,445
"Holzgerlingen, Stadt","55 - 60 Jahre",653,316,337
"Holzgerlingen, Stadt","60 - 65 Jahre",623,286,337
"Holzgerlingen, Stadt","65 - 75 Jahre",1343,666,677
"Holzgerlingen, Stadt","75 und mehr Jahre",916,373,543
"Holzgerlingen, Stadt","Insgesamt",12722,6281,6441
"Leonberg, Stadt","unter 3 Jahre",1150,593,557
"Leonberg, Stadt","3 -  6 Jahre",1164,603,561
"Leonberg, Stadt","6 - 10 Jahre",1592,807,785
"Leonberg, Stadt","10 - 15 Jahre",2194,1111,1083
"Leonberg, Stadt","15 - 18 Jahre",1359,694,665
"Leonberg, Stadt","18 - 20 Jahre",892,456,436
"Leonberg, Stadt","20 - 25 Jahre",2264,1193,1071
"Leonberg, Stadt","25 - 30 Jahre",2713,1326,1387
"Leonberg, Stadt","30 - 35 Jahre",2937,1529,1408
"Leonberg, Stadt","35 - 40 Jahre",2838,1441,1397
"Leonberg, Stadt","40 - 45 Jahre",3810,1978,1832
"Leonberg, Stadt","45 - 50 Jahre",3693,1904,1789
"Leonberg, Stadt","50 - 55 Jahre",3314,1657,1657
"Leonberg, Stadt","55 - 60 Jahre",2805,1370,1435
"Leonberg, Stadt","60 - 65 Jahre",2637,1260,1377
"Leonberg, Stadt","65 - 75 Jahre",5495,2584,2911
"Leonberg, Stadt","75 und mehr Jahre",4241,1622,2619
"Leonberg, Stadt","Insgesamt",45098,22128,22970
"Magstadt","unter 3 Jahre",265,133,132
"Magstadt","3 -  6 Jahre",283,140,143
"Magstadt","6 - 10 Jahre",366,195,171
"Magstadt","10 - 15 Jahre",431,216,215
"Magstadt","15 - 18 Jahre",283,143,140
"Magstadt","18 - 20 Jahre",197,105,92
"Magstadt","20 - 25 Jahre",492,254,238
"Magstadt","25 - 30 Jahre",541,272,269
"Magstadt","30 - 35 Jahre",583,301,282
"Magstadt","35 - 40 Jahre",622,326,296
"Magstadt","40 - 45 Jahre",746,406,340
"Magstadt","45 - 50 Jahre",767,392,375
"Magstadt","50 - 55 Jahre",612,310,302
"Magstadt","55 - 60 Jahre",548,251,297
"Magstadt","60 - 65 Jahre",472,247,225
"Magstadt","65 - 75 Jahre",927,446,481
"Magstadt","75 und mehr Jahre",658,257,401
"Magstadt","Insgesamt",8793,4394,4399
"Mötzingen","unter 3 Jahre",97,49,48
"Mötzingen","3 -  6 Jahre",108,41,67
"Mötzingen","6 - 10 Jahre",158,76,82
"Mötzingen","10 - 15 Jahre",264,135,129
"Mötzingen","15 - 18 Jahre",174,84,90
"Mötzingen","18 - 20 Jahre",108,61,47
"Mötzingen","20 - 25 Jahre",235,115,120
"Mötzingen","25 - 30 Jahre",200,98,102
"Mötzingen","30 - 35 Jahre",158,94,64
"Mötzingen","35 - 40 Jahre",219,99,120
"Mötzingen","40 - 45 Jahre",353,171,182
"Mötzingen","45 - 50 Jahre",348,172,176
"Mötzingen","50 - 55 Jahre",318,161,157
"Mötzingen","55 - 60 Jahre",228,121,107
"Mötzingen","60 - 65 Jahre",187,92,95
"Mötzingen","65 - 75 Jahre",318,163,155
"Mötzingen","75 und mehr Jahre",205,76,129
"Mötzingen","Insgesamt",3678,1808,1870
"Nufringen","unter 3 Jahre",159,70,89
"Nufringen","3 -  6 Jahre",164,87,77
"Nufringen","6 - 10 Jahre",226,126,100
"Nufringen","10 - 15 Jahre",334,174,160
"Nufringen","15 - 18 Jahre",177,86,91
"Nufringen","18 - 20 Jahre",129,61,68
"Nufringen","20 - 25 Jahre",322,176,146
"Nufringen","25 - 30 Jahre",349,176,173
"Nufringen","30 - 35 Jahre",321,160,161
"Nufringen","35 - 40 Jahre",382,189,193
"Nufringen","40 - 45 Jahre",465,223,242
"Nufringen","45 - 50 Jahre",482,246,236
"Nufringen","50 - 55 Jahre",402,197,205
"Nufringen","55 - 60 Jahre",321,151,170
"Nufringen","60 - 65 Jahre",259,131,128
"Nufringen","65 - 75 Jahre",519,271,248
"Nufringen","75 und mehr Jahre",378,154,224
"Nufringen","Insgesamt",5389,2678,2711
"Renningen, Stadt","unter 3 Jahre",480,246,234
"Renningen, Stadt","3 -  6 Jahre",479,232,247
"Renningen, Stadt","6 - 10 Jahre",660,340,320
"Renningen, Stadt","10 - 15 Jahre",1043,554,489
"Renningen, Stadt","15 - 18 Jahre",605,316,289
"Renningen, Stadt","18 - 20 Jahre",405,212,193
"Renningen, Stadt","20 - 25 Jahre",957,498,459
"Renningen, Stadt","25 - 30 Jahre",953,469,484
"Renningen, Stadt","30 - 35 Jahre",1034,501,533
"Renningen, Stadt","35 - 40 Jahre",1169,589,580
"Renningen, Stadt","40 - 45 Jahre",1536,777,759
"Renningen, Stadt","45 - 50 Jahre",1542,758,784
"Renningen, Stadt","50 - 55 Jahre",1388,649,739
"Renningen, Stadt","55 - 60 Jahre",1071,514,557
"Renningen, Stadt","60 - 65 Jahre",881,437,444
"Renningen, Stadt","65 - 75 Jahre",1787,865,922
"Renningen, Stadt","75 und mehr Jahre",1301,532,769
"Renningen, Stadt","Insgesamt",17291,8489,8802
"Rutesheim, Stadt","unter 3 Jahre",272,127,145
"Rutesheim, Stadt","3 -  6 Jahre",253,124,129
"Rutesheim, Stadt","6 - 10 Jahre",412,223,189
"Rutesheim, Stadt","10 - 15 Jahre",623,331,292
"Rutesheim, Stadt","15 - 18 Jahre",371,187,184
"Rutesheim, Stadt","18 - 20 Jahre",230,120,110
"Rutesheim, Stadt","20 - 25 Jahre",532,267,265
"Rutesheim, Stadt","25 - 30 Jahre",510,269,241
"Rutesheim, Stadt","30 - 35 Jahre",565,272,293
"Rutesheim, Stadt","35 - 40 Jahre",670,349,321
"Rutesheim, Stadt","40 - 45 Jahre",916,440,476
"Rutesheim, Stadt","45 - 50 Jahre",957,480,477
"Rutesheim, Stadt","50 - 55 Jahre",797,404,393
"Rutesheim, Stadt","55 - 60 Jahre",615,301,314
"Rutesheim, Stadt","60 - 65 Jahre",597,309,288
"Rutesheim, Stadt","65 - 75 Jahre",1104,531,573
"Rutesheim, Stadt","75 und mehr Jahre",825,337,488
"Rutesheim, Stadt","Insgesamt",10249,5071,5178
"Schönaich","unter 3 Jahre",235,119,116
"Schönaich","3 -  6 Jahre",232,122,110
"Schönaich","6 - 10 Jahre",337,177,160
"Schönaich","10 - 15 Jahre",564,302,262
"Schönaich","15 - 18 Jahre",288,147,141
"Schönaich","18 - 20 Jahre",212,108,104
"Schönaich","20 - 25 Jahre",536,286,250
"Schönaich","25 - 30 Jahre",502,240,262
"Schönaich","30 - 35 Jahre",535,273,262
"Schönaich","35 - 40 Jahre",572,297,275
"Schönaich","40 - 45 Jahre",826,379,447
"Schönaich","45 - 50 Jahre",868,459,409
"Schönaich","50 - 55 Jahre",707,384,323
"Schönaich","55 - 60 Jahre",638,312,326
"Schönaich","60 - 65 Jahre",527,252,275
"Schönaich","65 - 75 Jahre",1242,589,653
"Schönaich","75 und mehr Jahre",858,369,489
"Schönaich","Insgesamt",9679,4815,4864
"Sindelfingen, Stadt","unter 3 Jahre",1748,913,835
"Sindelfingen, Stadt","3 -  6 Jahre",1684,883,801
"Sindelfingen, Stadt","6 - 10 Jahre",2309,1199,1110
"Sindelfingen, Stadt","10 - 15 Jahre",3056,1575,1481
"Sindelfingen, Stadt","15 - 18 Jahre",1918,968,950
"Sindelfingen, Stadt","18 - 20 Jahre",1301,643,658
"Sindelfingen, Stadt","20 - 25 Jahre",3404,1687,1717
"Sindelfingen, Stadt","25 - 30 Jahre",3751,1911,1840
"Sindelfingen, Stadt","30 - 35 Jahre",3951,2056,1895
"Sindelfingen, Stadt","35 - 40 Jahre",3967,2015,1952
"Sindelfingen, Stadt","40 - 45 Jahre",4640,2403,2237
"Sindelfingen, Stadt","45 - 50 Jahre",4798,2518,2280
"Sindelfingen, Stadt","50 - 55 Jahre",4363,2139,2224
"Sindelfingen, Stadt","55 - 60 Jahre",3613,1785,1828
"Sindelfingen, Stadt","60 - 65 Jahre",3326,1567,1759
"Sindelfingen, Stadt","65 - 75 Jahre",7173,3460,3713
"Sindelfingen, Stadt","75 und mehr Jahre",5443,2242,3201
"Sindelfingen, Stadt","Insgesamt",60445,29964,30481
"Steinenbronn","unter 3 Jahre",191,88,103
"Steinenbronn","3 -  6 Jahre",186,102,84
"Steinenbronn","6 - 10 Jahre",228,125,103
"Steinenbronn","10 - 15 Jahre",331,183,148
"Steinenbronn","15 - 18 Jahre",220,120,100
"Steinenbronn","18 - 20 Jahre",157,84,73
"Steinenbronn","20 - 25 Jahre",372,210,162
"Steinenbronn","25 - 30 Jahre",349,167,182
"Steinenbronn","30 - 35 Jahre",409,200,209
"Steinenbronn","35 - 40 Jahre",359,178,181
"Steinenbronn","40 - 45 Jahre",484,250,234
"Steinenbronn","45 - 50 Jahre",560,294,266
"Steinenbronn","50 - 55 Jahre",508,263,245
"Steinenbronn","55 - 60 Jahre",394,219,175
"Steinenbronn","60 - 65 Jahre",306,148,158
"Steinenbronn","65 - 75 Jahre",592,275,317
"Steinenbronn","75 und mehr Jahre",443,180,263
"Steinenbronn","Insgesamt",6089,3086,3003
"Waldenbuch, Stadt","unter 3 Jahre",220,106,114
"Waldenbuch, Stadt","3 -  6 Jahre",228,127,101
"Waldenbuch, Stadt","6 - 10 Jahre",336,176,160
"Waldenbuch, Stadt","10 - 15 Jahre",471,245,226
"Waldenbuch, Stadt","15 - 18 Jahre",279,145,134
"Waldenbuch, Stadt","18 - 20 Jahre",209,104,105
"Waldenbuch, Stadt","20 - 25 Jahre",416,224,192
"Waldenbuch, Stadt","25 - 30 Jahre",435,191,244
"Waldenbuch, Stadt","30 - 35 Jahre",495,246,249
"Waldenbuch, Stadt","35 - 40 Jahre",513,248,265
"Waldenbuch, Stadt","40 - 45 Jahre",712,370,342
"Waldenbuch, Stadt","45 - 50 Jahre",749,362,387
"Waldenbuch, Stadt","50 - 55 Jahre",709,365,344
"Waldenbuch, Stadt","55 - 60 Jahre",618,277,341
"Waldenbuch, Stadt","60 - 65 Jahre",510,266,244
"Waldenbuch, Stadt","65 - 75 Jahre",929,451,478
"Waldenbuch, Stadt","75 und mehr Jahre",698,267,431
"Waldenbuch, Stadt","Insgesamt",8527,4170,4357
"Weil der Stadt, Stadt","unter 3 Jahre",491,245,246
"Weil der Stadt, Stadt","3 -  6 Jahre",485,262,223
"Weil der Stadt, Stadt","6 - 10 Jahre",715,363,352
"Weil der Stadt, Stadt","10 - 15 Jahre",1027,528,499
"Weil der Stadt, Stadt","15 - 18 Jahre",692,362,330
"Weil der Stadt, Stadt","18 - 20 Jahre",463,228,235
"Weil der Stadt, Stadt","20 - 25 Jahre",1101,577,524
"Weil der Stadt, Stadt","25 - 30 Jahre",947,470,477
"Weil der Stadt, Stadt","30 - 35 Jahre",1090,532,558
"Weil der Stadt, Stadt","35 - 40 Jahre",1115,562,553
"Weil der Stadt, Stadt","40 - 45 Jahre",1610,846,764
"Weil der Stadt, Stadt","45 - 50 Jahre",1668,874,794
"Weil der Stadt, Stadt","50 - 55 Jahre",1484,760,724
"Weil der Stadt, Stadt","55 - 60 Jahre",1290,616,674
"Weil der Stadt, Stadt","60 - 65 Jahre",1001,500,501
"Weil der Stadt, Stadt","65 - 75 Jahre",2104,1017,1087
"Weil der Stadt, Stadt","75 und mehr Jahre",1581,623,958
"Weil der Stadt, Stadt","Insgesamt",18864,9365,9499
"Weil im Schönbuch","unter 3 Jahre",218,115,103
"Weil im Schönbuch","3 -  6 Jahre",283,135,148
"Weil im Schönbuch","6 - 10 Jahre",449,232,217
"Weil im Schönbuch","10 - 15 Jahre",676,332,344
"Weil im Schönbuch","15 - 18 Jahre",358,169,189
"Weil im Schönbuch","18 - 20 Jahre",215,115,100
"Weil im Schönbuch","20 - 25 Jahre",489,270,219
"Weil im Schönbuch","25 - 30 Jahre",457,222,235
"Weil im Schönbuch","30 - 35 Jahre",473,224,249
"Weil im Schönbuch","35 - 40 Jahre",596,254,342
"Weil im Schönbuch","40 - 45 Jahre",950,513,437
"Weil im Schönbuch","45 - 50 Jahre",933,463,470
"Weil im Schönbuch","50 - 55 Jahre",773,425,348
"Weil im Schönbuch","55 - 60 Jahre",582,269,313
"Weil im Schönbuch","60 - 65 Jahre",503,250,253
"Weil im Schönbuch","65 - 75 Jahre",1075,529,546
"Weil im Schönbuch","75 und mehr Jahre",747,291,456
"Weil im Schönbuch","Insgesamt",9777,4808,4969
"Weissach","unter 3 Jahre",183,98,85
"Weissach","3 -  6 Jahre",191,99,92
"Weissach","6 - 10 Jahre",289,140,149
"Weissach","10 - 15 Jahre",440,230,210
"Weissach","15 - 18 Jahre",285,151,134
"Weissach","18 - 20 Jahre",225,120,105
"Weissach","20 - 25 Jahre",396,212,184
"Weissach","25 - 30 Jahre",384,209,175
"Weissach","30 - 35 Jahre",326,172,154
"Weissach","35 - 40 Jahre",414,194,220
"Weissach","40 - 45 Jahre",648,322,326
"Weissach","45 - 50 Jahre",693,337,356
"Weissach","50 - 55 Jahre",606,307,299
"Weissach","55 - 60 Jahre",533,265,268
"Weissach","60 - 65 Jahre",376,174,202
"Weissach","65 - 75 Jahre",822,415,407
"Weissach","75 und mehr Jahre",587,239,348
"Weissach","Insgesamt",7398,3684,3714
"Jettingen","unter 3 Jahre",204,106,98
"Jettingen","3 -  6 Jahre",209,108,101
"Jettingen","6 - 10 Jahre",328,175,153
"Jettingen","10 - 15 Jahre",514,253,261
"Jettingen","15 - 18 Jahre",308,149,159
"Jettingen","18 - 20 Jahre",212,107,105
"Jettingen","20 - 25 Jahre",510,264,246
"Jettingen","25 - 30 Jahre",401,212,189
"Jettingen","30 - 35 Jahre",425,211,214
"Jettingen","35 - 40 Jahre",468,219,249
"Jettingen","40 - 45 Jahre",618,276,342
"Jettingen","45 - 50 Jahre",714,347,367
"Jettingen","50 - 55 Jahre",629,320,309
"Jettingen","55 - 60 Jahre",481,243,238
"Jettingen","60 - 65 Jahre",371,195,176
"Jettingen","65 - 75 Jahre",716,357,359
"Jettingen","75 und mehr Jahre",463,175,288
"Jettingen","Insgesamt",7571,3717,3854
"Grafenau","unter 3 Jahre",167,83,84
"Grafenau","3 -  6 Jahre",157,83,74
"Grafenau","6 - 10 Jahre",253,124,129
"Grafenau","10 - 15 Jahre",404,213,191
"Grafenau","15 - 18 Jahre",193,102,91
"Grafenau","18 - 20 Jahre",138,81,57
"Grafenau","20 - 25 Jahre",320,158,162
"Grafenau","25 - 30 Jahre",301,154,147
"Grafenau","30 - 35 Jahre",390,176,214
"Grafenau","35 - 40 Jahre",446,236,210
"Grafenau","40 - 45 Jahre",588,292,296
"Grafenau","45 - 50 Jahre",607,315,292
"Grafenau","50 - 55 Jahre",475,254,221
"Grafenau","55 - 60 Jahre",426,213,213
"Grafenau","60 - 65 Jahre",368,179,189
"Grafenau","65 - 75 Jahre",745,385,360
"Grafenau","75 und mehr Jahre",538,234,304
"Grafenau","Insgesamt",6516,3282,3234
"Landkreis Esslingen","unter 3 Jahre",13734,7025,6709
"Landkreis Esslingen","3 -  6 Jahre",14106,7285,6821
"Landkreis Esslingen","6 - 10 Jahre",19695,10126,9569
"Landkreis Esslingen","10 - 15 Jahre",27091,13818,13273
"Landkreis Esslingen","15 - 18 Jahre",16627,8466,8161
"Landkreis Esslingen","18 - 20 Jahre",11226,5820,5406
"Landkreis Esslingen","20 - 25 Jahre",28873,14864,14009
"Landkreis Esslingen","25 - 30 Jahre",29533,14677,14856
"Landkreis Esslingen","30 - 35 Jahre",31310,15397,15913
"Landkreis Esslingen","35 - 40 Jahre",33308,16767,16541
"Landkreis Esslingen","40 - 45 Jahre",42930,21616,21314
"Landkreis Esslingen","45 - 50 Jahre",44760,23017,21743
"Landkreis Esslingen","50 - 55 Jahre",37928,19150,18778
"Landkreis Esslingen","55 - 60 Jahre",31453,15305,16148
"Landkreis Esslingen","60 - 65 Jahre",28804,13957,14847
"Landkreis Esslingen","65 - 75 Jahre",58111,27768,30343
"Landkreis Esslingen","75 und mehr Jahre",45341,18175,27166
"Landkreis Esslingen","Insgesamt",514830,253233,261597
"Altbach","unter 3 Jahre",161,79,82
"Altbach","3 -  6 Jahre",146,86,60
"Altbach","6 - 10 Jahre",251,120,131
"Altbach","10 - 15 Jahre",268,143,125
"Altbach","15 - 18 Jahre",154,81,73
"Altbach","18 - 20 Jahre",108,57,51
"Altbach","20 - 25 Jahre",300,154,146
"Altbach","25 - 30 Jahre",389,192,197
"Altbach","30 - 35 Jahre",394,201,193
"Altbach","35 - 40 Jahre",354,180,174
"Altbach","40 - 45 Jahre",527,267,260
"Altbach","45 - 50 Jahre",481,262,219
"Altbach","50 - 55 Jahre",390,211,179
"Altbach","55 - 60 Jahre",291,130,161
"Altbach","60 - 65 Jahre",336,152,184
"Altbach","65 - 75 Jahre",749,364,385
"Altbach","75 und mehr Jahre",541,220,321
"Altbach","Insgesamt",5840,2899,2941
"Altdorf","unter 3 Jahre",51,28,23
"Altdorf","3 -  6 Jahre",55,30,25
"Altdorf","6 - 10 Jahre",91,55,36
"Altdorf","10 - 15 Jahre",100,52,48
"Altdorf","15 - 18 Jahre",52,32,20
"Altdorf","18 - 20 Jahre",44,23,21
"Altdorf","20 - 25 Jahre",84,42,42
"Altdorf","25 - 30 Jahre",81,33,48
"Altdorf","30 - 35 Jahre",76,32,44
"Altdorf","35 - 40 Jahre",103,45,58
"Altdorf","40 - 45 Jahre",146,77,69
"Altdorf","45 - 50 Jahre",143,81,62
"Altdorf","50 - 55 Jahre",112,54,58
"Altdorf","55 - 60 Jahre",81,45,36
"Altdorf","60 - 65 Jahre",79,43,36
"Altdorf","65 - 75 Jahre",120,63,57
"Altdorf","75 und mehr Jahre",66,23,43
"Altdorf","Insgesamt",1484,758,726
"Altenriet","unter 3 Jahre",48,26,22
"Altenriet","3 -  6 Jahre",58,33,25
"Altenriet","6 - 10 Jahre",104,57,47
"Altenriet","10 - 15 Jahre",132,67,65
"Altenriet","15 - 18 Jahre",75,46,29
"Altenriet","18 - 20 Jahre",44,24,20
"Altenriet","20 - 25 Jahre",102,50,52
"Altenriet","25 - 30 Jahre",88,44,44
"Altenriet","30 - 35 Jahre",102,46,56
"Altenriet","35 - 40 Jahre",128,58,70
"Altenriet","40 - 45 Jahre",182,79,103
"Altenriet","45 - 50 Jahre",195,107,88
"Altenriet","50 - 55 Jahre",159,73,86
"Altenriet","55 - 60 Jahre",116,56,60
"Altenriet","60 - 65 Jahre",110,57,53
"Altenriet","65 - 75 Jahre",184,95,89
"Altenriet","75 und mehr Jahre",106,45,61
"Altenriet","Insgesamt",1933,963,970
"Baltmannsweiler","unter 3 Jahre",156,79,77
"Baltmannsweiler","3 -  6 Jahre",148,81,67
"Baltmannsweiler","6 - 10 Jahre",237,118,119
"Baltmannsweiler","10 - 15 Jahre",362,188,174
"Baltmannsweiler","15 - 18 Jahre",204,101,103
"Baltmannsweiler","18 - 20 Jahre",137,80,57
"Baltmannsweiler","20 - 25 Jahre",277,153,124
"Baltmannsweiler","25 - 30 Jahre",234,113,121
"Baltmannsweiler","30 - 35 Jahre",275,136,139
"Baltmannsweiler","35 - 40 Jahre",312,143,169
"Baltmannsweiler","40 - 45 Jahre",458,226,232
"Baltmannsweiler","45 - 50 Jahre",514,266,248
"Baltmannsweiler","50 - 55 Jahre",375,204,171
"Baltmannsweiler","55 - 60 Jahre",338,158,180
"Baltmannsweiler","60 - 65 Jahre",317,156,161
"Baltmannsweiler","65 - 75 Jahre",710,328,382
"Baltmannsweiler","75 und mehr Jahre",500,204,296
"Baltmannsweiler","Insgesamt",5554,2734,2820
"Bempflingen","unter 3 Jahre",90,50,40
"Bempflingen","3 -  6 Jahre",93,53,40
"Bempflingen","6 - 10 Jahre",130,74,56
"Bempflingen","10 - 15 Jahre",200,98,102
"Bempflingen","15 - 18 Jahre",117,58,59
"Bempflingen","18 - 20 Jahre",66,35,31
"Bempflingen","20 - 25 Jahre",197,94,103
"Bempflingen","25 - 30 Jahre",164,72,92
"Bempflingen","30 - 35 Jahre",166,68,98
"Bempflingen","35 - 40 Jahre",239,140,99
"Bempflingen","40 - 45 Jahre",275,125,150
"Bempflingen","45 - 50 Jahre",303,159,144
"Bempflingen","50 - 55 Jahre",242,116,126
"Bempflingen","55 - 60 Jahre",197,101,96
"Bempflingen","60 - 65 Jahre",168,79,89
"Bempflingen","65 - 75 Jahre",416,204,212
"Bempflingen","75 und mehr Jahre",285,115,170
"Bempflingen","Insgesamt",3348,1641,1707
"Beuren","unter 3 Jahre",86,48,38
"Beuren","3 -  6 Jahre",77,35,42
"Beuren","6 - 10 Jahre",114,53,61
"Beuren","10 - 15 Jahre",158,77,81
"Beuren","15 - 18 Jahre",106,47,59
"Beuren","18 - 20 Jahre",83,45,38
"Beuren","20 - 25 Jahre",217,127,90
"Beuren","25 - 30 Jahre",162,85,77
"Beuren","30 - 35 Jahre",179,88,91
"Beuren","35 - 40 Jahre",164,94,70
"Beuren","40 - 45 Jahre",258,133,125
"Beuren","45 - 50 Jahre",267,135,132
"Beuren","50 - 55 Jahre",285,142,143
"Beuren","55 - 60 Jahre",219,112,107
"Beuren","60 - 65 Jahre",160,87,73
"Beuren","65 - 75 Jahre",407,179,228
"Beuren","75 und mehr Jahre",417,163,254
"Beuren","Insgesamt",3359,1650,1709
"Bissingen an der Teck","unter 3 Jahre",77,44,33
"Bissingen an der Teck","3 -  6 Jahre",84,55,29
"Bissingen an der Teck","6 - 10 Jahre",142,65,77
"Bissingen an der Teck","10 - 15 Jahre",211,118,93
"Bissingen an der Teck","15 - 18 Jahre",140,75,65
"Bissingen an der Teck","18 - 20 Jahre",94,50,44
"Bissingen an der Teck","20 - 25 Jahre",186,89,97
"Bissingen an der Teck","25 - 30 Jahre",188,104,84
"Bissingen an der Teck","30 - 35 Jahre",178,97,81
"Bissingen an der Teck","35 - 40 Jahre",245,110,135
"Bissingen an der Teck","40 - 45 Jahre",290,141,149
"Bissingen an der Teck","45 - 50 Jahre",332,167,165
"Bissingen an der Teck","50 - 55 Jahre",276,142,134
"Bissingen an der Teck","55 - 60 Jahre",234,119,115
"Bissingen an der Teck","60 - 65 Jahre",190,86,104
"Bissingen an der Teck","65 - 75 Jahre",361,180,181
"Bissingen an der Teck","75 und mehr Jahre",295,126,169
"Bissingen an der Teck","Insgesamt",3523,1768,1755
"Deizisau","unter 3 Jahre",138,67,71
"Deizisau","3 -  6 Jahre",160,87,73
"Deizisau","6 - 10 Jahre",290,158,132
"Deizisau","10 - 15 Jahre",375,218,157
"Deizisau","15 - 18 Jahre",223,123,100
"Deizisau","18 - 20 Jahre",136,71,65
"Deizisau","20 - 25 Jahre",330,172,158
"Deizisau","25 - 30 Jahre",378,190,188
"Deizisau","30 - 35 Jahre",335,179,156
"Deizisau","35 - 40 Jahre",387,179,208
"Deizisau","40 - 45 Jahre",599,295,304
"Deizisau","45 - 50 Jahre",607,306,301
"Deizisau","50 - 55 Jahre",420,216,204
"Deizisau","55 - 60 Jahre",377,185,192
"Deizisau","60 - 65 Jahre",345,155,190
"Deizisau","65 - 75 Jahre",789,370,419
"Deizisau","75 und mehr Jahre",531,225,306
"Deizisau","Insgesamt",6420,3196,3224
"Denkendorf","unter 3 Jahre",282,147,135
"Denkendorf","3 -  6 Jahre",283,140,143
"Denkendorf","6 - 10 Jahre",416,213,203
"Denkendorf","10 - 15 Jahre",605,296,309
"Denkendorf","15 - 18 Jahre",355,201,154
"Denkendorf","18 - 20 Jahre",230,108,122
"Denkendorf","20 - 25 Jahre",621,315,306
"Denkendorf","25 - 30 Jahre",610,312,298
"Denkendorf","30 - 35 Jahre",681,338,343
"Denkendorf","35 - 40 Jahre",680,332,348
"Denkendorf","40 - 45 Jahre",873,448,425
"Denkendorf","45 - 50 Jahre",860,448,412
"Denkendorf","50 - 55 Jahre",730,356,374
"Denkendorf","55 - 60 Jahre",619,298,321
"Denkendorf","60 - 65 Jahre",575,297,278
"Denkendorf","65 - 75 Jahre",1186,554,632
"Denkendorf","75 und mehr Jahre",861,371,490
"Denkendorf","Insgesamt",10467,5174,5293
"Dettingen unter Teck","unter 3 Jahre",173,89,84
"Dettingen unter Teck","3 -  6 Jahre",154,86,68
"Dettingen unter Teck","6 - 10 Jahre",244,130,114
"Dettingen unter Teck","10 - 15 Jahre",306,156,150
"Dettingen unter Teck","15 - 18 Jahre",180,104,76
"Dettingen unter Teck","18 - 20 Jahre",115,51,64
"Dettingen unter Teck","20 - 25 Jahre",277,144,133
"Dettingen unter Teck","25 - 30 Jahre",300,149,151
"Dettingen unter Teck","30 - 35 Jahre",314,170,144
"Dettingen unter Teck","35 - 40 Jahre",378,189,189
"Dettingen unter Teck","40 - 45 Jahre",454,244,210
"Dettingen unter Teck","45 - 50 Jahre",419,222,197
"Dettingen unter Teck","50 - 55 Jahre",392,192,200
"Dettingen unter Teck","55 - 60 Jahre",377,173,204
"Dettingen unter Teck","60 - 65 Jahre",341,174,167
"Dettingen unter Teck","65 - 75 Jahre",694,347,347
"Dettingen unter Teck","75 und mehr Jahre",580,221,359
"Dettingen unter Teck","Insgesamt",5698,2841,2857
"Erkenbrechtsweiler","unter 3 Jahre",57,33,24
"Erkenbrechtsweiler","3 -  6 Jahre",50,23,27
"Erkenbrechtsweiler","6 - 10 Jahre",86,38,48
"Erkenbrechtsweiler","10 - 15 Jahre",128,65,63
"Erkenbrechtsweiler","15 - 18 Jahre",83,44,39
"Erkenbrechtsweiler","18 - 20 Jahre",76,43,33
"Erkenbrechtsweiler","20 - 25 Jahre",116,60,56
"Erkenbrechtsweiler","25 - 30 Jahre",96,42,54
"Erkenbrechtsweiler","30 - 35 Jahre",102,51,51
"Erkenbrechtsweiler","35 - 40 Jahre",131,68,63
"Erkenbrechtsweiler","40 - 45 Jahre",165,77,88
"Erkenbrechtsweiler","45 - 50 Jahre",194,95,99
"Erkenbrechtsweiler","50 - 55 Jahre",179,100,79
"Erkenbrechtsweiler","55 - 60 Jahre",148,74,74
"Erkenbrechtsweiler","60 - 65 Jahre",125,66,59
"Erkenbrechtsweiler","65 - 75 Jahre",221,102,119
"Erkenbrechtsweiler","75 und mehr Jahre",145,51,94
"Erkenbrechtsweiler","Insgesamt",2102,1032,1070
"Esslingen am Neckar, Stadt","unter 3 Jahre",2535,1294,1241
"Esslingen am Neckar, Stadt","3 -  6 Jahre",2494,1258,1236
"Esslingen am Neckar, Stadt","6 - 10 Jahre",3231,1651,1580
"Esslingen am Neckar, Stadt","10 - 15 Jahre",4332,2188,2144
"Esslingen am Neckar, Stadt","15 - 18 Jahre",2529,1286,1243
"Esslingen am Neckar, Stadt","18 - 20 Jahre",1778,912,866
"Esslingen am Neckar, Stadt","20 - 25 Jahre",4969,2575,2394
"Esslingen am Neckar, Stadt","25 - 30 Jahre",5941,2891,3050
"Esslingen am Neckar, Stadt","30 - 35 Jahre",6288,3125,3163
"Esslingen am Neckar, Stadt","35 - 40 Jahre",6154,3194,2960
"Esslingen am Neckar, Stadt","40 - 45 Jahre",7222,3777,3445
"Esslingen am Neckar, Stadt","45 - 50 Jahre",7671,4034,3637
"Esslingen am Neckar, Stadt","50 - 55 Jahre",6463,3285,3178
"Esslingen am Neckar, Stadt","55 - 60 Jahre",5254,2567,2687
"Esslingen am Neckar, Stadt","60 - 65 Jahre",5033,2393,2640
"Esslingen am Neckar, Stadt","65 - 75 Jahre",10853,5174,5679
"Esslingen am Neckar, Stadt","75 und mehr Jahre",9122,3598,5524
"Esslingen am Neckar, Stadt","Insgesamt",91869,45202,46667
"Frickenhausen","unter 3 Jahre",208,115,93
"Frickenhausen","3 -  6 Jahre",221,106,115
"Frickenhausen","6 - 10 Jahre",317,172,145
"Frickenhausen","10 - 15 Jahre",490,252,238
"Frickenhausen","15 - 18 Jahre",324,163,161
"Frickenhausen","18 - 20 Jahre",232,119,113
"Frickenhausen","20 - 25 Jahre",492,245,247
"Frickenhausen","25 - 30 Jahre",415,219,196
"Frickenhausen","30 - 35 Jahre",456,213,243
"Frickenhausen","35 - 40 Jahre",486,238,248
"Frickenhausen","40 - 45 Jahre",700,348,352
"Frickenhausen","45 - 50 Jahre",795,412,383
"Frickenhausen","50 - 55 Jahre",653,345,308
"Frickenhausen","55 - 60 Jahre",554,264,290
"Frickenhausen","60 - 65 Jahre",533,264,269
"Frickenhausen","65 - 75 Jahre",1083,527,556
"Frickenhausen","75 und mehr Jahre",801,364,437
"Frickenhausen","Insgesamt",8760,4366,4394
"Großbettlingen","unter 3 Jahre",120,64,56
"Großbettlingen","3 -  6 Jahre",138,72,66
"Großbettlingen","6 - 10 Jahre",181,98,83
"Großbettlingen","10 - 15 Jahre",232,115,117
"Großbettlingen","15 - 18 Jahre",176,79,97
"Großbettlingen","18 - 20 Jahre",95,44,51
"Großbettlingen","20 - 25 Jahre",210,92,118
"Großbettlingen","25 - 30 Jahre",213,103,110
"Großbettlingen","30 - 35 Jahre",245,122,123
"Großbettlingen","35 - 40 Jahre",265,130,135
"Großbettlingen","40 - 45 Jahre",342,167,175
"Großbettlingen","45 - 50 Jahre",393,203,190
"Großbettlingen","50 - 55 Jahre",273,137,136
"Großbettlingen","55 - 60 Jahre",269,123,146
"Großbettlingen","60 - 65 Jahre",234,121,113
"Großbettlingen","65 - 75 Jahre",474,229,245
"Großbettlingen","75 und mehr Jahre",321,113,208
"Großbettlingen","Insgesamt",4181,2012,2169
"Hochdorf","unter 3 Jahre",127,67,60
"Hochdorf","3 -  6 Jahre",122,65,57
"Hochdorf","6 - 10 Jahre",152,77,75
"Hochdorf","10 - 15 Jahre",243,121,122
"Hochdorf","15 - 18 Jahre",166,77,89
"Hochdorf","18 - 20 Jahre",101,59,42
"Hochdorf","20 - 25 Jahre",207,106,101
"Hochdorf","25 - 30 Jahre",224,109,115
"Hochdorf","30 - 35 Jahre",292,137,155
"Hochdorf","35 - 40 Jahre",285,161,124
"Hochdorf","40 - 45 Jahre",440,224,216
"Hochdorf","45 - 50 Jahre",364,167,197
"Hochdorf","50 - 55 Jahre",354,185,169
"Hochdorf","55 - 60 Jahre",301,145,156
"Hochdorf","60 - 65 Jahre",278,143,135
"Hochdorf","65 - 75 Jahre",577,271,306
"Hochdorf","75 und mehr Jahre",460,182,278
"Hochdorf","Insgesamt",4693,2296,2397
"Holzmaden","unter 3 Jahre",46,31,15
"Holzmaden","3 -  6 Jahre",59,27,32
"Holzmaden","6 - 10 Jahre",90,43,47
"Holzmaden","10 - 15 Jahre",148,66,82
"Holzmaden","15 - 18 Jahre",84,40,44
"Holzmaden","18 - 20 Jahre",65,37,28
"Holzmaden","20 - 25 Jahre",115,65,50
"Holzmaden","25 - 30 Jahre",95,45,50
"Holzmaden","30 - 35 Jahre",129,74,55
"Holzmaden","35 - 40 Jahre",126,60,66
"Holzmaden","40 - 45 Jahre",194,91,103
"Holzmaden","45 - 50 Jahre",230,119,111
"Holzmaden","50 - 55 Jahre",180,84,96
"Holzmaden","55 - 60 Jahre",127,69,58
"Holzmaden","60 - 65 Jahre",106,53,53
"Holzmaden","65 - 75 Jahre",181,90,91
"Holzmaden","75 und mehr Jahre",156,68,88
"Holzmaden","Insgesamt",2131,1062,1069
"Kirchheim unter Teck, Stadt","unter 3 Jahre",1012,506,506
"Kirchheim unter Teck, Stadt","3 -  6 Jahre",1091,563,528
"Kirchheim unter Teck, Stadt","6 - 10 Jahre",1398,727,671
"Kirchheim unter Teck, Stadt","10 - 15 Jahre",2148,1082,1066
"Kirchheim unter Teck, Stadt","15 - 18 Jahre",1361,688,673
"Kirchheim unter Teck, Stadt","18 - 20 Jahre",894,477,417
"Kirchheim unter Teck, Stadt","20 - 25 Jahre",2261,1156,1105
"Kirchheim unter Teck, Stadt","25 - 30 Jahre",2233,1092,1141
"Kirchheim unter Teck, Stadt","30 - 35 Jahre",2336,1160,1176
"Kirchheim unter Teck, Stadt","35 - 40 Jahre",2534,1309,1225
"Kirchheim unter Teck, Stadt","40 - 45 Jahre",3213,1558,1655
"Kirchheim unter Teck, Stadt","45 - 50 Jahre",3365,1687,1678
"Kirchheim unter Teck, Stadt","50 - 55 Jahre",3138,1546,1592
"Kirchheim unter Teck, Stadt","55 - 60 Jahre",2690,1301,1389
"Kirchheim unter Teck, Stadt","60 - 65 Jahre",2181,1086,1095
"Kirchheim unter Teck, Stadt","65 - 75 Jahre",4224,2001,2223
"Kirchheim unter Teck, Stadt","75 und mehr Jahre",3780,1433,2347
"Kirchheim unter Teck, Stadt","Insgesamt",39859,19372,20487
"Köngen","unter 3 Jahre",216,124,92
"Köngen","3 -  6 Jahre",255,126,129
"Köngen","6 - 10 Jahre",375,207,168
"Köngen","10 - 15 Jahre",557,293,264
"Köngen","15 - 18 Jahre",355,184,171
"Köngen","18 - 20 Jahre",250,136,114
"Köngen","20 - 25 Jahre",547,304,243
"Köngen","25 - 30 Jahre",498,248,250
"Köngen","30 - 35 Jahre",519,245,274
"Köngen","35 - 40 Jahre",605,283,322
"Köngen","40 - 45 Jahre",910,447,463
"Köngen","45 - 50 Jahre",966,483,483
"Köngen","50 - 55 Jahre",676,343,333
"Köngen","55 - 60 Jahre",546,271,275
"Köngen","60 - 65 Jahre",527,257,270
"Köngen","65 - 75 Jahre",990,475,515
"Köngen","75 und mehr Jahre",821,306,515
"Köngen","Insgesamt",9613,4732,4881
"Kohlberg","unter 3 Jahre",75,40,35
"Kohlberg","3 -  6 Jahre",78,50,28
"Kohlberg","6 - 10 Jahre",89,39,50
"Kohlberg","10 - 15 Jahre",133,61,72
"Kohlberg","15 - 18 Jahre",73,35,38
"Kohlberg","18 - 20 Jahre",55,33,22
"Kohlberg","20 - 25 Jahre",129,75,54
"Kohlberg","25 - 30 Jahre",122,71,51
"Kohlberg","30 - 35 Jahre",133,68,65
"Kohlberg","35 - 40 Jahre",153,82,71
"Kohlberg","40 - 45 Jahre",181,87,94
"Kohlberg","45 - 50 Jahre",194,103,91
"Kohlberg","50 - 55 Jahre",166,80,86
"Kohlberg","55 - 60 Jahre",131,63,68
"Kohlberg","60 - 65 Jahre",140,66,74
"Kohlberg","65 - 75 Jahre",264,132,132
"Kohlberg","75 und mehr Jahre",161,56,105
"Kohlberg","Insgesamt",2277,1141,1136
"Lichtenwald","unter 3 Jahre",49,27,22
"Lichtenwald","3 -  6 Jahre",48,23,25
"Lichtenwald","6 - 10 Jahre",67,34,33
"Lichtenwald","10 - 15 Jahre",138,64,74
"Lichtenwald","15 - 18 Jahre",83,35,48
"Lichtenwald","18 - 20 Jahre",61,26,35
"Lichtenwald","20 - 25 Jahre",126,70,56
"Lichtenwald","25 - 30 Jahre",124,61,63
"Lichtenwald","30 - 35 Jahre",117,60,57
"Lichtenwald","35 - 40 Jahre",129,69,60
"Lichtenwald","40 - 45 Jahre",180,89,91
"Lichtenwald","45 - 50 Jahre",233,110,123
"Lichtenwald","50 - 55 Jahre",189,99,90
"Lichtenwald","55 - 60 Jahre",173,87,86
"Lichtenwald","60 - 65 Jahre",183,85,98
"Lichtenwald","65 - 75 Jahre",317,158,159
"Lichtenwald","75 und mehr Jahre",224,102,122
"Lichtenwald","Insgesamt",2441,1199,1242
"Neckartailfingen","unter 3 Jahre",100,57,43
"Neckartailfingen","3 -  6 Jahre",106,52,54
"Neckartailfingen","6 - 10 Jahre",167,94,73
"Neckartailfingen","10 - 15 Jahre",205,107,98
"Neckartailfingen","15 - 18 Jahre",144,71,73
"Neckartailfingen","18 - 20 Jahre",92,53,39
"Neckartailfingen","20 - 25 Jahre",204,110,94
"Neckartailfingen","25 - 30 Jahre",200,101,99
"Neckartailfingen","30 - 35 Jahre",232,102,130
"Neckartailfingen","35 - 40 Jahre",255,125,130
"Neckartailfingen","40 - 45 Jahre",334,163,171
"Neckartailfingen","45 - 50 Jahre",337,181,156
"Neckartailfingen","50 - 55 Jahre",309,157,152
"Neckartailfingen","55 - 60 Jahre",215,102,113
"Neckartailfingen","60 - 65 Jahre",196,100,96
"Neckartailfingen","65 - 75 Jahre",386,184,202
"Neckartailfingen","75 und mehr Jahre",289,129,160
"Neckartailfingen","Insgesamt",3771,1888,1883
"Neckartenzlingen","unter 3 Jahre",144,76,68
"Neckartenzlingen","3 -  6 Jahre",184,93,91
"Neckartenzlingen","6 - 10 Jahre",227,133,94
"Neckartenzlingen","10 - 15 Jahre",332,171,161
"Neckartenzlingen","15 - 18 Jahre",206,102,104
"Neckartenzlingen","18 - 20 Jahre",129,57,72
"Neckartenzlingen","20 - 25 Jahre",364,196,168
"Neckartenzlingen","25 - 30 Jahre",369,198,171
"Neckartenzlingen","30 - 35 Jahre",373,176,197
"Neckartenzlingen","35 - 40 Jahre",415,210,205
"Neckartenzlingen","40 - 45 Jahre",531,288,243
"Neckartenzlingen","45 - 50 Jahre",480,230,250
"Neckartenzlingen","50 - 55 Jahre",484,248,236
"Neckartenzlingen","55 - 60 Jahre",416,201,215
"Neckartenzlingen","60 - 65 Jahre",388,193,195
"Neckartenzlingen","65 - 75 Jahre",689,340,349
"Neckartenzlingen","75 und mehr Jahre",419,162,257
"Neckartenzlingen","Insgesamt",6150,3074,3076
"Neidlingen","unter 3 Jahre",57,27,30
"Neidlingen","3 -  6 Jahre",41,28,13
"Neidlingen","6 - 10 Jahre",69,31,38
"Neidlingen","10 - 15 Jahre",112,62,50
"Neidlingen","15 - 18 Jahre",76,36,40
"Neidlingen","18 - 20 Jahre",38,20,18
"Neidlingen","20 - 25 Jahre",90,47,43
"Neidlingen","25 - 30 Jahre",85,37,48
"Neidlingen","30 - 35 Jahre",112,41,71
"Neidlingen","35 - 40 Jahre",113,66,47
"Neidlingen","40 - 45 Jahre",152,77,75
"Neidlingen","45 - 50 Jahre",177,98,79
"Neidlingen","50 - 55 Jahre",137,67,70
"Neidlingen","55 - 60 Jahre",107,57,50
"Neidlingen","60 - 65 Jahre",107,50,57
"Neidlingen","65 - 75 Jahre",188,93,95
"Neidlingen","75 und mehr Jahre",157,63,94
"Neidlingen","Insgesamt",1818,900,918
"Neuffen, Stadt","unter 3 Jahre",155,83,72
"Neuffen, Stadt","3 -  6 Jahre",170,99,71
"Neuffen, Stadt","6 - 10 Jahre",233,110,123
"Neuffen, Stadt","10 - 15 Jahre",361,180,181
"Neuffen, Stadt","15 - 18 Jahre",234,128,106
"Neuffen, Stadt","18 - 20 Jahre",148,76,72
"Neuffen, Stadt","20 - 25 Jahre",356,167,189
"Neuffen, Stadt","25 - 30 Jahre",275,153,122
"Neuffen, Stadt","30 - 35 Jahre",322,135,187
"Neuffen, Stadt","35 - 40 Jahre",388,195,193
"Neuffen, Stadt","40 - 45 Jahre",564,288,276
"Neuffen, Stadt","45 - 50 Jahre",513,265,248
"Neuffen, Stadt","50 - 55 Jahre",486,253,233
"Neuffen, Stadt","55 - 60 Jahre",407,203,204
"Neuffen, Stadt","60 - 65 Jahre",341,156,185
"Neuffen, Stadt","65 - 75 Jahre",672,328,344
"Neuffen, Stadt","75 und mehr Jahre",539,223,316
"Neuffen, Stadt","Insgesamt",6164,3042,3122
"Neuhausen auf den Fildern","unter 3 Jahre",304,146,158
"Neuhausen auf den Fildern","3 -  6 Jahre",335,170,165
"Neuhausen auf den Fildern","6 - 10 Jahre",489,241,248
"Neuhausen auf den Fildern","10 - 15 Jahre",596,291,305
"Neuhausen auf den Fildern","15 - 18 Jahre",370,191,179
"Neuhausen auf den Fildern","18 - 20 Jahre",266,134,132
"Neuhausen auf den Fildern","20 - 25 Jahre",619,305,314
"Neuhausen auf den Fildern","25 - 30 Jahre",715,342,373
"Neuhausen auf den Fildern","30 - 35 Jahre",705,348,357
"Neuhausen auf den Fildern","35 - 40 Jahre",769,381,388
"Neuhausen auf den Fildern","40 - 45 Jahre",910,444,466
"Neuhausen auf den Fildern","45 - 50 Jahre",1022,545,477
"Neuhausen auf den Fildern","50 - 55 Jahre",820,433,387
"Neuhausen auf den Fildern","55 - 60 Jahre",596,268,328
"Neuhausen auf den Fildern","60 - 65 Jahre",667,324,343
"Neuhausen auf den Fildern","65 - 75 Jahre",1216,573,643
"Neuhausen auf den Fildern","75 und mehr Jahre",950,390,560
"Neuhausen auf den Fildern","Insgesamt",11349,5526,5823
"Notzingen","unter 3 Jahre",89,57,32
"Notzingen","3 -  6 Jahre",102,59,43
"Notzingen","6 - 10 Jahre",146,72,74
"Notzingen","10 - 15 Jahre",185,94,91
"Notzingen","15 - 18 Jahre",121,64,57
"Notzingen","18 - 20 Jahre",84,56,28
"Notzingen","20 - 25 Jahre",201,113,88
"Notzingen","25 - 30 Jahre",162,74,88
"Notzingen","30 - 35 Jahre",182,90,92
"Notzingen","35 - 40 Jahre",203,96,107
"Notzingen","40 - 45 Jahre",274,150,124
"Notzingen","45 - 50 Jahre",326,187,139
"Notzingen","50 - 55 Jahre",310,145,165
"Notzingen","55 - 60 Jahre",274,144,130
"Notzingen","60 - 65 Jahre",209,99,110
"Notzingen","65 - 75 Jahre",395,183,212
"Notzingen","75 und mehr Jahre",289,117,172
"Notzingen","Insgesamt",3552,1800,1752
"Nürtingen, Stadt","unter 3 Jahre",1039,522,517
"Nürtingen, Stadt","3 -  6 Jahre",1128,586,542
"Nürtingen, Stadt","6 - 10 Jahre",1574,796,778
"Nürtingen, Stadt","10 - 15 Jahre",2053,1043,1010
"Nürtingen, Stadt","15 - 18 Jahre",1289,655,634
"Nürtingen, Stadt","18 - 20 Jahre",892,468,424
"Nürtingen, Stadt","20 - 25 Jahre",2669,1353,1316
"Nürtingen, Stadt","25 - 30 Jahre",2388,1245,1143
"Nürtingen, Stadt","30 - 35 Jahre",2151,1041,1110
"Nürtingen, Stadt","35 - 40 Jahre",2493,1220,1273
"Nürtingen, Stadt","40 - 45 Jahre",3295,1679,1616
"Nürtingen, Stadt","45 - 50 Jahre",3399,1720,1679
"Nürtingen, Stadt","50 - 55 Jahre",2891,1418,1473
"Nürtingen, Stadt","55 - 60 Jahre",2523,1243,1280
"Nürtingen, Stadt","60 - 65 Jahre",2285,1131,1154
"Nürtingen, Stadt","65 - 75 Jahre",4544,2171,2373
"Nürtingen, Stadt","75 und mehr Jahre",3751,1496,2255
"Nürtingen, Stadt","Insgesamt",40364,19787,20577
"Oberboihingen","unter 3 Jahre",135,67,68
"Oberboihingen","3 -  6 Jahre",145,78,67
"Oberboihingen","6 - 10 Jahre",221,112,109
"Oberboihingen","10 - 15 Jahre",279,130,149
"Oberboihingen","15 - 18 Jahre",163,81,82
"Oberboihingen","18 - 20 Jahre",117,56,61
"Oberboihingen","20 - 25 Jahre",298,142,156
"Oberboihingen","25 - 30 Jahre",316,152,164
"Oberboihingen","30 - 35 Jahre",330,171,159
"Oberboihingen","35 - 40 Jahre",325,172,153
"Oberboihingen","40 - 45 Jahre",461,237,224
"Oberboihingen","45 - 50 Jahre",441,219,222
"Oberboihingen","50 - 55 Jahre",459,249,210
"Oberboihingen","55 - 60 Jahre",350,174,176
"Oberboihingen","60 - 65 Jahre",317,143,174
"Oberboihingen","65 - 75 Jahre",619,325,294
"Oberboihingen","75 und mehr Jahre",411,174,237
"Oberboihingen","Insgesamt",5387,2682,2705
"Ohmden","unter 3 Jahre",41,22,19
"Ohmden","3 -  6 Jahre",56,29,27
"Ohmden","6 - 10 Jahre",60,35,25
"Ohmden","10 - 15 Jahre",110,68,42
"Ohmden","15 - 18 Jahre",47,19,28
"Ohmden","18 - 20 Jahre",38,19,19
"Ohmden","20 - 25 Jahre",84,43,41
"Ohmden","25 - 30 Jahre",95,40,55
"Ohmden","30 - 35 Jahre",71,34,37
"Ohmden","35 - 40 Jahre",115,52,63
"Ohmden","40 - 45 Jahre",179,95,84
"Ohmden","45 - 50 Jahre",172,101,71
"Ohmden","50 - 55 Jahre",110,58,52
"Ohmden","55 - 60 Jahre",120,63,57
"Ohmden","60 - 65 Jahre",87,48,39
"Ohmden","65 - 75 Jahre",202,96,106
"Ohmden","75 und mehr Jahre",135,63,72
"Ohmden","Insgesamt",1722,885,837
"Owen, Stadt","unter 3 Jahre",92,50,42
"Owen, Stadt","3 -  6 Jahre",77,41,36
"Owen, Stadt","6 - 10 Jahre",137,68,69
"Owen, Stadt","10 - 15 Jahre",209,103,106
"Owen, Stadt","15 - 18 Jahre",147,84,63
"Owen, Stadt","18 - 20 Jahre",101,57,44
"Owen, Stadt","20 - 25 Jahre",204,121,83
"Owen, Stadt","25 - 30 Jahre",174,90,84
"Owen, Stadt","30 - 35 Jahre",183,82,101
"Owen, Stadt","35 - 40 Jahre",210,103,107
"Owen, Stadt","40 - 45 Jahre",285,141,144
"Owen, Stadt","45 - 50 Jahre",331,171,160
"Owen, Stadt","50 - 55 Jahre",261,127,134
"Owen, Stadt","55 - 60 Jahre",216,104,112
"Owen, Stadt","60 - 65 Jahre",198,108,90
"Owen, Stadt","65 - 75 Jahre",333,173,160
"Owen, Stadt","75 und mehr Jahre",291,119,172
"Owen, Stadt","Insgesamt",3449,1742,1707
"Plochingen, Stadt","unter 3 Jahre",377,191,186
"Plochingen, Stadt","3 -  6 Jahre",367,194,173
"Plochingen, Stadt","6 - 10 Jahre",504,260,244
"Plochingen, Stadt","10 - 15 Jahre",760,392,368
"Plochingen, Stadt","15 - 18 Jahre",446,226,220
"Plochingen, Stadt","18 - 20 Jahre",337,165,172
"Plochingen, Stadt","20 - 25 Jahre",798,417,381
"Plochingen, Stadt","25 - 30 Jahre",814,399,415
"Plochingen, Stadt","30 - 35 Jahre",889,450,439
"Plochingen, Stadt","35 - 40 Jahre",882,459,423
"Plochingen, Stadt","40 - 45 Jahre",1191,591,600
"Plochingen, Stadt","45 - 50 Jahre",1221,632,589
"Plochingen, Stadt","50 - 55 Jahre",1007,514,493
"Plochingen, Stadt","55 - 60 Jahre",870,451,419
"Plochingen, Stadt","60 - 65 Jahre",773,385,388
"Plochingen, Stadt","65 - 75 Jahre",1619,765,854
"Plochingen, Stadt","75 und mehr Jahre",1190,465,725
"Plochingen, Stadt","Insgesamt",14045,6956,7089
"Reichenbach an der Fils","unter 3 Jahre",201,108,93
"Reichenbach an der Fils","3 -  6 Jahre",219,111,108
"Reichenbach an der Fils","6 - 10 Jahre",304,161,143
"Reichenbach an der Fils","10 - 15 Jahre",459,243,216
"Reichenbach an der Fils","15 - 18 Jahre",284,150,134
"Reichenbach an der Fils","18 - 20 Jahre",184,76,108
"Reichenbach an der Fils","20 - 25 Jahre",421,226,195
"Reichenbach an der Fils","25 - 30 Jahre",416,206,210
"Reichenbach an der Fils","30 - 35 Jahre",455,216,239
"Reichenbach an der Fils","35 - 40 Jahre",509,246,263
"Reichenbach an der Fils","40 - 45 Jahre",596,293,303
"Reichenbach an der Fils","45 - 50 Jahre",728,387,341
"Reichenbach an der Fils","50 - 55 Jahre",598,315,283
"Reichenbach an der Fils","55 - 60 Jahre",482,242,240
"Reichenbach an der Fils","60 - 65 Jahre",409,199,210
"Reichenbach an der Fils","65 - 75 Jahre",919,404,515
"Reichenbach an der Fils","75 und mehr Jahre",752,313,439
"Reichenbach an der Fils","Insgesamt",7936,3896,4040
"Schlaitdorf","unter 3 Jahre",71,33,38
"Schlaitdorf","3 -  6 Jahre",74,32,42
"Schlaitdorf","6 - 10 Jahre",79,32,47
"Schlaitdorf","10 - 15 Jahre",105,57,48
"Schlaitdorf","15 - 18 Jahre",66,30,36
"Schlaitdorf","18 - 20 Jahre",47,24,23
"Schlaitdorf","20 - 25 Jahre",93,43,50
"Schlaitdorf","25 - 30 Jahre",88,46,42
"Schlaitdorf","30 - 35 Jahre",90,46,44
"Schlaitdorf","35 - 40 Jahre",122,58,64
"Schlaitdorf","40 - 45 Jahre",162,85,77
"Schlaitdorf","45 - 50 Jahre",162,84,78
"Schlaitdorf","50 - 55 Jahre",160,69,91
"Schlaitdorf","55 - 60 Jahre",112,57,55
"Schlaitdorf","60 - 65 Jahre",93,48,45
"Schlaitdorf","65 - 75 Jahre",148,75,73
"Schlaitdorf","75 und mehr Jahre",111,47,64
"Schlaitdorf","Insgesamt",1783,866,917
"Unterensingen","unter 3 Jahre",115,62,53
"Unterensingen","3 -  6 Jahre",127,66,61
"Unterensingen","6 - 10 Jahre",181,108,73
"Unterensingen","10 - 15 Jahre",288,161,127
"Unterensingen","15 - 18 Jahre",181,94,87
"Unterensingen","18 - 20 Jahre",102,51,51
"Unterensingen","20 - 25 Jahre",239,130,109
"Unterensingen","25 - 30 Jahre",220,103,117
"Unterensingen","30 - 35 Jahre",261,127,134
"Unterensingen","35 - 40 Jahre",308,149,159
"Unterensingen","40 - 45 Jahre",417,186,231
"Unterensingen","45 - 50 Jahre",454,249,205
"Unterensingen","50 - 55 Jahre",310,178,132
"Unterensingen","55 - 60 Jahre",250,107,143
"Unterensingen","60 - 65 Jahre",233,102,131
"Unterensingen","65 - 75 Jahre",508,238,270
"Unterensingen","75 und mehr Jahre",383,159,224
"Unterensingen","Insgesamt",4577,2270,2307
"Weilheim an der Teck, Stadt","unter 3 Jahre",208,105,103
"Weilheim an der Teck, Stadt","3 -  6 Jahre",249,121,128
"Weilheim an der Teck, Stadt","6 - 10 Jahre",395,209,186
"Weilheim an der Teck, Stadt","10 - 15 Jahre",588,309,279
"Weilheim an der Teck, Stadt","15 - 18 Jahre",377,198,179
"Weilheim an der Teck, Stadt","18 - 20 Jahre",236,123,113
"Weilheim an der Teck, Stadt","20 - 25 Jahre",564,302,262
"Weilheim an der Teck, Stadt","25 - 30 Jahre",475,255,220
"Weilheim an der Teck, Stadt","30 - 35 Jahre",458,225,233
"Weilheim an der Teck, Stadt","35 - 40 Jahre",521,238,283
"Weilheim an der Teck, Stadt","40 - 45 Jahre",826,411,415
"Weilheim an der Teck, Stadt","45 - 50 Jahre",852,429,423
"Weilheim an der Teck, Stadt","50 - 55 Jahre",782,409,373
"Weilheim an der Teck, Stadt","55 - 60 Jahre",602,304,298
"Weilheim an der Teck, Stadt","60 - 65 Jahre",497,260,237
"Weilheim an der Teck, Stadt","65 - 75 Jahre",947,447,500
"Weilheim an der Teck, Stadt","75 und mehr Jahre",854,337,517
"Weilheim an der Teck, Stadt","Insgesamt",9431,4682,4749
"Wendlingen am Neckar, Stadt","unter 3 Jahre",450,228,222
"Wendlingen am Neckar, Stadt","3 -  6 Jahre",423,210,213
"Wendlingen am Neckar, Stadt","6 - 10 Jahre",560,266,294
"Wendlingen am Neckar, Stadt","10 - 15 Jahre",824,403,421
"Wendlingen am Neckar, Stadt","15 - 18 Jahre",537,264,273
"Wendlingen am Neckar, Stadt","18 - 20 Jahre",389,210,179
"Wendlingen am Neckar, Stadt","20 - 25 Jahre",922,460,462
"Wendlingen am Neckar, Stadt","25 - 30 Jahre",876,426,450
"Wendlingen am Neckar, Stadt","30 - 35 Jahre",1014,490,524
"Wendlingen am Neckar, Stadt","35 - 40 Jahre",998,507,491
"Wendlingen am Neckar, Stadt","40 - 45 Jahre",1296,636,660
"Wendlingen am Neckar, Stadt","45 - 50 Jahre",1419,763,656
"Wendlingen am Neckar, Stadt","50 - 55 Jahre",1245,608,637
"Wendlingen am Neckar, Stadt","55 - 60 Jahre",934,453,481
"Wendlingen am Neckar, Stadt","60 - 65 Jahre",897,407,490
"Wendlingen am Neckar, Stadt","65 - 75 Jahre",1840,884,956
"Wendlingen am Neckar, Stadt","75 und mehr Jahre",1354,541,813
"Wendlingen am Neckar, Stadt","Insgesamt",15978,7756,8222
"Wernau (Neckar), Stadt","unter 3 Jahre",295,151,144
"Wernau (Neckar), Stadt","3 -  6 Jahre",313,154,159
"Wernau (Neckar), Stadt","6 - 10 Jahre",442,232,210
"Wernau (Neckar), Stadt","10 - 15 Jahre",651,329,322
"Wernau (Neckar), Stadt","15 - 18 Jahre",363,199,164
"Wernau (Neckar), Stadt","18 - 20 Jahre",231,113,118
"Wernau (Neckar), Stadt","20 - 25 Jahre",662,351,311
"Wernau (Neckar), Stadt","25 - 30 Jahre",733,370,363
"Wernau (Neckar), Stadt","30 - 35 Jahre",747,371,376
"Wernau (Neckar), Stadt","35 - 40 Jahre",858,434,424
"Wernau (Neckar), Stadt","40 - 45 Jahre",1037,520,517
"Wernau (Neckar), Stadt","45 - 50 Jahre",1066,541,525
"Wernau (Neckar), Stadt","50 - 55 Jahre",838,470,368
"Wernau (Neckar), Stadt","55 - 60 Jahre",767,370,397
"Wernau (Neckar), Stadt","60 - 65 Jahre",676,350,326
"Wernau (Neckar), Stadt","65 - 75 Jahre",1417,652,765
"Wernau (Neckar), Stadt","75 und mehr Jahre",1287,522,765
"Wernau (Neckar), Stadt","Insgesamt",12383,6129,6254
"Wolfschlugen","unter 3 Jahre",180,94,86
"Wolfschlugen","3 -  6 Jahre",171,80,91
"Wolfschlugen","6 - 10 Jahre",273,133,140
"Wolfschlugen","10 - 15 Jahre",325,160,165
"Wolfschlugen","15 - 18 Jahre",216,113,103
"Wolfschlugen","18 - 20 Jahre",121,65,56
"Wolfschlugen","20 - 25 Jahre",320,160,160
"Wolfschlugen","25 - 30 Jahre",288,151,137
"Wolfschlugen","30 - 35 Jahre",421,195,226
"Wolfschlugen","35 - 40 Jahre",434,209,225
"Wolfschlugen","40 - 45 Jahre",577,303,274
"Wolfschlugen","45 - 50 Jahre",536,269,267
"Wolfschlugen","50 - 55 Jahre",506,257,249
"Wolfschlugen","55 - 60 Jahre",419,196,223
"Wolfschlugen","60 - 65 Jahre",359,170,189
"Wolfschlugen","65 - 75 Jahre",729,362,367
"Wolfschlugen","75 und mehr Jahre",434,187,247
"Wolfschlugen","Insgesamt",6309,3104,3205
"Aichwald","unter 3 Jahre",145,64,81
"Aichwald","3 -  6 Jahre",179,88,91
"Aichwald","6 - 10 Jahre",296,151,145
"Aichwald","10 - 15 Jahre",424,219,205
"Aichwald","15 - 18 Jahre",244,121,123
"Aichwald","18 - 20 Jahre",163,84,79
"Aichwald","20 - 25 Jahre",344,194,150
"Aichwald","25 - 30 Jahre",308,161,147
"Aichwald","30 - 35 Jahre",345,148,197
"Aichwald","35 - 40 Jahre",412,194,218
"Aichwald","40 - 45 Jahre",620,305,315
"Aichwald","45 - 50 Jahre",620,317,303
"Aichwald","50 - 55 Jahre",566,266,300
"Aichwald","55 - 60 Jahre",487,226,261
"Aichwald","60 - 65 Jahre",512,235,277
"Aichwald","65 - 75 Jahre",1170,582,588
"Aichwald","75 und mehr Jahre",723,303,420
"Aichwald","Insgesamt",7558,3658,3900
"Filderstadt, Stadt","unter 3 Jahre",1239,609,630
"Filderstadt, Stadt","3 -  6 Jahre",1236,649,587
"Filderstadt, Stadt","6 - 10 Jahre",1733,890,843
"Filderstadt, Stadt","10 - 15 Jahre",2357,1196,1161
"Filderstadt, Stadt","15 - 18 Jahre",1498,737,761
"Filderstadt, Stadt","18 - 20 Jahre",953,500,453
"Filderstadt, Stadt","20 - 25 Jahre",2620,1353,1267
"Filderstadt, Stadt","25 - 30 Jahre",2713,1305,1408
"Filderstadt, Stadt","30 - 35 Jahre",2958,1484,1474
"Filderstadt, Stadt","35 - 40 Jahre",2942,1461,1481
"Filderstadt, Stadt","40 - 45 Jahre",3928,1980,1948
"Filderstadt, Stadt","45 - 50 Jahre",3933,1989,1944
"Filderstadt, Stadt","50 - 55 Jahre",3369,1696,1673
"Filderstadt, Stadt","55 - 60 Jahre",2687,1303,1384
"Filderstadt, Stadt","60 - 65 Jahre",2512,1206,1306
"Filderstadt, Stadt","65 - 75 Jahre",4533,2173,2360
"Filderstadt, Stadt","75 und mehr Jahre",3137,1267,1870
"Filderstadt, Stadt","Insgesamt",44348,21798,22550
"Leinfelden-Echterdingen, Stadt","unter 3 Jahre",1044,533,511
"Leinfelden-Echterdingen, Stadt","3 -  6 Jahre",1038,534,504
"Leinfelden-Echterdingen, Stadt","6 - 10 Jahre",1419,723,696
"Leinfelden-Echterdingen, Stadt","10 - 15 Jahre",1702,867,835
"Leinfelden-Echterdingen, Stadt","15 - 18 Jahre",1001,519,482
"Leinfelden-Echterdingen, Stadt","18 - 20 Jahre",724,373,351
"Leinfelden-Echterdingen, Stadt","20 - 25 Jahre",1983,994,989
"Leinfelden-Echterdingen, Stadt","25 - 30 Jahre",2265,1125,1140
"Leinfelden-Echterdingen, Stadt","30 - 35 Jahre",2460,1223,1237
"Leinfelden-Echterdingen, Stadt","35 - 40 Jahre",2530,1281,1249
"Leinfelden-Echterdingen, Stadt","40 - 45 Jahre",3097,1538,1559
"Leinfelden-Echterdingen, Stadt","45 - 50 Jahre",3295,1707,1588
"Leinfelden-Echterdingen, Stadt","50 - 55 Jahre",2587,1283,1304
"Leinfelden-Echterdingen, Stadt","55 - 60 Jahre",2201,1069,1132
"Leinfelden-Echterdingen, Stadt","60 - 65 Jahre",2038,945,1093
"Leinfelden-Echterdingen, Stadt","65 - 75 Jahre",4433,2051,2382
"Leinfelden-Echterdingen, Stadt","75 und mehr Jahre",3405,1359,2046
"Leinfelden-Echterdingen, Stadt","Insgesamt",37222,18124,19098
"Lenningen","unter 3 Jahre",183,85,98
"Lenningen","3 -  6 Jahre",202,104,98
"Lenningen","6 - 10 Jahre",306,165,141
"Lenningen","10 - 15 Jahre",462,247,215
"Lenningen","15 - 18 Jahre",276,136,140
"Lenningen","18 - 20 Jahre",225,135,90
"Lenningen","20 - 25 Jahre",510,282,228
"Lenningen","25 - 30 Jahre",389,199,190
"Lenningen","30 - 35 Jahre",386,208,178
"Lenningen","35 - 40 Jahre",410,207,203
"Lenningen","40 - 45 Jahre",657,337,320
"Lenningen","45 - 50 Jahre",790,405,385
"Lenningen","50 - 55 Jahre",662,346,316
"Lenningen","55 - 60 Jahre",516,254,262
"Lenningen","60 - 65 Jahre",482,241,241
"Lenningen","65 - 75 Jahre",959,491,468
"Lenningen","75 und mehr Jahre",762,296,466
"Lenningen","Insgesamt",8177,4138,4039
"Ostfildern, Stadt","unter 3 Jahre",1102,556,546
"Ostfildern, Stadt","3 -  6 Jahre",1079,573,506
"Ostfildern, Stadt","6 - 10 Jahre",1484,780,704
"Ostfildern, Stadt","10 - 15 Jahre",1945,1013,932
"Ostfildern, Stadt","15 - 18 Jahre",1143,561,582
"Ostfildern, Stadt","18 - 20 Jahre",714,360,354
"Ostfildern, Stadt","20 - 25 Jahre",2020,994,1026
"Ostfildern, Stadt","25 - 30 Jahre",2148,1086,1062
"Ostfildern, Stadt","30 - 35 Jahre",2331,1107,1224
"Ostfildern, Stadt","35 - 40 Jahre",2644,1350,1294
"Ostfildern, Stadt","40 - 45 Jahre",3070,1543,1527
"Ostfildern, Stadt","45 - 50 Jahre",3082,1534,1548
"Ostfildern, Stadt","50 - 55 Jahre",2539,1245,1294
"Ostfildern, Stadt","55 - 60 Jahre",2155,1024,1131
"Ostfildern, Stadt","60 - 65 Jahre",1959,924,1035
"Ostfildern, Stadt","65 - 75 Jahre",3879,1855,2024
"Ostfildern, Stadt","75 und mehr Jahre",2869,1177,1692
"Ostfildern, Stadt","Insgesamt",36163,17682,18481
"Aichtal, Stadt","unter 3 Jahre",261,141,120
"Aichtal, Stadt","3 -  6 Jahre",271,135,136
"Aichtal, Stadt","6 - 10 Jahre",391,195,196
"Aichtal, Stadt","10 - 15 Jahre",493,253,240
"Aichtal, Stadt","15 - 18 Jahre",358,188,170
"Aichtal, Stadt","18 - 20 Jahre",231,115,116
"Aichtal, Stadt","20 - 25 Jahre",525,273,252
"Aichtal, Stadt","25 - 30 Jahre",466,238,228
"Aichtal, Stadt","30 - 35 Jahre",517,277,240
"Aichtal, Stadt","35 - 40 Jahre",594,290,304
"Aichtal, Stadt","40 - 45 Jahre",862,426,436
"Aichtal, Stadt","45 - 50 Jahre",878,428,450
"Aichtal, Stadt","50 - 55 Jahre",840,429,411
"Aichtal, Stadt","55 - 60 Jahre",705,349,356
"Aichtal, Stadt","60 - 65 Jahre",608,313,295
"Aichtal, Stadt","65 - 75 Jahre",966,480,486
"Aichtal, Stadt","75 und mehr Jahre",676,280,396
"Aichtal, Stadt","Insgesamt",9642,4810,4832
"Landkreis Göppingen","unter 3 Jahre",6094,3083,3011
"Landkreis Göppingen","3 -  6 Jahre",6441,3284,3157
"Landkreis Göppingen","6 - 10 Jahre",9475,4866,4609
"Landkreis Göppingen","10 - 15 Jahre",13812,7161,6651
"Landkreis Göppingen","15 - 18 Jahre",8742,4484,4258
"Landkreis Göppingen","18 - 20 Jahre",6164,3253,2911
"Landkreis Göppingen","20 - 25 Jahre",14600,7584,7016
"Landkreis Göppingen","25 - 30 Jahre",13845,7121,6724
"Landkreis Göppingen","30 - 35 Jahre",13789,6882,6907
"Landkreis Göppingen","35 - 40 Jahre",15511,7730,7781
"Landkreis Göppingen","40 - 45 Jahre",20681,10528,10153
"Landkreis Göppingen","45 - 50 Jahre",21406,11094,10312
"Landkreis Göppingen","50 - 55 Jahre",18856,9528,9328
"Landkreis Göppingen","55 - 60 Jahre",16257,8009,8248
"Landkreis Göppingen","60 - 65 Jahre",14382,7075,7307
"Landkreis Göppingen","65 - 75 Jahre",28623,13555,15068
"Landkreis Göppingen","75 und mehr Jahre",23870,9335,14535
"Landkreis Göppingen","Insgesamt",252548,124572,127976
"Adelberg","unter 3 Jahre",50,24,26
"Adelberg","3 -  6 Jahre",58,28,30
"Adelberg","6 - 10 Jahre",82,36,46
"Adelberg","10 - 15 Jahre",107,56,51
"Adelberg","15 - 18 Jahre",66,32,34
"Adelberg","18 - 20 Jahre",46,24,22
"Adelberg","20 - 25 Jahre",93,53,40
"Adelberg","25 - 30 Jahre",95,55,40
"Adelberg","30 - 35 Jahre",99,45,54
"Adelberg","35 - 40 Jahre",121,56,65
"Adelberg","40 - 45 Jahre",192,103,89
"Adelberg","45 - 50 Jahre",192,102,90
"Adelberg","50 - 55 Jahre",138,70,68
"Adelberg","55 - 60 Jahre",150,69,81
"Adelberg","60 - 65 Jahre",126,68,58
"Adelberg","65 - 75 Jahre",220,111,109
"Adelberg","75 und mehr Jahre",171,73,98
"Adelberg","Insgesamt",2006,1005,1001
"Aichelberg","unter 3 Jahre",30,14,16
"Aichelberg","3 -  6 Jahre",45,19,26
"Aichelberg","6 - 10 Jahre",54,26,28
"Aichelberg","10 - 15 Jahre",80,44,36
"Aichelberg","15 - 18 Jahre",39,22,17
"Aichelberg","18 - 20 Jahre",28,15,13
"Aichelberg","20 - 25 Jahre",55,34,21
"Aichelberg","25 - 30 Jahre",56,30,26
"Aichelberg","30 - 35 Jahre",80,36,44
"Aichelberg","35 - 40 Jahre",81,33,48
"Aichelberg","40 - 45 Jahre",130,72,58
"Aichelberg","45 - 50 Jahre",132,70,62
"Aichelberg","50 - 55 Jahre",101,49,52
"Aichelberg","55 - 60 Jahre",84,42,42
"Aichelberg","60 - 65 Jahre",85,50,35
"Aichelberg","65 - 75 Jahre",124,60,64
"Aichelberg","75 und mehr Jahre",90,40,50
"Aichelberg","Insgesamt",1294,656,638
"Albershausen","unter 3 Jahre",118,55,63
"Albershausen","3 -  6 Jahre",127,67,60
"Albershausen","6 - 10 Jahre",177,96,81
"Albershausen","10 - 15 Jahre",252,138,114
"Albershausen","15 - 18 Jahre",173,90,83
"Albershausen","18 - 20 Jahre",105,64,41
"Albershausen","20 - 25 Jahre",194,102,92
"Albershausen","25 - 30 Jahre",193,96,97
"Albershausen","30 - 35 Jahre",226,105,121
"Albershausen","35 - 40 Jahre",293,145,148
"Albershausen","40 - 45 Jahre",420,206,214
"Albershausen","45 - 50 Jahre",408,214,194
"Albershausen","50 - 55 Jahre",288,135,153
"Albershausen","55 - 60 Jahre",267,130,137
"Albershausen","60 - 65 Jahre",235,125,110
"Albershausen","65 - 75 Jahre",460,219,241
"Albershausen","75 und mehr Jahre",373,166,207
"Albershausen","Insgesamt",4309,2153,2156
"Bad Ditzenbach","unter 3 Jahre",89,41,48
"Bad Ditzenbach","3 -  6 Jahre",88,42,46
"Bad Ditzenbach","6 - 10 Jahre",114,66,48
"Bad Ditzenbach","10 - 15 Jahre",194,93,101
"Bad Ditzenbach","15 - 18 Jahre",135,67,68
"Bad Ditzenbach","18 - 20 Jahre",114,60,54
"Bad Ditzenbach","20 - 25 Jahre",206,107,99
"Bad Ditzenbach","25 - 30 Jahre",206,103,103
"Bad Ditzenbach","30 - 35 Jahre",184,86,98
"Bad Ditzenbach","35 - 40 Jahre",207,99,108
"Bad Ditzenbach","40 - 45 Jahre",316,158,158
"Bad Ditzenbach","45 - 50 Jahre",345,174,171
"Bad Ditzenbach","50 - 55 Jahre",294,155,139
"Bad Ditzenbach","55 - 60 Jahre",232,122,110
"Bad Ditzenbach","60 - 65 Jahre",198,95,103
"Bad Ditzenbach","65 - 75 Jahre",407,201,206
"Bad Ditzenbach","75 und mehr Jahre",345,138,207
"Bad Ditzenbach","Insgesamt",3674,1807,1867
"Bad Überkingen","unter 3 Jahre",77,43,34
"Bad Überkingen","3 -  6 Jahre",87,47,40
"Bad Überkingen","6 - 10 Jahre",122,68,54
"Bad Überkingen","10 - 15 Jahre",220,112,108
"Bad Überkingen","15 - 18 Jahre",133,67,66
"Bad Überkingen","18 - 20 Jahre",83,48,35
"Bad Überkingen","20 - 25 Jahre",210,104,106
"Bad Überkingen","25 - 30 Jahre",186,88,98
"Bad Überkingen","30 - 35 Jahre",183,91,92
"Bad Überkingen","35 - 40 Jahre",217,104,113
"Bad Überkingen","40 - 45 Jahre",303,131,172
"Bad Überkingen","45 - 50 Jahre",309,160,149
"Bad Überkingen","50 - 55 Jahre",256,128,128
"Bad Überkingen","55 - 60 Jahre",233,98,135
"Bad Überkingen","60 - 65 Jahre",212,115,97
"Bad Überkingen","65 - 75 Jahre",527,232,295
"Bad Überkingen","75 und mehr Jahre",466,186,280
"Bad Überkingen","Insgesamt",3824,1822,2002
"Birenbach","unter 3 Jahre",34,15,19
"Birenbach","3 -  6 Jahre",36,18,18
"Birenbach","6 - 10 Jahre",80,39,41
"Birenbach","10 - 15 Jahre",102,48,54
"Birenbach","15 - 18 Jahre",63,30,33
"Birenbach","18 - 20 Jahre",56,22,34
"Birenbach","20 - 25 Jahre",109,50,59
"Birenbach","25 - 30 Jahre",99,64,35
"Birenbach","30 - 35 Jahre",95,44,51
"Birenbach","35 - 40 Jahre",84,43,41
"Birenbach","40 - 45 Jahre",159,71,88
"Birenbach","45 - 50 Jahre",156,92,64
"Birenbach","50 - 55 Jahre",165,90,75
"Birenbach","55 - 60 Jahre",136,65,71
"Birenbach","60 - 65 Jahre",111,49,62
"Birenbach","65 - 75 Jahre",221,109,112
"Birenbach","75 und mehr Jahre",158,70,88
"Birenbach","Insgesamt",1864,919,945
"Böhmenkirch","unter 3 Jahre",129,63,66
"Böhmenkirch","3 -  6 Jahre",152,87,65
"Böhmenkirch","6 - 10 Jahre",215,114,101
"Böhmenkirch","10 - 15 Jahre",344,169,175
"Böhmenkirch","15 - 18 Jahre",214,110,104
"Böhmenkirch","18 - 20 Jahre",140,83,57
"Böhmenkirch","20 - 25 Jahre",338,187,151
"Böhmenkirch","25 - 30 Jahre",289,165,124
"Böhmenkirch","30 - 35 Jahre",303,151,152
"Böhmenkirch","35 - 40 Jahre",343,193,150
"Böhmenkirch","40 - 45 Jahre",519,256,263
"Böhmenkirch","45 - 50 Jahre",557,297,260
"Böhmenkirch","50 - 55 Jahre",395,210,185
"Böhmenkirch","55 - 60 Jahre",336,184,152
"Böhmenkirch","60 - 65 Jahre",287,134,153
"Böhmenkirch","65 - 75 Jahre",548,267,281
"Böhmenkirch","75 und mehr Jahre",406,169,237
"Böhmenkirch","Insgesamt",5515,2839,2676
"Börtlingen","unter 3 Jahre",45,22,23
"Börtlingen","3 -  6 Jahre",34,17,17
"Börtlingen","6 - 10 Jahre",66,30,36
"Börtlingen","10 - 15 Jahre",113,63,50
"Börtlingen","15 - 18 Jahre",54,24,30
"Börtlingen","18 - 20 Jahre",45,24,21
"Börtlingen","20 - 25 Jahre",75,46,29
"Börtlingen","25 - 30 Jahre",80,40,40
"Börtlingen","30 - 35 Jahre",87,40,47
"Börtlingen","35 - 40 Jahre",93,43,50
"Börtlingen","40 - 45 Jahre",156,72,84
"Börtlingen","45 - 50 Jahre",138,82,56
"Börtlingen","50 - 55 Jahre",140,68,72
"Börtlingen","55 - 60 Jahre",129,71,58
"Börtlingen","60 - 65 Jahre",110,53,57
"Börtlingen","65 - 75 Jahre",226,112,114
"Börtlingen","75 und mehr Jahre",163,66,97
"Börtlingen","Insgesamt",1754,873,881
"Bad Boll","unter 3 Jahre",125,67,58
"Bad Boll","3 -  6 Jahre",135,80,55
"Bad Boll","6 - 10 Jahre",219,107,112
"Bad Boll","10 - 15 Jahre",266,138,128
"Bad Boll","15 - 18 Jahre",183,101,82
"Bad Boll","18 - 20 Jahre",125,67,58
"Bad Boll","20 - 25 Jahre",293,157,136
"Bad Boll","25 - 30 Jahre",230,108,122
"Bad Boll","30 - 35 Jahre",251,131,120
"Bad Boll","35 - 40 Jahre",355,174,181
"Bad Boll","40 - 45 Jahre",453,210,243
"Bad Boll","45 - 50 Jahre",431,192,239
"Bad Boll","50 - 55 Jahre",389,189,200
"Bad Boll","55 - 60 Jahre",319,153,166
"Bad Boll","60 - 65 Jahre",306,142,164
"Bad Boll","65 - 75 Jahre",531,224,307
"Bad Boll","75 und mehr Jahre",594,222,372
"Bad Boll","Insgesamt",5205,2462,2743
"Deggingen","unter 3 Jahre",116,58,58
"Deggingen","3 -  6 Jahre",124,62,62
"Deggingen","6 - 10 Jahre",223,119,104
"Deggingen","10 - 15 Jahre",291,142,149
"Deggingen","15 - 18 Jahre",164,89,75
"Deggingen","18 - 20 Jahre",115,66,49
"Deggingen","20 - 25 Jahre",312,150,162
"Deggingen","25 - 30 Jahre",268,147,121
"Deggingen","30 - 35 Jahre",240,118,122
"Deggingen","35 - 40 Jahre",345,174,171
"Deggingen","40 - 45 Jahre",453,226,227
"Deggingen","45 - 50 Jahre",499,266,233
"Deggingen","50 - 55 Jahre",383,200,183
"Deggingen","55 - 60 Jahre",370,172,198
"Deggingen","60 - 65 Jahre",317,160,157
"Deggingen","65 - 75 Jahre",668,317,351
"Deggingen","75 und mehr Jahre",568,230,338
"Deggingen","Insgesamt",5456,2696,2760
"Donzdorf, Stadt","unter 3 Jahre",250,113,137
"Donzdorf, Stadt","3 -  6 Jahre",268,147,121
"Donzdorf, Stadt","6 - 10 Jahre",406,217,189
"Donzdorf, Stadt","10 - 15 Jahre",618,334,284
"Donzdorf, Stadt","15 - 18 Jahre",402,192,210
"Donzdorf, Stadt","18 - 20 Jahre",240,131,109
"Donzdorf, Stadt","20 - 25 Jahre",587,317,270
"Donzdorf, Stadt","25 - 30 Jahre",534,282,252
"Donzdorf, Stadt","30 - 35 Jahre",579,286,293
"Donzdorf, Stadt","35 - 40 Jahre",620,304,316
"Donzdorf, Stadt","40 - 45 Jahre",895,447,448
"Donzdorf, Stadt","45 - 50 Jahre",895,468,427
"Donzdorf, Stadt","50 - 55 Jahre",792,399,393
"Donzdorf, Stadt","55 - 60 Jahre",696,327,369
"Donzdorf, Stadt","60 - 65 Jahre",694,343,351
"Donzdorf, Stadt","65 - 75 Jahre",1319,649,670
"Donzdorf, Stadt","75 und mehr Jahre",1021,422,599
"Donzdorf, Stadt","Insgesamt",10816,5378,5438
"Drackenstein","unter 3 Jahre",11,5,6
"Drackenstein","3 -  6 Jahre",13,2,11
"Drackenstein","6 - 10 Jahre",13,6,7
"Drackenstein","10 - 15 Jahre",28,11,17
"Drackenstein","15 - 18 Jahre",12,6,6
"Drackenstein","18 - 20 Jahre",14,6,8
"Drackenstein","20 - 25 Jahre",27,18,9
"Drackenstein","25 - 30 Jahre",31,19,12
"Drackenstein","30 - 35 Jahre",33,15,18
"Drackenstein","35 - 40 Jahre",31,18,13
"Drackenstein","40 - 45 Jahre",27,11,16
"Drackenstein","45 - 50 Jahre",44,24,20
"Drackenstein","50 - 55 Jahre",36,20,16
"Drackenstein","55 - 60 Jahre",31,18,13
"Drackenstein","60 - 65 Jahre",28,17,11
"Drackenstein","65 - 75 Jahre",31,18,13
"Drackenstein","75 und mehr Jahre",27,8,19
"Drackenstein","Insgesamt",437,222,215
"Dürnau","unter 3 Jahre",60,29,31
"Dürnau","3 -  6 Jahre",59,30,29
"Dürnau","6 - 10 Jahre",96,48,48
"Dürnau","10 - 15 Jahre",127,53,74
"Dürnau","15 - 18 Jahre",100,54,46
"Dürnau","18 - 20 Jahre",56,30,26
"Dürnau","20 - 25 Jahre",96,53,43
"Dürnau","25 - 30 Jahre",107,53,54
"Dürnau","30 - 35 Jahre",108,59,49
"Dürnau","35 - 40 Jahre",115,51,64
"Dürnau","40 - 45 Jahre",202,106,96
"Dürnau","45 - 50 Jahre",200,106,94
"Dürnau","50 - 55 Jahre",164,85,79
"Dürnau","55 - 60 Jahre",130,66,64
"Dürnau","60 - 65 Jahre",128,66,62
"Dürnau","65 - 75 Jahre",196,89,107
"Dürnau","75 und mehr Jahre",139,57,82
"Dürnau","Insgesamt",2083,1035,1048
"Ebersbach an der Fils, Stadt","unter 3 Jahre",351,180,171
"Ebersbach an der Fils, Stadt","3 -  6 Jahre",356,171,185
"Ebersbach an der Fils, Stadt","6 - 10 Jahre",526,265,261
"Ebersbach an der Fils, Stadt","10 - 15 Jahre",810,431,379
"Ebersbach an der Fils, Stadt","15 - 18 Jahre",564,298,266
"Ebersbach an der Fils, Stadt","18 - 20 Jahre",378,205,173
"Ebersbach an der Fils, Stadt","20 - 25 Jahre",862,426,436
"Ebersbach an der Fils, Stadt","25 - 30 Jahre",872,446,426
"Ebersbach an der Fils, Stadt","30 - 35 Jahre",789,368,421
"Ebersbach an der Fils, Stadt","35 - 40 Jahre",928,443,485
"Ebersbach an der Fils, Stadt","40 - 45 Jahre",1227,622,605
"Ebersbach an der Fils, Stadt","45 - 50 Jahre",1382,730,652
"Ebersbach an der Fils, Stadt","50 - 55 Jahre",1201,622,579
"Ebersbach an der Fils, Stadt","55 - 60 Jahre",938,461,477
"Ebersbach an der Fils, Stadt","60 - 65 Jahre",846,446,400
"Ebersbach an der Fils, Stadt","65 - 75 Jahre",1832,849,983
"Ebersbach an der Fils, Stadt","75 und mehr Jahre",1429,605,824
"Ebersbach an der Fils, Stadt","Insgesamt",15291,7568,7723
"Eislingen/Fils, Stadt","unter 3 Jahre",505,259,246
"Eislingen/Fils, Stadt","3 -  6 Jahre",509,255,254
"Eislingen/Fils, Stadt","6 - 10 Jahre",912,463,449
"Eislingen/Fils, Stadt","10 - 15 Jahre",1079,528,551
"Eislingen/Fils, Stadt","15 - 18 Jahre",643,320,323
"Eislingen/Fils, Stadt","18 - 20 Jahre",477,256,221
"Eislingen/Fils, Stadt","20 - 25 Jahre",1222,636,586
"Eislingen/Fils, Stadt","25 - 30 Jahre",1238,630,608
"Eislingen/Fils, Stadt","30 - 35 Jahre",1334,687,647
"Eislingen/Fils, Stadt","35 - 40 Jahre",1331,666,665
"Eislingen/Fils, Stadt","40 - 45 Jahre",1602,821,781
"Eislingen/Fils, Stadt","45 - 50 Jahre",1586,828,758
"Eislingen/Fils, Stadt","50 - 55 Jahre",1472,733,739
"Eislingen/Fils, Stadt","55 - 60 Jahre",1333,635,698
"Eislingen/Fils, Stadt","60 - 65 Jahre",1157,570,587
"Eislingen/Fils, Stadt","65 - 75 Jahre",2147,1044,1103
"Eislingen/Fils, Stadt","75 und mehr Jahre",1817,669,1148
"Eislingen/Fils, Stadt","Insgesamt",20364,10000,10364
"Eschenbach","unter 3 Jahre",47,19,28
"Eschenbach","3 -  6 Jahre",53,26,27
"Eschenbach","6 - 10 Jahre",80,38,42
"Eschenbach","10 - 15 Jahre",109,66,43
"Eschenbach","15 - 18 Jahre",72,46,26
"Eschenbach","18 - 20 Jahre",46,27,19
"Eschenbach","20 - 25 Jahre",106,52,54
"Eschenbach","25 - 30 Jahre",135,64,71
"Eschenbach","30 - 35 Jahre",116,62,54
"Eschenbach","35 - 40 Jahre",144,72,72
"Eschenbach","40 - 45 Jahre",177,89,88
"Eschenbach","45 - 50 Jahre",196,105,91
"Eschenbach","50 - 55 Jahre",175,87,88
"Eschenbach","55 - 60 Jahre",178,81,97
"Eschenbach","60 - 65 Jahre",143,70,73
"Eschenbach","65 - 75 Jahre",237,118,119
"Eschenbach","75 und mehr Jahre",167,69,98
"Eschenbach","Insgesamt",2181,1091,1090
"Gammelshausen","unter 3 Jahre",43,21,22
"Gammelshausen","3 -  6 Jahre",37,23,14
"Gammelshausen","6 - 10 Jahre",45,26,19
"Gammelshausen","10 - 15 Jahre",74,47,27
"Gammelshausen","15 - 18 Jahre",51,30,21
"Gammelshausen","18 - 20 Jahre",39,22,17
"Gammelshausen","20 - 25 Jahre",87,55,32
"Gammelshausen","25 - 30 Jahre",68,34,34
"Gammelshausen","30 - 35 Jahre",76,35,41
"Gammelshausen","35 - 40 Jahre",95,44,51
"Gammelshausen","40 - 45 Jahre",127,70,57
"Gammelshausen","45 - 50 Jahre",123,61,62
"Gammelshausen","50 - 55 Jahre",108,63,45
"Gammelshausen","55 - 60 Jahre",94,43,51
"Gammelshausen","60 - 65 Jahre",97,54,43
"Gammelshausen","65 - 75 Jahre",170,73,97
"Gammelshausen","75 und mehr Jahre",130,64,66
"Gammelshausen","Insgesamt",1464,765,699
"Geislingen an der Steige, Stadt","unter 3 Jahre",687,352,335
"Geislingen an der Steige, Stadt","3 -  6 Jahre",672,350,322
"Geislingen an der Steige, Stadt","6 - 10 Jahre",1015,504,511
"Geislingen an der Steige, Stadt","10 - 15 Jahre",1502,800,702
"Geislingen an der Steige, Stadt","15 - 18 Jahre",948,480,468
"Geislingen an der Steige, Stadt","18 - 20 Jahre",723,369,354
"Geislingen an der Steige, Stadt","20 - 25 Jahre",1779,882,897
"Geislingen an der Steige, Stadt","25 - 30 Jahre",1597,829,768
"Geislingen an der Steige, Stadt","30 - 35 Jahre",1505,765,740
"Geislingen an der Steige, Stadt","35 - 40 Jahre",1548,746,802
"Geislingen an der Steige, Stadt","40 - 45 Jahre",2016,1037,979
"Geislingen an der Steige, Stadt","45 - 50 Jahre",2204,1131,1073
"Geislingen an der Steige, Stadt","50 - 55 Jahre",1942,993,949
"Geislingen an der Steige, Stadt","55 - 60 Jahre",1638,816,822
"Geislingen an der Steige, Stadt","60 - 65 Jahre",1477,728,749
"Geislingen an der Steige, Stadt","65 - 75 Jahre",2853,1320,1533
"Geislingen an der Steige, Stadt","75 und mehr Jahre",2735,1033,1702
"Geislingen an der Steige, Stadt","Insgesamt",26841,13135,13706
"Gingen an der Fils","unter 3 Jahre",106,53,53
"Gingen an der Fils","3 -  6 Jahre",121,52,69
"Gingen an der Fils","6 - 10 Jahre",192,85,107
"Gingen an der Fils","10 - 15 Jahre",228,109,119
"Gingen an der Fils","15 - 18 Jahre",133,65,68
"Gingen an der Fils","18 - 20 Jahre",94,42,52
"Gingen an der Fils","20 - 25 Jahre",250,138,112
"Gingen an der Fils","25 - 30 Jahre",183,96,87
"Gingen an der Fils","30 - 35 Jahre",225,114,111
"Gingen an der Fils","35 - 40 Jahre",293,151,142
"Gingen an der Fils","40 - 45 Jahre",356,186,170
"Gingen an der Fils","45 - 50 Jahre",375,204,171
"Gingen an der Fils","50 - 55 Jahre",298,161,137
"Gingen an der Fils","55 - 60 Jahre",242,117,125
"Gingen an der Fils","60 - 65 Jahre",238,105,133
"Gingen an der Fils","65 - 75 Jahre",539,261,278
"Gingen an der Fils","75 und mehr Jahre",416,166,250
"Gingen an der Fils","Insgesamt",4289,2105,2184
"Göppingen, Stadt","unter 3 Jahre",1384,707,677
"Göppingen, Stadt","3 -  6 Jahre",1463,741,722
"Göppingen, Stadt","6 - 10 Jahre",1947,1046,901
"Göppingen, Stadt","10 - 15 Jahre",2862,1482,1380
"Göppingen, Stadt","15 - 18 Jahre",1820,912,908
"Göppingen, Stadt","18 - 20 Jahre",1362,717,645
"Göppingen, Stadt","20 - 25 Jahre",3433,1722,1711
"Göppingen, Stadt","25 - 30 Jahre",3450,1746,1704
"Göppingen, Stadt","30 - 35 Jahre",3284,1689,1595
"Göppingen, Stadt","35 - 40 Jahre",3579,1854,1725
"Göppingen, Stadt","40 - 45 Jahre",4592,2369,2223
"Göppingen, Stadt","45 - 50 Jahre",4583,2368,2215
"Göppingen, Stadt","50 - 55 Jahre",4140,2031,2109
"Göppingen, Stadt","55 - 60 Jahre",3687,1841,1846
"Göppingen, Stadt","60 - 65 Jahre",3192,1517,1675
"Göppingen, Stadt","65 - 75 Jahre",6449,3008,3441
"Göppingen, Stadt","75 und mehr Jahre",5592,2093,3499
"Göppingen, Stadt","Insgesamt",56819,27843,28976
"Gruibingen","unter 3 Jahre",41,23,18
"Gruibingen","3 -  6 Jahre",57,26,31
"Gruibingen","6 - 10 Jahre",69,30,39
"Gruibingen","10 - 15 Jahre",131,66,65
"Gruibingen","15 - 18 Jahre",64,42,22
"Gruibingen","18 - 20 Jahre",45,25,20
"Gruibingen","20 - 25 Jahre",145,92,53
"Gruibingen","25 - 30 Jahre",109,67,42
"Gruibingen","30 - 35 Jahre",104,60,44
"Gruibingen","35 - 40 Jahre",108,52,56
"Gruibingen","40 - 45 Jahre",181,91,90
"Gruibingen","45 - 50 Jahre",174,95,79
"Gruibingen","50 - 55 Jahre",185,92,93
"Gruibingen","55 - 60 Jahre",172,81,91
"Gruibingen","60 - 65 Jahre",134,69,65
"Gruibingen","65 - 75 Jahre",181,101,80
"Gruibingen","75 und mehr Jahre",167,69,98
"Gruibingen","Insgesamt",2067,1081,986
"Hattenhofen","unter 3 Jahre",79,46,33
"Hattenhofen","3 -  6 Jahre",66,33,33
"Hattenhofen","6 - 10 Jahre",114,56,58
"Hattenhofen","10 - 15 Jahre",147,61,86
"Hattenhofen","15 - 18 Jahre",104,48,56
"Hattenhofen","18 - 20 Jahre",69,33,36
"Hattenhofen","20 - 25 Jahre",143,78,65
"Hattenhofen","25 - 30 Jahre",139,69,70
"Hattenhofen","30 - 35 Jahre",148,75,73
"Hattenhofen","35 - 40 Jahre",194,98,96
"Hattenhofen","40 - 45 Jahre",236,120,116
"Hattenhofen","45 - 50 Jahre",240,122,118
"Hattenhofen","50 - 55 Jahre",230,108,122
"Hattenhofen","55 - 60 Jahre",211,104,107
"Hattenhofen","60 - 65 Jahre",196,93,103
"Hattenhofen","65 - 75 Jahre",359,187,172
"Hattenhofen","75 und mehr Jahre",258,99,159
"Hattenhofen","Insgesamt",2933,1430,1503
"Heiningen","unter 3 Jahre",98,50,48
"Heiningen","3 -  6 Jahre",118,58,60
"Heiningen","6 - 10 Jahre",185,91,94
"Heiningen","10 - 15 Jahre",285,142,143
"Heiningen","15 - 18 Jahre",173,92,81
"Heiningen","18 - 20 Jahre",117,56,61
"Heiningen","20 - 25 Jahre",297,160,137
"Heiningen","25 - 30 Jahre",259,143,116
"Heiningen","30 - 35 Jahre",290,129,161
"Heiningen","35 - 40 Jahre",314,164,150
"Heiningen","40 - 45 Jahre",423,224,199
"Heiningen","45 - 50 Jahre",440,234,206
"Heiningen","50 - 55 Jahre",437,211,226
"Heiningen","55 - 60 Jahre",369,188,181
"Heiningen","60 - 65 Jahre",332,171,161
"Heiningen","65 - 75 Jahre",656,313,343
"Heiningen","75 und mehr Jahre",492,208,284
"Heiningen","Insgesamt",5285,2634,2651
"Hohenstadt","unter 3 Jahre",22,14,8
"Hohenstadt","3 -  6 Jahre",23,10,13
"Hohenstadt","6 - 10 Jahre",41,22,19
"Hohenstadt","10 - 15 Jahre",45,25,20
"Hohenstadt","15 - 18 Jahre",37,17,20
"Hohenstadt","18 - 20 Jahre",15,7,8
"Hohenstadt","20 - 25 Jahre",37,16,21
"Hohenstadt","25 - 30 Jahre",26,10,16
"Hohenstadt","30 - 35 Jahre",41,18,23
"Hohenstadt","35 - 40 Jahre",47,27,20
"Hohenstadt","40 - 45 Jahre",59,34,25
"Hohenstadt","45 - 50 Jahre",54,32,22
"Hohenstadt","50 - 55 Jahre",62,26,36
"Hohenstadt","55 - 60 Jahre",56,25,31
"Hohenstadt","60 - 65 Jahre",50,30,20
"Hohenstadt","65 - 75 Jahre",57,22,35
"Hohenstadt","75 und mehr Jahre",50,21,29
"Hohenstadt","Insgesamt",722,356,366
"Kuchen","unter 3 Jahre",114,60,54
"Kuchen","3 -  6 Jahre",144,70,74
"Kuchen","6 - 10 Jahre",196,96,100
"Kuchen","10 - 15 Jahre",319,167,152
"Kuchen","15 - 18 Jahre",190,104,86
"Kuchen","18 - 20 Jahre",117,66,51
"Kuchen","20 - 25 Jahre",302,170,132
"Kuchen","25 - 30 Jahre",293,150,143
"Kuchen","30 - 35 Jahre",274,139,135
"Kuchen","35 - 40 Jahre",300,163,137
"Kuchen","40 - 45 Jahre",458,248,210
"Kuchen","45 - 50 Jahre",457,217,240
"Kuchen","50 - 55 Jahre",375,192,183
"Kuchen","55 - 60 Jahre",366,175,191
"Kuchen","60 - 65 Jahre",367,185,182
"Kuchen","65 - 75 Jahre",750,345,405
"Kuchen","75 und mehr Jahre",490,212,278
"Kuchen","Insgesamt",5512,2759,2753
"Mühlhausen im Täle","unter 3 Jahre",22,13,9
"Mühlhausen im Täle","3 -  6 Jahre",23,13,10
"Mühlhausen im Täle","6 - 10 Jahre",39,19,20
"Mühlhausen im Täle","10 - 15 Jahre",45,20,25
"Mühlhausen im Täle","15 - 18 Jahre",44,24,20
"Mühlhausen im Täle","18 - 20 Jahre",29,14,15
"Mühlhausen im Täle","20 - 25 Jahre",67,34,33
"Mühlhausen im Täle","25 - 30 Jahre",60,32,28
"Mühlhausen im Täle","30 - 35 Jahre",47,25,22
"Mühlhausen im Täle","35 - 40 Jahre",48,23,25
"Mühlhausen im Täle","40 - 45 Jahre",70,36,34
"Mühlhausen im Täle","45 - 50 Jahre",99,52,47
"Mühlhausen im Täle","50 - 55 Jahre",92,54,38
"Mühlhausen im Täle","55 - 60 Jahre",81,34,47
"Mühlhausen im Täle","60 - 65 Jahre",56,40,16
"Mühlhausen im Täle","65 - 75 Jahre",74,34,40
"Mühlhausen im Täle","75 und mehr Jahre",82,29,53
"Mühlhausen im Täle","Insgesamt",978,496,482
"Ottenbach","unter 3 Jahre",42,17,25
"Ottenbach","3 -  6 Jahre",83,52,31
"Ottenbach","6 - 10 Jahre",101,49,52
"Ottenbach","10 - 15 Jahre",147,81,66
"Ottenbach","15 - 18 Jahre",92,41,51
"Ottenbach","18 - 20 Jahre",63,31,32
"Ottenbach","20 - 25 Jahre",116,55,61
"Ottenbach","25 - 30 Jahre",112,56,56
"Ottenbach","30 - 35 Jahre",129,54,75
"Ottenbach","35 - 40 Jahre",148,75,73
"Ottenbach","40 - 45 Jahre",229,108,121
"Ottenbach","45 - 50 Jahre",231,115,116
"Ottenbach","50 - 55 Jahre",181,97,84
"Ottenbach","55 - 60 Jahre",177,89,88
"Ottenbach","60 - 65 Jahre",131,65,66
"Ottenbach","65 - 75 Jahre",268,133,135
"Ottenbach","75 und mehr Jahre",193,73,120
"Ottenbach","Insgesamt",2443,1191,1252
"Rechberghausen","unter 3 Jahre",129,53,76
"Rechberghausen","3 -  6 Jahre",115,63,52
"Rechberghausen","6 - 10 Jahre",183,88,95
"Rechberghausen","10 - 15 Jahre",284,140,144
"Rechberghausen","15 - 18 Jahre",182,99,83
"Rechberghausen","18 - 20 Jahre",125,71,54
"Rechberghausen","20 - 25 Jahre",269,143,126
"Rechberghausen","25 - 30 Jahre",233,119,114
"Rechberghausen","30 - 35 Jahre",279,125,154
"Rechberghausen","35 - 40 Jahre",374,172,202
"Rechberghausen","40 - 45 Jahre",455,241,214
"Rechberghausen","45 - 50 Jahre",431,211,220
"Rechberghausen","50 - 55 Jahre",408,195,213
"Rechberghausen","55 - 60 Jahre",331,147,184
"Rechberghausen","60 - 65 Jahre",321,159,162
"Rechberghausen","65 - 75 Jahre",682,321,361
"Rechberghausen","75 und mehr Jahre",565,234,331
"Rechberghausen","Insgesamt",5366,2581,2785
"Salach","unter 3 Jahre",192,100,92
"Salach","3 -  6 Jahre",186,94,92
"Salach","6 - 10 Jahre",283,148,135
"Salach","10 - 15 Jahre",424,216,208
"Salach","15 - 18 Jahre",257,131,126
"Salach","18 - 20 Jahre",192,105,87
"Salach","20 - 25 Jahre",458,251,207
"Salach","25 - 30 Jahre",453,230,223
"Salach","30 - 35 Jahre",453,220,233
"Salach","35 - 40 Jahre",498,252,246
"Salach","40 - 45 Jahre",637,318,319
"Salach","45 - 50 Jahre",651,339,312
"Salach","50 - 55 Jahre",549,272,277
"Salach","55 - 60 Jahre",532,273,259
"Salach","60 - 65 Jahre",425,206,219
"Salach","65 - 75 Jahre",863,408,455
"Salach","75 und mehr Jahre",695,242,453
"Salach","Insgesamt",7748,3805,3943
"Schlat","unter 3 Jahre",36,19,17
"Schlat","3 -  6 Jahre",51,21,30
"Schlat","6 - 10 Jahre",75,31,44
"Schlat","10 - 15 Jahre",99,57,42
"Schlat","15 - 18 Jahre",63,32,31
"Schlat","18 - 20 Jahre",40,26,14
"Schlat","20 - 25 Jahre",79,38,41
"Schlat","25 - 30 Jahre",85,43,42
"Schlat","30 - 35 Jahre",83,36,47
"Schlat","35 - 40 Jahre",101,50,51
"Schlat","40 - 45 Jahre",143,75,68
"Schlat","45 - 50 Jahre",139,76,63
"Schlat","50 - 55 Jahre",151,75,76
"Schlat","55 - 60 Jahre",125,71,54
"Schlat","60 - 65 Jahre",89,36,53
"Schlat","65 - 75 Jahre",211,116,95
"Schlat","75 und mehr Jahre",157,58,99
"Schlat","Insgesamt",1727,860,867
"Schlierbach","unter 3 Jahre",98,56,42
"Schlierbach","3 -  6 Jahre",92,49,43
"Schlierbach","6 - 10 Jahre",172,102,70
"Schlierbach","10 - 15 Jahre",234,124,110
"Schlierbach","15 - 18 Jahre",165,87,78
"Schlierbach","18 - 20 Jahre",90,44,46
"Schlierbach","20 - 25 Jahre",176,77,99
"Schlierbach","25 - 30 Jahre",150,82,68
"Schlierbach","30 - 35 Jahre",187,80,107
"Schlierbach","35 - 40 Jahre",241,121,120
"Schlierbach","40 - 45 Jahre",318,156,162
"Schlierbach","45 - 50 Jahre",373,186,187
"Schlierbach","50 - 55 Jahre",257,137,120
"Schlierbach","55 - 60 Jahre",224,118,106
"Schlierbach","60 - 65 Jahre",221,102,119
"Schlierbach","65 - 75 Jahre",441,218,223
"Schlierbach","75 und mehr Jahre",365,148,217
"Schlierbach","Insgesamt",3804,1887,1917
"Süßen, Stadt","unter 3 Jahre",240,125,115
"Süßen, Stadt","3 -  6 Jahre",232,121,111
"Süßen, Stadt","6 - 10 Jahre",338,175,163
"Süßen, Stadt","10 - 15 Jahre",531,281,250
"Süßen, Stadt","15 - 18 Jahre",340,175,165
"Süßen, Stadt","18 - 20 Jahre",248,126,122
"Süßen, Stadt","20 - 25 Jahre",593,312,281
"Süßen, Stadt","25 - 30 Jahre",563,288,275
"Süßen, Stadt","30 - 35 Jahre",553,306,247
"Süßen, Stadt","35 - 40 Jahre",602,289,313
"Süßen, Stadt","40 - 45 Jahre",791,423,368
"Süßen, Stadt","45 - 50 Jahre",872,450,422
"Süßen, Stadt","50 - 55 Jahre",784,419,365
"Süßen, Stadt","55 - 60 Jahre",653,327,326
"Süßen, Stadt","60 - 65 Jahre",560,272,288
"Süßen, Stadt","65 - 75 Jahre",1077,511,566
"Süßen, Stadt","75 und mehr Jahre",957,372,585
"Süßen, Stadt","Insgesamt",9934,4972,4962
"Uhingen, Stadt","unter 3 Jahre",362,188,174
"Uhingen, Stadt","3 -  6 Jahre",385,191,194
"Uhingen, Stadt","6 - 10 Jahre",553,286,267
"Uhingen, Stadt","10 - 15 Jahre",863,479,384
"Uhingen, Stadt","15 - 18 Jahre",520,264,256
"Uhingen, Stadt","18 - 20 Jahre",351,195,156
"Uhingen, Stadt","20 - 25 Jahre",759,406,353
"Uhingen, Stadt","25 - 30 Jahre",700,365,335
"Uhingen, Stadt","30 - 35 Jahre",693,335,358
"Uhingen, Stadt","35 - 40 Jahre",794,406,388
"Uhingen, Stadt","40 - 45 Jahre",1076,537,539
"Uhingen, Stadt","45 - 50 Jahre",1104,568,536
"Uhingen, Stadt","50 - 55 Jahre",1044,539,505
"Uhingen, Stadt","55 - 60 Jahre",791,381,410
"Uhingen, Stadt","60 - 65 Jahre",706,333,373
"Uhingen, Stadt","65 - 75 Jahre",1543,725,818
"Uhingen, Stadt","75 und mehr Jahre",1311,512,799
"Uhingen, Stadt","Insgesamt",13555,6710,6845
"Wäschenbeuren","unter 3 Jahre",107,53,54
"Wäschenbeuren","3 -  6 Jahre",126,65,61
"Wäschenbeuren","6 - 10 Jahre",168,90,78
"Wäschenbeuren","10 - 15 Jahre",268,142,126
"Wäschenbeuren","15 - 18 Jahre",149,71,78
"Wäschenbeuren","18 - 20 Jahre",90,41,49
"Wäschenbeuren","20 - 25 Jahre",232,129,103
"Wäschenbeuren","25 - 30 Jahre",183,90,93
"Wäschenbeuren","30 - 35 Jahre",200,97,103
"Wäschenbeuren","35 - 40 Jahre",253,114,139
"Wäschenbeuren","40 - 45 Jahre",370,182,188
"Wäschenbeuren","45 - 50 Jahre",398,205,193
"Wäschenbeuren","50 - 55 Jahre",333,173,160
"Wäschenbeuren","55 - 60 Jahre",208,106,102
"Wäschenbeuren","60 - 65 Jahre",176,87,89
"Wäschenbeuren","65 - 75 Jahre",434,205,229
"Wäschenbeuren","75 und mehr Jahre",281,121,160
"Wäschenbeuren","Insgesamt",3976,1971,2005
"Wangen","unter 3 Jahre",70,32,38
"Wangen","3 -  6 Jahre",82,42,40
"Wangen","6 - 10 Jahre",108,55,53
"Wangen","10 - 15 Jahre",158,72,86
"Wangen","15 - 18 Jahre",107,48,59
"Wangen","18 - 20 Jahre",71,31,40
"Wangen","20 - 25 Jahre",166,88,78
"Wangen","25 - 30 Jahre",148,68,80
"Wangen","30 - 35 Jahre",138,77,61
"Wangen","35 - 40 Jahre",200,92,108
"Wangen","40 - 45 Jahre",255,136,119
"Wangen","45 - 50 Jahre",297,153,144
"Wangen","50 - 55 Jahre",253,118,135
"Wangen","55 - 60 Jahre",220,109,111
"Wangen","60 - 65 Jahre",172,90,82
"Wangen","65 - 75 Jahre",427,203,224
"Wangen","75 und mehr Jahre",293,125,168
"Wangen","Insgesamt",3165,1539,1626
"Wiesensteig, Stadt","unter 3 Jahre",37,19,18
"Wiesensteig, Stadt","3 -  6 Jahre",55,21,34
"Wiesensteig, Stadt","6 - 10 Jahre",62,33,29
"Wiesensteig, Stadt","10 - 15 Jahre",101,54,47
"Wiesensteig, Stadt","15 - 18 Jahre",88,55,33
"Wiesensteig, Stadt","18 - 20 Jahre",68,38,30
"Wiesensteig, Stadt","20 - 25 Jahre",152,86,66
"Wiesensteig, Stadt","25 - 30 Jahre",110,61,49
"Wiesensteig, Stadt","30 - 35 Jahre",93,43,50
"Wiesensteig, Stadt","35 - 40 Jahre",117,46,71
"Wiesensteig, Stadt","40 - 45 Jahre",169,96,73
"Wiesensteig, Stadt","45 - 50 Jahre",178,96,82
"Wiesensteig, Stadt","50 - 55 Jahre",169,93,76
"Wiesensteig, Stadt","55 - 60 Jahre",133,72,61
"Wiesensteig, Stadt","60 - 65 Jahre",109,53,56
"Wiesensteig, Stadt","65 - 75 Jahre",248,110,138
"Wiesensteig, Stadt","75 und mehr Jahre",249,95,154
"Wiesensteig, Stadt","Insgesamt",2138,1071,1067
"Zell unter Aichelberg","unter 3 Jahre",84,45,39
"Zell unter Aichelberg","3 -  6 Jahre",105,56,49
"Zell unter Aichelberg","6 - 10 Jahre",108,55,53
"Zell unter Aichelberg","10 - 15 Jahre",171,95,76
"Zell unter Aichelberg","15 - 18 Jahre",103,66,37
"Zell unter Aichelberg","18 - 20 Jahre",67,29,38
"Zell unter Aichelberg","20 - 25 Jahre",137,77,60
"Zell unter Aichelberg","25 - 30 Jahre",154,84,70
"Zell unter Aichelberg","30 - 35 Jahre",167,80,87
"Zell unter Aichelberg","35 - 40 Jahre",192,95,97
"Zell unter Aichelberg","40 - 45 Jahre",286,141,145
"Zell unter Aichelberg","45 - 50 Jahre",253,135,118
"Zell unter Aichelberg","50 - 55 Jahre",254,127,127
"Zell unter Aichelberg","55 - 60 Jahre",199,101,98
"Zell unter Aichelberg","60 - 65 Jahre",194,99,95
"Zell unter Aichelberg","65 - 75 Jahre",329,162,167
"Zell unter Aichelberg","75 und mehr Jahre",225,81,144
"Zell unter Aichelberg","Insgesamt",3028,1528,1500
"Lauterstein, Stadt","unter 3 Jahre",64,30,34
"Lauterstein, Stadt","3 -  6 Jahre",61,35,26
"Lauterstein, Stadt","6 - 10 Jahre",96,41,55
"Lauterstein, Stadt","10 - 15 Jahre",154,75,79
"Lauterstein, Stadt","15 - 18 Jahre",95,53,42
"Lauterstein, Stadt","18 - 20 Jahre",81,37,44
"Lauterstein, Stadt","20 - 25 Jahre",138,83,55
"Lauterstein, Stadt","25 - 30 Jahre",151,69,82
"Lauterstein, Stadt","30 - 35 Jahre",113,56,57
"Lauterstein, Stadt","35 - 40 Jahre",157,78,79
"Lauterstein, Stadt","40 - 45 Jahre",203,99,104
"Lauterstein, Stadt","45 - 50 Jahre",260,134,126
"Lauterstein, Stadt","50 - 55 Jahre",215,112,103
"Lauterstein, Stadt","55 - 60 Jahre",186,97,89
"Lauterstein, Stadt","60 - 65 Jahre",156,78,78
"Lauterstein, Stadt","65 - 75 Jahre",318,160,158
"Lauterstein, Stadt","75 und mehr Jahre",233,90,143
"Lauterstein, Stadt","Insgesamt",2681,1327,1354
"Landkreis Ludwigsburg","unter 3 Jahre",14178,7274,6904
"Landkreis Ludwigsburg","3 -  6 Jahre",14418,7351,7067
"Landkreis Ludwigsburg","6 - 10 Jahre",20333,10483,9850
"Landkreis Ludwigsburg","10 - 15 Jahre",27745,14326,13419
"Landkreis Ludwigsburg","15 - 18 Jahre",16815,8653,8162
"Landkreis Ludwigsburg","18 - 20 Jahre",11856,6089,5767
"Landkreis Ludwigsburg","20 - 25 Jahre",28856,14546,14310
"Landkreis Ludwigsburg","25 - 30 Jahre",29503,14435,15068
"Landkreis Ludwigsburg","30 - 35 Jahre",32558,16355,16203
"Landkreis Ludwigsburg","35 - 40 Jahre",34237,17191,17046
"Landkreis Ludwigsburg","40 - 45 Jahre",44496,22816,21680
"Landkreis Ludwigsburg","45 - 50 Jahre",44461,22833,21628
"Landkreis Ludwigsburg","50 - 55 Jahre",38120,19260,18860
"Landkreis Ludwigsburg","55 - 60 Jahre",31808,15493,16315
"Landkreis Ludwigsburg","60 - 65 Jahre",28192,13838,14354
"Landkreis Ludwigsburg","65 - 75 Jahre",56906,27113,29793
"Landkreis Ludwigsburg","75 und mehr Jahre",43503,17215,26288
"Landkreis Ludwigsburg","Insgesamt",517985,255271,262714
"Affalterbach","unter 3 Jahre",111,50,61
"Affalterbach","3 -  6 Jahre",125,67,58
"Affalterbach","6 - 10 Jahre",160,83,77
"Affalterbach","10 - 15 Jahre",256,126,130
"Affalterbach","15 - 18 Jahre",168,106,62
"Affalterbach","18 - 20 Jahre",108,52,56
"Affalterbach","20 - 25 Jahre",251,151,100
"Affalterbach","25 - 30 Jahre",179,88,91
"Affalterbach","30 - 35 Jahre",256,135,121
"Affalterbach","35 - 40 Jahre",269,141,128
"Affalterbach","40 - 45 Jahre",402,193,209
"Affalterbach","45 - 50 Jahre",388,192,196
"Affalterbach","50 - 55 Jahre",326,149,177
"Affalterbach","55 - 60 Jahre",307,141,166
"Affalterbach","60 - 65 Jahre",311,162,149
"Affalterbach","65 - 75 Jahre",540,268,272
"Affalterbach","75 und mehr Jahre",401,167,234
"Affalterbach","Insgesamt",4558,2271,2287
"Asperg, Stadt","unter 3 Jahre",357,178,179
"Asperg, Stadt","3 -  6 Jahre",388,207,181
"Asperg, Stadt","6 - 10 Jahre",549,300,249
"Asperg, Stadt","10 - 15 Jahre",686,340,346
"Asperg, Stadt","15 - 18 Jahre",372,209,163
"Asperg, Stadt","18 - 20 Jahre",272,134,138
"Asperg, Stadt","20 - 25 Jahre",716,361,355
"Asperg, Stadt","25 - 30 Jahre",764,369,395
"Asperg, Stadt","30 - 35 Jahre",814,400,414
"Asperg, Stadt","35 - 40 Jahre",850,448,402
"Asperg, Stadt","40 - 45 Jahre",1088,548,540
"Asperg, Stadt","45 - 50 Jahre",1101,569,532
"Asperg, Stadt","50 - 55 Jahre",1000,494,506
"Asperg, Stadt","55 - 60 Jahre",813,427,386
"Asperg, Stadt","60 - 65 Jahre",697,357,340
"Asperg, Stadt","65 - 75 Jahre",1478,685,793
"Asperg, Stadt","75 und mehr Jahre",1181,470,711
"Asperg, Stadt","Insgesamt",13126,6496,6630
"Benningen am Neckar","unter 3 Jahre",175,99,76
"Benningen am Neckar","3 -  6 Jahre",156,81,75
"Benningen am Neckar","6 - 10 Jahre",237,116,121
"Benningen am Neckar","10 - 15 Jahre",311,161,150
"Benningen am Neckar","15 - 18 Jahre",183,98,85
"Benningen am Neckar","18 - 20 Jahre",143,69,74
"Benningen am Neckar","20 - 25 Jahre",363,181,182
"Benningen am Neckar","25 - 30 Jahre",291,150,141
"Benningen am Neckar","30 - 35 Jahre",349,168,181
"Benningen am Neckar","35 - 40 Jahre",364,198,166
"Benningen am Neckar","40 - 45 Jahre",484,246,238
"Benningen am Neckar","45 - 50 Jahre",491,246,245
"Benningen am Neckar","50 - 55 Jahre",473,228,245
"Benningen am Neckar","55 - 60 Jahre",430,208,222
"Benningen am Neckar","60 - 65 Jahre",349,176,173
"Benningen am Neckar","65 - 75 Jahre",586,285,301
"Benningen am Neckar","75 und mehr Jahre",408,163,245
"Benningen am Neckar","Insgesamt",5793,2873,2920
"Besigheim, Stadt","unter 3 Jahre",326,163,163
"Besigheim, Stadt","3 -  6 Jahre",337,189,148
"Besigheim, Stadt","6 - 10 Jahre",507,254,253
"Besigheim, Stadt","10 - 15 Jahre",631,326,305
"Besigheim, Stadt","15 - 18 Jahre",412,198,214
"Besigheim, Stadt","18 - 20 Jahre",262,144,118
"Besigheim, Stadt","20 - 25 Jahre",629,324,305
"Besigheim, Stadt","25 - 30 Jahre",698,309,389
"Besigheim, Stadt","30 - 35 Jahre",710,359,351
"Besigheim, Stadt","35 - 40 Jahre",778,368,410
"Besigheim, Stadt","40 - 45 Jahre",1066,545,521
"Besigheim, Stadt","45 - 50 Jahre",1054,533,521
"Besigheim, Stadt","50 - 55 Jahre",955,491,464
"Besigheim, Stadt","55 - 60 Jahre",727,361,366
"Besigheim, Stadt","60 - 65 Jahre",618,326,292
"Besigheim, Stadt","65 - 75 Jahre",1182,553,629
"Besigheim, Stadt","75 und mehr Jahre",978,387,591
"Besigheim, Stadt","Insgesamt",11870,5830,6040
"Bönnigheim, Stadt","unter 3 Jahre",171,84,87
"Bönnigheim, Stadt","3 -  6 Jahre",184,93,91
"Bönnigheim, Stadt","6 - 10 Jahre",318,161,157
"Bönnigheim, Stadt","10 - 15 Jahre",476,251,225
"Bönnigheim, Stadt","15 - 18 Jahre",296,139,157
"Bönnigheim, Stadt","18 - 20 Jahre",210,108,102
"Bönnigheim, Stadt","20 - 25 Jahre",450,238,212
"Bönnigheim, Stadt","25 - 30 Jahre",360,178,182
"Bönnigheim, Stadt","30 - 35 Jahre",389,192,197
"Bönnigheim, Stadt","35 - 40 Jahre",560,280,280
"Bönnigheim, Stadt","40 - 45 Jahre",726,385,341
"Bönnigheim, Stadt","45 - 50 Jahre",727,362,365
"Bönnigheim, Stadt","50 - 55 Jahre",550,269,281
"Bönnigheim, Stadt","55 - 60 Jahre",409,205,204
"Bönnigheim, Stadt","60 - 65 Jahre",399,193,206
"Bönnigheim, Stadt","65 - 75 Jahre",708,335,373
"Bönnigheim, Stadt","75 und mehr Jahre",587,225,362
"Bönnigheim, Stadt","Insgesamt",7520,3698,3822
"Ditzingen, Stadt","unter 3 Jahre",696,349,347
"Ditzingen, Stadt","3 -  6 Jahre",706,342,364
"Ditzingen, Stadt","6 - 10 Jahre",990,506,484
"Ditzingen, Stadt","10 - 15 Jahre",1278,666,612
"Ditzingen, Stadt","15 - 18 Jahre",769,414,355
"Ditzingen, Stadt","18 - 20 Jahre",510,258,252
"Ditzingen, Stadt","20 - 25 Jahre",1262,603,659
"Ditzingen, Stadt","25 - 30 Jahre",1406,695,711
"Ditzingen, Stadt","30 - 35 Jahre",1542,817,725
"Ditzingen, Stadt","35 - 40 Jahre",1613,827,786
"Ditzingen, Stadt","40 - 45 Jahre",2022,1020,1002
"Ditzingen, Stadt","45 - 50 Jahre",2069,1049,1020
"Ditzingen, Stadt","50 - 55 Jahre",1820,926,894
"Ditzingen, Stadt","55 - 60 Jahre",1563,784,779
"Ditzingen, Stadt","60 - 65 Jahre",1396,680,716
"Ditzingen, Stadt","65 - 75 Jahre",2812,1367,1445
"Ditzingen, Stadt","75 und mehr Jahre",2039,823,1216
"Ditzingen, Stadt","Insgesamt",24493,12126,12367
"Eberdingen","unter 3 Jahre",189,96,93
"Eberdingen","3 -  6 Jahre",186,85,101
"Eberdingen","6 - 10 Jahre",240,120,120
"Eberdingen","10 - 15 Jahre",341,190,151
"Eberdingen","15 - 18 Jahre",251,127,124
"Eberdingen","18 - 20 Jahre",178,104,74
"Eberdingen","20 - 25 Jahre",322,144,178
"Eberdingen","25 - 30 Jahre",320,161,159
"Eberdingen","30 - 35 Jahre",349,160,189
"Eberdingen","35 - 40 Jahre",396,197,199
"Eberdingen","40 - 45 Jahre",559,281,278
"Eberdingen","45 - 50 Jahre",573,300,273
"Eberdingen","50 - 55 Jahre",455,240,215
"Eberdingen","55 - 60 Jahre",449,237,212
"Eberdingen","60 - 65 Jahre",386,190,196
"Eberdingen","65 - 75 Jahre",751,357,394
"Eberdingen","75 und mehr Jahre",462,198,264
"Eberdingen","Insgesamt",6407,3187,3220
"Erdmannhausen","unter 3 Jahre",132,68,64
"Erdmannhausen","3 -  6 Jahre",119,58,61
"Erdmannhausen","6 - 10 Jahre",179,102,77
"Erdmannhausen","10 - 15 Jahre",260,143,117
"Erdmannhausen","15 - 18 Jahre",169,94,75
"Erdmannhausen","18 - 20 Jahre",128,62,66
"Erdmannhausen","20 - 25 Jahre",256,132,124
"Erdmannhausen","25 - 30 Jahre",206,101,105
"Erdmannhausen","30 - 35 Jahre",263,124,139
"Erdmannhausen","35 - 40 Jahre",237,120,117
"Erdmannhausen","40 - 45 Jahre",402,201,201
"Erdmannhausen","45 - 50 Jahre",403,211,192
"Erdmannhausen","50 - 55 Jahre",409,204,205
"Erdmannhausen","55 - 60 Jahre",373,172,201
"Erdmannhausen","60 - 65 Jahre",287,158,129
"Erdmannhausen","65 - 75 Jahre",495,249,246
"Erdmannhausen","75 und mehr Jahre",398,149,249
"Erdmannhausen","Insgesamt",4716,2348,2368
"Erligheim","unter 3 Jahre",67,34,33
"Erligheim","3 -  6 Jahre",69,37,32
"Erligheim","6 - 10 Jahre",115,56,59
"Erligheim","10 - 15 Jahre",147,76,71
"Erligheim","15 - 18 Jahre",109,61,48
"Erligheim","18 - 20 Jahre",76,42,34
"Erligheim","20 - 25 Jahre",189,104,85
"Erligheim","25 - 30 Jahre",146,79,67
"Erligheim","30 - 35 Jahre",160,81,79
"Erligheim","35 - 40 Jahre",171,85,86
"Erligheim","40 - 45 Jahre",236,131,105
"Erligheim","45 - 50 Jahre",250,114,136
"Erligheim","50 - 55 Jahre",223,126,97
"Erligheim","55 - 60 Jahre",186,89,97
"Erligheim","60 - 65 Jahre",119,60,59
"Erligheim","65 - 75 Jahre",246,114,132
"Erligheim","75 und mehr Jahre",177,84,93
"Erligheim","Insgesamt",2686,1373,1313
"Freudental","unter 3 Jahre",69,35,34
"Freudental","3 -  6 Jahre",75,35,40
"Freudental","6 - 10 Jahre",109,56,53
"Freudental","10 - 15 Jahre",117,65,52
"Freudental","15 - 18 Jahre",93,46,47
"Freudental","18 - 20 Jahre",59,31,28
"Freudental","20 - 25 Jahre",128,70,58
"Freudental","25 - 30 Jahre",86,43,43
"Freudental","30 - 35 Jahre",135,71,64
"Freudental","35 - 40 Jahre",162,80,82
"Freudental","40 - 45 Jahre",220,110,110
"Freudental","45 - 50 Jahre",238,130,108
"Freudental","50 - 55 Jahre",186,95,91
"Freudental","55 - 60 Jahre",139,71,68
"Freudental","60 - 65 Jahre",120,53,67
"Freudental","65 - 75 Jahre",289,139,150
"Freudental","75 und mehr Jahre",205,99,106
"Freudental","Insgesamt",2430,1229,1201
"Gemmrigheim","unter 3 Jahre",94,58,36
"Gemmrigheim","3 -  6 Jahre",111,58,53
"Gemmrigheim","6 - 10 Jahre",173,85,88
"Gemmrigheim","10 - 15 Jahre",246,125,121
"Gemmrigheim","15 - 18 Jahre",149,79,70
"Gemmrigheim","18 - 20 Jahre",89,46,43
"Gemmrigheim","20 - 25 Jahre",249,121,128
"Gemmrigheim","25 - 30 Jahre",222,105,117
"Gemmrigheim","30 - 35 Jahre",242,122,120
"Gemmrigheim","35 - 40 Jahre",266,127,139
"Gemmrigheim","40 - 45 Jahre",360,186,174
"Gemmrigheim","45 - 50 Jahre",336,197,139
"Gemmrigheim","50 - 55 Jahre",266,137,129
"Gemmrigheim","55 - 60 Jahre",233,106,127
"Gemmrigheim","60 - 65 Jahre",195,102,93
"Gemmrigheim","65 - 75 Jahre",393,190,203
"Gemmrigheim","75 und mehr Jahre",304,112,192
"Gemmrigheim","Insgesamt",3928,1956,1972
"Gerlingen, Stadt","unter 3 Jahre",510,256,254
"Gerlingen, Stadt","3 -  6 Jahre",508,259,249
"Gerlingen, Stadt","6 - 10 Jahre",722,378,344
"Gerlingen, Stadt","10 - 15 Jahre",938,485,453
"Gerlingen, Stadt","15 - 18 Jahre",516,276,240
"Gerlingen, Stadt","18 - 20 Jahre",334,171,163
"Gerlingen, Stadt","20 - 25 Jahre",819,414,405
"Gerlingen, Stadt","25 - 30 Jahre",1029,480,549
"Gerlingen, Stadt","30 - 35 Jahre",1184,625,559
"Gerlingen, Stadt","35 - 40 Jahre",1253,633,620
"Gerlingen, Stadt","40 - 45 Jahre",1740,907,833
"Gerlingen, Stadt","45 - 50 Jahre",1658,872,786
"Gerlingen, Stadt","50 - 55 Jahre",1299,659,640
"Gerlingen, Stadt","55 - 60 Jahre",1038,498,540
"Gerlingen, Stadt","60 - 65 Jahre",1009,499,510
"Gerlingen, Stadt","65 - 75 Jahre",2450,1103,1347
"Gerlingen, Stadt","75 und mehr Jahre",2018,830,1188
"Gerlingen, Stadt","Insgesamt",19025,9345,9680
"Großbottwar, Stadt","unter 3 Jahre",219,107,112
"Großbottwar, Stadt","3 -  6 Jahre",203,106,97
"Großbottwar, Stadt","6 - 10 Jahre",370,210,160
"Großbottwar, Stadt","10 - 15 Jahre",486,277,209
"Großbottwar, Stadt","15 - 18 Jahre",333,162,171
"Großbottwar, Stadt","18 - 20 Jahre",219,107,112
"Großbottwar, Stadt","20 - 25 Jahre",450,228,222
"Großbottwar, Stadt","25 - 30 Jahre",389,199,190
"Großbottwar, Stadt","30 - 35 Jahre",457,236,221
"Großbottwar, Stadt","35 - 40 Jahre",477,233,244
"Großbottwar, Stadt","40 - 45 Jahre",748,379,369
"Großbottwar, Stadt","45 - 50 Jahre",778,397,381
"Großbottwar, Stadt","50 - 55 Jahre",587,303,284
"Großbottwar, Stadt","55 - 60 Jahre",519,251,268
"Großbottwar, Stadt","60 - 65 Jahre",443,229,214
"Großbottwar, Stadt","65 - 75 Jahre",858,424,434
"Großbottwar, Stadt","75 und mehr Jahre",635,260,375
"Großbottwar, Stadt","Insgesamt",8171,4108,4063
"Hemmingen","unter 3 Jahre",201,103,98
"Hemmingen","3 -  6 Jahre",191,94,97
"Hemmingen","6 - 10 Jahre",245,139,106
"Hemmingen","10 - 15 Jahre",416,210,206
"Hemmingen","15 - 18 Jahre",254,122,132
"Hemmingen","18 - 20 Jahre",191,104,87
"Hemmingen","20 - 25 Jahre",372,198,174
"Hemmingen","25 - 30 Jahre",347,183,164
"Hemmingen","30 - 35 Jahre",416,206,210
"Hemmingen","35 - 40 Jahre",404,178,226
"Hemmingen","40 - 45 Jahre",606,313,293
"Hemmingen","45 - 50 Jahre",645,326,319
"Hemmingen","50 - 55 Jahre",537,287,250
"Hemmingen","55 - 60 Jahre",529,245,284
"Hemmingen","60 - 65 Jahre",454,209,245
"Hemmingen","65 - 75 Jahre",971,476,495
"Hemmingen","75 und mehr Jahre",575,244,331
"Hemmingen","Insgesamt",7354,3637,3717
"Hessigheim","unter 3 Jahre",72,34,38
"Hessigheim","3 -  6 Jahre",69,36,33
"Hessigheim","6 - 10 Jahre",103,49,54
"Hessigheim","10 - 15 Jahre",142,75,67
"Hessigheim","15 - 18 Jahre",67,34,33
"Hessigheim","18 - 20 Jahre",54,21,33
"Hessigheim","20 - 25 Jahre",138,75,63
"Hessigheim","25 - 30 Jahre",158,83,75
"Hessigheim","30 - 35 Jahre",139,85,54
"Hessigheim","35 - 40 Jahre",130,63,67
"Hessigheim","40 - 45 Jahre",179,89,90
"Hessigheim","45 - 50 Jahre",202,96,106
"Hessigheim","50 - 55 Jahre",157,74,83
"Hessigheim","55 - 60 Jahre",142,72,70
"Hessigheim","60 - 65 Jahre",101,54,47
"Hessigheim","65 - 75 Jahre",203,94,109
"Hessigheim","75 und mehr Jahre",161,66,95
"Hessigheim","Insgesamt",2217,1100,1117
"Kirchheim am Neckar","unter 3 Jahre",146,78,68
"Kirchheim am Neckar","3 -  6 Jahre",157,78,79
"Kirchheim am Neckar","6 - 10 Jahre",207,103,104
"Kirchheim am Neckar","10 - 15 Jahre",307,150,157
"Kirchheim am Neckar","15 - 18 Jahre",213,118,95
"Kirchheim am Neckar","18 - 20 Jahre",145,77,68
"Kirchheim am Neckar","20 - 25 Jahre",343,188,155
"Kirchheim am Neckar","25 - 30 Jahre",305,149,156
"Kirchheim am Neckar","30 - 35 Jahre",297,155,142
"Kirchheim am Neckar","35 - 40 Jahre",348,168,180
"Kirchheim am Neckar","40 - 45 Jahre",424,206,218
"Kirchheim am Neckar","45 - 50 Jahre",455,251,204
"Kirchheim am Neckar","50 - 55 Jahre",381,186,195
"Kirchheim am Neckar","55 - 60 Jahre",322,178,144
"Kirchheim am Neckar","60 - 65 Jahre",265,128,137
"Kirchheim am Neckar","65 - 75 Jahre",441,193,248
"Kirchheim am Neckar","75 und mehr Jahre",403,161,242
"Kirchheim am Neckar","Insgesamt",5159,2567,2592
"Kornwestheim, Stadt","unter 3 Jahre",889,476,413
"Kornwestheim, Stadt","3 -  6 Jahre",883,458,425
"Kornwestheim, Stadt","6 - 10 Jahre",1147,608,539
"Kornwestheim, Stadt","10 - 15 Jahre",1531,772,759
"Kornwestheim, Stadt","15 - 18 Jahre",946,476,470
"Kornwestheim, Stadt","18 - 20 Jahre",698,384,314
"Kornwestheim, Stadt","20 - 25 Jahre",1853,925,928
"Kornwestheim, Stadt","25 - 30 Jahre",2089,1021,1068
"Kornwestheim, Stadt","30 - 35 Jahre",2112,1079,1033
"Kornwestheim, Stadt","35 - 40 Jahre",2084,1030,1054
"Kornwestheim, Stadt","40 - 45 Jahre",2484,1315,1169
"Kornwestheim, Stadt","45 - 50 Jahre",2489,1280,1209
"Kornwestheim, Stadt","50 - 55 Jahre",2274,1138,1136
"Kornwestheim, Stadt","55 - 60 Jahre",1775,879,896
"Kornwestheim, Stadt","60 - 65 Jahre",1679,780,899
"Kornwestheim, Stadt","65 - 75 Jahre",3455,1636,1819
"Kornwestheim, Stadt","75 und mehr Jahre",2904,1129,1775
"Kornwestheim, Stadt","Insgesamt",31292,15386,15906
"Löchgau","unter 3 Jahre",114,58,56
"Löchgau","3 -  6 Jahre",134,61,73
"Löchgau","6 - 10 Jahre",236,118,118
"Löchgau","10 - 15 Jahre",302,148,154
"Löchgau","15 - 18 Jahre",194,109,85
"Löchgau","18 - 20 Jahre",142,76,66
"Löchgau","20 - 25 Jahre",309,166,143
"Löchgau","25 - 30 Jahre",249,124,125
"Löchgau","30 - 35 Jahre",235,121,114
"Löchgau","35 - 40 Jahre",297,135,162
"Löchgau","40 - 45 Jahre",455,232,223
"Löchgau","45 - 50 Jahre",486,264,222
"Löchgau","50 - 55 Jahre",472,228,244
"Löchgau","55 - 60 Jahre",363,187,176
"Löchgau","60 - 65 Jahre",280,127,153
"Löchgau","65 - 75 Jahre",621,311,310
"Löchgau","75 und mehr Jahre",482,188,294
"Löchgau","Insgesamt",5371,2653,2718
"Ludwigsburg, Stadt","unter 3 Jahre",2516,1267,1249
"Ludwigsburg, Stadt","3 -  6 Jahre",2385,1192,1193
"Ludwigsburg, Stadt","6 - 10 Jahre",3187,1603,1584
"Ludwigsburg, Stadt","10 - 15 Jahre",4201,2182,2019
"Ludwigsburg, Stadt","15 - 18 Jahre",2376,1201,1175
"Ludwigsburg, Stadt","18 - 20 Jahre",1838,921,917
"Ludwigsburg, Stadt","20 - 25 Jahre",5248,2518,2730
"Ludwigsburg, Stadt","25 - 30 Jahre",5902,2799,3103
"Ludwigsburg, Stadt","30 - 35 Jahre",6255,3212,3043
"Ludwigsburg, Stadt","35 - 40 Jahre",6277,3244,3033
"Ludwigsburg, Stadt","40 - 45 Jahre",7420,3853,3567
"Ludwigsburg, Stadt","45 - 50 Jahre",7046,3622,3424
"Ludwigsburg, Stadt","50 - 55 Jahre",6015,3034,2981
"Ludwigsburg, Stadt","55 - 60 Jahre",4985,2322,2663
"Ludwigsburg, Stadt","60 - 65 Jahre",4743,2267,2476
"Ludwigsburg, Stadt","65 - 75 Jahre",9553,4494,5059
"Ludwigsburg, Stadt","75 und mehr Jahre",7788,2880,4908
"Ludwigsburg, Stadt","Insgesamt",87735,42611,45124
"Marbach am Neckar, Stadt","unter 3 Jahre",435,232,203
"Marbach am Neckar, Stadt","3 -  6 Jahre",450,243,207
"Marbach am Neckar, Stadt","6 - 10 Jahre",646,322,324
"Marbach am Neckar, Stadt","10 - 15 Jahre",857,445,412
"Marbach am Neckar, Stadt","15 - 18 Jahre",559,294,265
"Marbach am Neckar, Stadt","18 - 20 Jahre",345,181,164
"Marbach am Neckar, Stadt","20 - 25 Jahre",796,420,376
"Marbach am Neckar, Stadt","25 - 30 Jahre",803,384,419
"Marbach am Neckar, Stadt","30 - 35 Jahre",1021,513,508
"Marbach am Neckar, Stadt","35 - 40 Jahre",1026,511,515
"Marbach am Neckar, Stadt","40 - 45 Jahre",1370,707,663
"Marbach am Neckar, Stadt","45 - 50 Jahre",1446,747,699
"Marbach am Neckar, Stadt","50 - 55 Jahre",1125,587,538
"Marbach am Neckar, Stadt","55 - 60 Jahre",925,424,501
"Marbach am Neckar, Stadt","60 - 65 Jahre",738,367,371
"Marbach am Neckar, Stadt","65 - 75 Jahre",1648,768,880
"Marbach am Neckar, Stadt","75 und mehr Jahre",1320,533,787
"Marbach am Neckar, Stadt","Insgesamt",15510,7678,7832
"Markgröningen, Stadt","unter 3 Jahre",379,197,182
"Markgröningen, Stadt","3 -  6 Jahre",402,211,191
"Markgröningen, Stadt","6 - 10 Jahre",544,291,253
"Markgröningen, Stadt","10 - 15 Jahre",754,402,352
"Markgröningen, Stadt","15 - 18 Jahre",474,250,224
"Markgröningen, Stadt","18 - 20 Jahre",364,182,182
"Markgröningen, Stadt","20 - 25 Jahre",889,454,435
"Markgröningen, Stadt","25 - 30 Jahre",844,438,406
"Markgröningen, Stadt","30 - 35 Jahre",896,438,458
"Markgröningen, Stadt","35 - 40 Jahre",994,488,506
"Markgröningen, Stadt","40 - 45 Jahre",1266,646,620
"Markgröningen, Stadt","45 - 50 Jahre",1259,656,603
"Markgröningen, Stadt","50 - 55 Jahre",1142,567,575
"Markgröningen, Stadt","55 - 60 Jahre",947,478,469
"Markgröningen, Stadt","60 - 65 Jahre",780,420,360
"Markgröningen, Stadt","65 - 75 Jahre",1438,701,737
"Markgröningen, Stadt","75 und mehr Jahre",1018,404,614
"Markgröningen, Stadt","Insgesamt",14390,7223,7167
"Möglingen","unter 3 Jahre",298,160,138
"Möglingen","3 -  6 Jahre",302,164,138
"Möglingen","6 - 10 Jahre",387,185,202
"Möglingen","10 - 15 Jahre",543,290,253
"Möglingen","15 - 18 Jahre",336,175,161
"Möglingen","18 - 20 Jahre",224,122,102
"Möglingen","20 - 25 Jahre",569,277,292
"Möglingen","25 - 30 Jahre",631,303,328
"Möglingen","30 - 35 Jahre",714,367,347
"Möglingen","35 - 40 Jahre",722,361,361
"Möglingen","40 - 45 Jahre",888,479,409
"Möglingen","45 - 50 Jahre",866,446,420
"Möglingen","50 - 55 Jahre",755,365,390
"Möglingen","55 - 60 Jahre",600,307,293
"Möglingen","60 - 65 Jahre",586,279,307
"Möglingen","65 - 75 Jahre",1300,615,685
"Möglingen","75 und mehr Jahre",896,388,508
"Möglingen","Insgesamt",10617,5283,5334
"Mundelsheim","unter 3 Jahre",73,32,41
"Mundelsheim","3 -  6 Jahre",85,48,37
"Mundelsheim","6 - 10 Jahre",134,79,55
"Mundelsheim","10 - 15 Jahre",181,96,85
"Mundelsheim","15 - 18 Jahre",109,58,51
"Mundelsheim","18 - 20 Jahre",87,47,40
"Mundelsheim","20 - 25 Jahre",171,86,85
"Mundelsheim","25 - 30 Jahre",151,81,70
"Mundelsheim","30 - 35 Jahre",168,82,86
"Mundelsheim","35 - 40 Jahre",186,104,82
"Mundelsheim","40 - 45 Jahre",261,126,135
"Mundelsheim","45 - 50 Jahre",294,143,151
"Mundelsheim","50 - 55 Jahre",272,140,132
"Mundelsheim","55 - 60 Jahre",191,94,97
"Mundelsheim","60 - 65 Jahre",163,76,87
"Mundelsheim","65 - 75 Jahre",350,173,177
"Mundelsheim","75 und mehr Jahre",278,108,170
"Mundelsheim","Insgesamt",3154,1573,1581
"Murr","unter 3 Jahre",181,100,81
"Murr","3 -  6 Jahre",175,93,82
"Murr","6 - 10 Jahre",226,105,121
"Murr","10 - 15 Jahre",370,190,180
"Murr","15 - 18 Jahre",225,108,117
"Murr","18 - 20 Jahre",138,65,73
"Murr","20 - 25 Jahre",332,187,145
"Murr","25 - 30 Jahre",324,151,173
"Murr","30 - 35 Jahre",385,192,193
"Murr","35 - 40 Jahre",412,207,205
"Murr","40 - 45 Jahre",577,299,278
"Murr","45 - 50 Jahre",581,274,307
"Murr","50 - 55 Jahre",441,228,213
"Murr","55 - 60 Jahre",384,189,195
"Murr","60 - 65 Jahre",338,156,182
"Murr","65 - 75 Jahre",658,318,340
"Murr","75 und mehr Jahre",454,178,276
"Murr","Insgesamt",6201,3040,3161
"Oberriexingen, Stadt","unter 3 Jahre",92,45,47
"Oberriexingen, Stadt","3 -  6 Jahre",93,47,46
"Oberriexingen, Stadt","6 - 10 Jahre",135,69,66
"Oberriexingen, Stadt","10 - 15 Jahre",184,100,84
"Oberriexingen, Stadt","15 - 18 Jahre",125,59,66
"Oberriexingen, Stadt","18 - 20 Jahre",92,62,30
"Oberriexingen, Stadt","20 - 25 Jahre",153,77,76
"Oberriexingen, Stadt","25 - 30 Jahre",162,79,83
"Oberriexingen, Stadt","30 - 35 Jahre",196,94,102
"Oberriexingen, Stadt","35 - 40 Jahre",220,113,107
"Oberriexingen, Stadt","40 - 45 Jahre",304,150,154
"Oberriexingen, Stadt","45 - 50 Jahre",288,158,130
"Oberriexingen, Stadt","50 - 55 Jahre",253,132,121
"Oberriexingen, Stadt","55 - 60 Jahre",190,93,97
"Oberriexingen, Stadt","60 - 65 Jahre",175,87,88
"Oberriexingen, Stadt","65 - 75 Jahre",323,158,165
"Oberriexingen, Stadt","75 und mehr Jahre",182,76,106
"Oberriexingen, Stadt","Insgesamt",3167,1599,1568
"Oberstenfeld","unter 3 Jahre",179,81,98
"Oberstenfeld","3 -  6 Jahre",208,108,100
"Oberstenfeld","6 - 10 Jahre",323,173,150
"Oberstenfeld","10 - 15 Jahre",440,222,218
"Oberstenfeld","15 - 18 Jahre",298,159,139
"Oberstenfeld","18 - 20 Jahre",204,106,98
"Oberstenfeld","20 - 25 Jahre",471,260,211
"Oberstenfeld","25 - 30 Jahre",411,225,186
"Oberstenfeld","30 - 35 Jahre",418,197,221
"Oberstenfeld","35 - 40 Jahre",450,225,225
"Oberstenfeld","40 - 45 Jahre",631,295,336
"Oberstenfeld","45 - 50 Jahre",695,341,354
"Oberstenfeld","50 - 55 Jahre",604,304,300
"Oberstenfeld","55 - 60 Jahre",462,234,228
"Oberstenfeld","60 - 65 Jahre",507,243,264
"Oberstenfeld","65 - 75 Jahre",992,490,502
"Oberstenfeld","75 und mehr Jahre",604,241,363
"Oberstenfeld","Insgesamt",7897,3904,3993
"Pleidelsheim","unter 3 Jahre",155,72,83
"Pleidelsheim","3 -  6 Jahre",163,90,73
"Pleidelsheim","6 - 10 Jahre",259,143,116
"Pleidelsheim","10 - 15 Jahre",388,202,186
"Pleidelsheim","15 - 18 Jahre",243,135,108
"Pleidelsheim","18 - 20 Jahre",154,85,69
"Pleidelsheim","20 - 25 Jahre",348,170,178
"Pleidelsheim","25 - 30 Jahre",322,151,171
"Pleidelsheim","30 - 35 Jahre",380,183,197
"Pleidelsheim","35 - 40 Jahre",395,183,212
"Pleidelsheim","40 - 45 Jahre",561,279,282
"Pleidelsheim","45 - 50 Jahre",607,316,291
"Pleidelsheim","50 - 55 Jahre",441,214,227
"Pleidelsheim","55 - 60 Jahre",406,190,216
"Pleidelsheim","60 - 65 Jahre",292,155,137
"Pleidelsheim","65 - 75 Jahre",650,303,347
"Pleidelsheim","75 und mehr Jahre",508,189,319
"Pleidelsheim","Insgesamt",6272,3060,3212
"Schwieberdingen","unter 3 Jahre",347,193,154
"Schwieberdingen","3 -  6 Jahre",368,193,175
"Schwieberdingen","6 - 10 Jahre",491,254,237
"Schwieberdingen","10 - 15 Jahre",532,284,248
"Schwieberdingen","15 - 18 Jahre",312,162,150
"Schwieberdingen","18 - 20 Jahre",247,122,125
"Schwieberdingen","20 - 25 Jahre",554,267,287
"Schwieberdingen","25 - 30 Jahre",670,320,350
"Schwieberdingen","30 - 35 Jahre",849,422,427
"Schwieberdingen","35 - 40 Jahre",894,493,401
"Schwieberdingen","40 - 45 Jahre",994,508,486
"Schwieberdingen","45 - 50 Jahre",880,479,401
"Schwieberdingen","50 - 55 Jahre",783,405,378
"Schwieberdingen","55 - 60 Jahre",671,319,352
"Schwieberdingen","60 - 65 Jahre",624,313,311
"Schwieberdingen","65 - 75 Jahre",1277,633,644
"Schwieberdingen","75 und mehr Jahre",869,395,474
"Schwieberdingen","Insgesamt",11362,5762,5600
"Sersheim","unter 3 Jahre",156,77,79
"Sersheim","3 -  6 Jahre",156,75,81
"Sersheim","6 - 10 Jahre",226,128,98
"Sersheim","10 - 15 Jahre",350,167,183
"Sersheim","15 - 18 Jahre",200,93,107
"Sersheim","18 - 20 Jahre",132,65,67
"Sersheim","20 - 25 Jahre",292,165,127
"Sersheim","25 - 30 Jahre",271,131,140
"Sersheim","30 - 35 Jahre",278,126,152
"Sersheim","35 - 40 Jahre",344,181,163
"Sersheim","40 - 45 Jahre",486,229,257
"Sersheim","45 - 50 Jahre",475,240,235
"Sersheim","50 - 55 Jahre",355,191,164
"Sersheim","55 - 60 Jahre",319,169,150
"Sersheim","60 - 65 Jahre",281,136,145
"Sersheim","65 - 75 Jahre",532,251,281
"Sersheim","75 und mehr Jahre",409,155,254
"Sersheim","Insgesamt",5262,2579,2683
"Steinheim an der Murr, Stadt","unter 3 Jahre",322,160,162
"Steinheim an der Murr, Stadt","3 -  6 Jahre",385,202,183
"Steinheim an der Murr, Stadt","6 - 10 Jahre",520,266,254
"Steinheim an der Murr, Stadt","10 - 15 Jahre",718,375,343
"Steinheim an der Murr, Stadt","15 - 18 Jahre",451,245,206
"Steinheim an der Murr, Stadt","18 - 20 Jahre",332,160,172
"Steinheim an der Murr, Stadt","20 - 25 Jahre",724,364,360
"Steinheim an der Murr, Stadt","25 - 30 Jahre",585,293,292
"Steinheim an der Murr, Stadt","30 - 35 Jahre",593,273,320
"Steinheim an der Murr, Stadt","35 - 40 Jahre",712,355,357
"Steinheim an der Murr, Stadt","40 - 45 Jahre",1115,572,543
"Steinheim an der Murr, Stadt","45 - 50 Jahre",1120,569,551
"Steinheim an der Murr, Stadt","50 - 55 Jahre",982,468,514
"Steinheim an der Murr, Stadt","55 - 60 Jahre",805,422,383
"Steinheim an der Murr, Stadt","60 - 65 Jahre",617,324,293
"Steinheim an der Murr, Stadt","65 - 75 Jahre",1162,558,604
"Steinheim an der Murr, Stadt","75 und mehr Jahre",896,346,550
"Steinheim an der Murr, Stadt","Insgesamt",12039,5952,6087
"Tamm","unter 3 Jahre",324,162,162
"Tamm","3 -  6 Jahre",306,170,136
"Tamm","6 - 10 Jahre",386,198,188
"Tamm","10 - 15 Jahre",591,311,280
"Tamm","15 - 18 Jahre",402,209,193
"Tamm","18 - 20 Jahre",266,147,119
"Tamm","20 - 25 Jahre",646,309,337
"Tamm","25 - 30 Jahre",725,367,358
"Tamm","30 - 35 Jahre",759,362,397
"Tamm","35 - 40 Jahre",844,440,404
"Tamm","40 - 45 Jahre",970,504,466
"Tamm","45 - 50 Jahre",1000,483,517
"Tamm","50 - 55 Jahre",1007,476,531
"Tamm","55 - 60 Jahre",954,434,520
"Tamm","60 - 65 Jahre",849,428,421
"Tamm","65 - 75 Jahre",1409,693,716
"Tamm","75 und mehr Jahre",848,365,483
"Tamm","Insgesamt",12286,6058,6228
"Vaihingen an der Enz, Stadt","unter 3 Jahre",777,391,386
"Vaihingen an der Enz, Stadt","3 -  6 Jahre",787,372,415
"Vaihingen an der Enz, Stadt","6 - 10 Jahre",1231,621,610
"Vaihingen an der Enz, Stadt","10 - 15 Jahre",1854,956,898
"Vaihingen an der Enz, Stadt","15 - 18 Jahre",1094,528,566
"Vaihingen an der Enz, Stadt","18 - 20 Jahre",733,363,370
"Vaihingen an der Enz, Stadt","20 - 25 Jahre",1601,866,735
"Vaihingen an der Enz, Stadt","25 - 30 Jahre",1394,702,692
"Vaihingen an der Enz, Stadt","30 - 35 Jahre",1687,829,858
"Vaihingen an der Enz, Stadt","35 - 40 Jahre",1783,902,881
"Vaihingen an der Enz, Stadt","40 - 45 Jahre",2523,1276,1247
"Vaihingen an der Enz, Stadt","45 - 50 Jahre",2599,1360,1239
"Vaihingen an der Enz, Stadt","50 - 55 Jahre",2195,1117,1078
"Vaihingen an der Enz, Stadt","55 - 60 Jahre",1722,893,829
"Vaihingen an der Enz, Stadt","60 - 65 Jahre",1539,754,785
"Vaihingen an der Enz, Stadt","65 - 75 Jahre",3018,1466,1552
"Vaihingen an der Enz, Stadt","75 und mehr Jahre",2296,894,1402
"Vaihingen an der Enz, Stadt","Insgesamt",28833,14290,14543
"Walheim","unter 3 Jahre",62,38,24
"Walheim","3 -  6 Jahre",63,29,34
"Walheim","6 - 10 Jahre",103,54,49
"Walheim","10 - 15 Jahre",166,84,82
"Walheim","15 - 18 Jahre",120,67,53
"Walheim","18 - 20 Jahre",73,45,28
"Walheim","20 - 25 Jahre",194,99,95
"Walheim","25 - 30 Jahre",163,93,70
"Walheim","30 - 35 Jahre",136,76,60
"Walheim","35 - 40 Jahre",152,82,70
"Walheim","40 - 45 Jahre",249,118,131
"Walheim","45 - 50 Jahre",270,143,127
"Walheim","50 - 55 Jahre",215,111,104
"Walheim","55 - 60 Jahre",195,98,97
"Walheim","60 - 65 Jahre",145,75,70
"Walheim","65 - 75 Jahre",348,156,192
"Walheim","75 und mehr Jahre",317,125,192
"Walheim","Insgesamt",2971,1493,1478
"Sachsenheim, Stadt","unter 3 Jahre",455,224,231
"Sachsenheim, Stadt","3 -  6 Jahre",454,246,208
"Sachsenheim, Stadt","6 - 10 Jahre",683,399,284
"Sachsenheim, Stadt","10 - 15 Jahre",951,456,495
"Sachsenheim, Stadt","15 - 18 Jahre",605,306,299
"Sachsenheim, Stadt","18 - 20 Jahre",429,223,206
"Sachsenheim, Stadt","20 - 25 Jahre",1085,568,517
"Sachsenheim, Stadt","25 - 30 Jahre",983,517,466
"Sachsenheim, Stadt","30 - 35 Jahre",1025,516,509
"Sachsenheim, Stadt","35 - 40 Jahre",1105,532,573
"Sachsenheim, Stadt","40 - 45 Jahre",1423,732,691
"Sachsenheim, Stadt","45 - 50 Jahre",1543,805,738
"Sachsenheim, Stadt","50 - 55 Jahre",1421,731,690
"Sachsenheim, Stadt","55 - 60 Jahre",1167,580,587
"Sachsenheim, Stadt","60 - 65 Jahre",926,484,442
"Sachsenheim, Stadt","65 - 75 Jahre",1934,925,1009
"Sachsenheim, Stadt","75 und mehr Jahre",1485,583,902
"Sachsenheim, Stadt","Insgesamt",17674,8827,8847
"Ingersheim","unter 3 Jahre",188,102,86
"Ingersheim","3 -  6 Jahre",187,87,100
"Ingersheim","6 - 10 Jahre",244,132,112
"Ingersheim","10 - 15 Jahre",345,169,176
"Ingersheim","15 - 18 Jahre",190,90,100
"Ingersheim","18 - 20 Jahre",126,60,66
"Ingersheim","20 - 25 Jahre",318,146,172
"Ingersheim","25 - 30 Jahre",333,157,176
"Ingersheim","30 - 35 Jahre",406,190,216
"Ingersheim","35 - 40 Jahre",390,202,188
"Ingersheim","40 - 45 Jahre",594,302,292
"Ingersheim","45 - 50 Jahre",498,262,236
"Ingersheim","50 - 55 Jahre",390,192,198
"Ingersheim","55 - 60 Jahre",364,180,184
"Ingersheim","60 - 65 Jahre",321,152,169
"Ingersheim","65 - 75 Jahre",595,289,306
"Ingersheim","75 und mehr Jahre",534,212,322
"Ingersheim","Insgesamt",6023,2924,3099
"Freiberg am Neckar, Stadt","unter 3 Jahre",408,211,197
"Freiberg am Neckar, Stadt","3 -  6 Jahre",410,206,204
"Freiberg am Neckar, Stadt","6 - 10 Jahre",584,292,292
"Freiberg am Neckar, Stadt","10 - 15 Jahre",819,414,405
"Freiberg am Neckar, Stadt","15 - 18 Jahre",493,239,254
"Freiberg am Neckar, Stadt","18 - 20 Jahre",366,172,194
"Freiberg am Neckar, Stadt","20 - 25 Jahre",807,427,380
"Freiberg am Neckar, Stadt","25 - 30 Jahre",896,428,468
"Freiberg am Neckar, Stadt","30 - 35 Jahre",945,460,485
"Freiberg am Neckar, Stadt","35 - 40 Jahre",1038,511,527
"Freiberg am Neckar, Stadt","40 - 45 Jahre",1420,698,722
"Freiberg am Neckar, Stadt","45 - 50 Jahre",1425,694,731
"Freiberg am Neckar, Stadt","50 - 55 Jahre",1132,583,549
"Freiberg am Neckar, Stadt","55 - 60 Jahre",1003,491,512
"Freiberg am Neckar, Stadt","60 - 65 Jahre",890,419,471
"Freiberg am Neckar, Stadt","65 - 75 Jahre",1773,850,923
"Freiberg am Neckar, Stadt","75 und mehr Jahre",1293,525,768
"Freiberg am Neckar, Stadt","Insgesamt",15702,7620,8082
"Bietigheim-Bissingen, Stadt","unter 3 Jahre",1118,572,546
"Bietigheim-Bissingen, Stadt","3 -  6 Jahre",1205,622,583
"Bietigheim-Bissingen, Stadt","6 - 10 Jahre",1678,853,825
"Bietigheim-Bissingen, Stadt","10 - 15 Jahre",2289,1170,1119
"Bietigheim-Bissingen, Stadt","15 - 18 Jahre",1313,679,634
"Bietigheim-Bissingen, Stadt","18 - 20 Jahre",925,485,440
"Bietigheim-Bissingen, Stadt","20 - 25 Jahre",2319,1152,1167
"Bietigheim-Bissingen, Stadt","25 - 30 Jahre",2460,1225,1235
"Bietigheim-Bissingen, Stadt","30 - 35 Jahre",2724,1360,1364
"Bietigheim-Bissingen, Stadt","35 - 40 Jahre",2775,1362,1413
"Bietigheim-Bissingen, Stadt","40 - 45 Jahre",3487,1777,1710
"Bietigheim-Bissingen, Stadt","45 - 50 Jahre",3472,1784,1688
"Bietigheim-Bissingen, Stadt","50 - 55 Jahre",3249,1618,1631
"Bietigheim-Bissingen, Stadt","55 - 60 Jahre",2682,1276,1406
"Bietigheim-Bissingen, Stadt","60 - 65 Jahre",2278,1092,1186
"Bietigheim-Bissingen, Stadt","65 - 75 Jahre",4934,2330,2604
"Bietigheim-Bissingen, Stadt","75 und mehr Jahre",3902,1518,2384
"Bietigheim-Bissingen, Stadt","Insgesamt",42810,20875,21935
"Korntal-Münchingen, Stadt","unter 3 Jahre",534,267,267
"Korntal-Münchingen, Stadt","3 -  6 Jahre",541,262,279
"Korntal-Münchingen, Stadt","6 - 10 Jahre",728,368,360
"Korntal-Münchingen, Stadt","10 - 15 Jahre",953,507,446
"Korntal-Münchingen, Stadt","15 - 18 Jahre",562,296,266
"Korntal-Münchingen, Stadt","18 - 20 Jahre",400,221,179
"Korntal-Münchingen, Stadt","20 - 25 Jahre",995,476,519
"Korntal-Münchingen, Stadt","25 - 30 Jahre",1011,483,528
"Korntal-Münchingen, Stadt","30 - 35 Jahre",1151,566,585
"Korntal-Münchingen, Stadt","35 - 40 Jahre",1277,622,655
"Korntal-Münchingen, Stadt","40 - 45 Jahre",1621,864,757
"Korntal-Münchingen, Stadt","45 - 50 Jahre",1616,856,760
"Korntal-Münchingen, Stadt","50 - 55 Jahre",1248,667,581
"Korntal-Münchingen, Stadt","55 - 60 Jahre",1100,519,581
"Korntal-Münchingen, Stadt","60 - 65 Jahre",986,457,529
"Korntal-Münchingen, Stadt","65 - 75 Jahre",2178,1058,1120
"Korntal-Münchingen, Stadt","75 und mehr Jahre",1708,654,1054
"Korntal-Münchingen, Stadt","Insgesamt",18609,9143,9466
"Remseck am Neckar, Stadt","unter 3 Jahre",641,365,276
"Remseck am Neckar, Stadt","3 -  6 Jahre",692,347,345
"Remseck am Neckar, Stadt","6 - 10 Jahre",1011,504,507
"Remseck am Neckar, Stadt","10 - 15 Jahre",1388,718,670
"Remseck am Neckar, Stadt","15 - 18 Jahre",834,432,402
"Remseck am Neckar, Stadt","18 - 20 Jahre",563,265,298
"Remseck am Neckar, Stadt","20 - 25 Jahre",1245,635,610
"Remseck am Neckar, Stadt","25 - 30 Jahre",1218,591,627
"Remseck am Neckar, Stadt","30 - 35 Jahre",1523,761,762
"Remseck am Neckar, Stadt","35 - 40 Jahre",1582,762,820
"Remseck am Neckar, Stadt","40 - 45 Jahre",2135,1115,1020
"Remseck am Neckar, Stadt","45 - 50 Jahre",2138,1066,1072
"Remseck am Neckar, Stadt","50 - 55 Jahre",1725,896,829
"Remseck am Neckar, Stadt","55 - 60 Jahre",1419,670,749
"Remseck am Neckar, Stadt","60 - 65 Jahre",1306,671,635
"Remseck am Neckar, Stadt","65 - 75 Jahre",2355,1105,1250
"Remseck am Neckar, Stadt","75 und mehr Jahre",1580,691,889
"Remseck am Neckar, Stadt","Insgesamt",23355,11594,11761
"Landkreis Rems-Murr-Kreis","unter 3 Jahre",10200,5222,4978
"Landkreis Rems-Murr-Kreis","3 -  6 Jahre",11149,5718,5431
"Landkreis Rems-Murr-Kreis","6 - 10 Jahre",15945,8128,7817
"Landkreis Rems-Murr-Kreis","10 - 15 Jahre",22809,11556,11253
"Landkreis Rems-Murr-Kreis","15 - 18 Jahre",14236,7235,7001
"Landkreis Rems-Murr-Kreis","18 - 20 Jahre",9801,5068,4733
"Landkreis Rems-Murr-Kreis","20 - 25 Jahre",22916,11915,11001
"Landkreis Rems-Murr-Kreis","25 - 30 Jahre",22392,11260,11132
"Landkreis Rems-Murr-Kreis","30 - 35 Jahre",23351,11467,11884
"Landkreis Rems-Murr-Kreis","35 - 40 Jahre",26011,12975,13036
"Landkreis Rems-Murr-Kreis","40 - 45 Jahre",35274,17867,17407
"Landkreis Rems-Murr-Kreis","45 - 50 Jahre",36858,18936,17922
"Landkreis Rems-Murr-Kreis","50 - 55 Jahre",31300,15959,15341
"Landkreis Rems-Murr-Kreis","55 - 60 Jahre",26240,12803,13437
"Landkreis Rems-Murr-Kreis","60 - 65 Jahre",23112,11307,11805
"Landkreis Rems-Murr-Kreis","65 - 75 Jahre",46995,22351,24644
"Landkreis Rems-Murr-Kreis","75 und mehr Jahre",36859,14495,22364
"Landkreis Rems-Murr-Kreis","Insgesamt",415448,204262,211186
"Alfdorf","unter 3 Jahre",174,85,89
"Alfdorf","3 -  6 Jahre",213,115,98
"Alfdorf","6 - 10 Jahre",303,167,136
"Alfdorf","10 - 15 Jahre",477,247,230
"Alfdorf","15 - 18 Jahre",289,137,152
"Alfdorf","18 - 20 Jahre",196,107,89
"Alfdorf","20 - 25 Jahre",469,262,207
"Alfdorf","25 - 30 Jahre",348,179,169
"Alfdorf","30 - 35 Jahre",337,171,166
"Alfdorf","35 - 40 Jahre",395,197,198
"Alfdorf","40 - 45 Jahre",603,300,303
"Alfdorf","45 - 50 Jahre",626,325,301
"Alfdorf","50 - 55 Jahre",559,282,277
"Alfdorf","55 - 60 Jahre",447,228,219
"Alfdorf","60 - 65 Jahre",340,192,148
"Alfdorf","65 - 75 Jahre",702,328,374
"Alfdorf","75 und mehr Jahre",656,259,397
"Alfdorf","Insgesamt",7134,3581,3553
"Allmersbach im Tal","unter 3 Jahre",108,61,47
"Allmersbach im Tal","3 -  6 Jahre",122,56,66
"Allmersbach im Tal","6 - 10 Jahre",197,110,87
"Allmersbach im Tal","10 - 15 Jahre",278,139,139
"Allmersbach im Tal","15 - 18 Jahre",175,93,82
"Allmersbach im Tal","18 - 20 Jahre",107,59,48
"Allmersbach im Tal","20 - 25 Jahre",212,103,109
"Allmersbach im Tal","25 - 30 Jahre",208,109,99
"Allmersbach im Tal","30 - 35 Jahre",223,110,113
"Allmersbach im Tal","35 - 40 Jahre",279,128,151
"Allmersbach im Tal","40 - 45 Jahre",468,231,237
"Allmersbach im Tal","45 - 50 Jahre",441,226,215
"Allmersbach im Tal","50 - 55 Jahre",347,179,168
"Allmersbach im Tal","55 - 60 Jahre",271,126,145
"Allmersbach im Tal","60 - 65 Jahre",254,125,129
"Allmersbach im Tal","65 - 75 Jahre",595,296,299
"Allmersbach im Tal","75 und mehr Jahre",420,174,246
"Allmersbach im Tal","Insgesamt",4705,2325,2380
"Althütte","unter 3 Jahre",107,66,41
"Althütte","3 -  6 Jahre",127,65,62
"Althütte","6 - 10 Jahre",180,84,96
"Althütte","10 - 15 Jahre",278,133,145
"Althütte","15 - 18 Jahre",164,85,79
"Althütte","18 - 20 Jahre",86,42,44
"Althütte","20 - 25 Jahre",224,130,94
"Althütte","25 - 30 Jahre",182,94,88
"Althütte","30 - 35 Jahre",173,73,100
"Althütte","35 - 40 Jahre",249,123,126
"Althütte","40 - 45 Jahre",384,179,205
"Althütte","45 - 50 Jahre",394,210,184
"Althütte","50 - 55 Jahre",325,178,147
"Althütte","55 - 60 Jahre",265,125,140
"Althütte","60 - 65 Jahre",265,126,139
"Althütte","65 - 75 Jahre",468,234,234
"Althütte","75 und mehr Jahre",318,138,180
"Althütte","Insgesamt",4189,2085,2104
"Auenwald","unter 3 Jahre",157,93,64
"Auenwald","3 -  6 Jahre",203,109,94
"Auenwald","6 - 10 Jahre",272,142,130
"Auenwald","10 - 15 Jahre",405,208,197
"Auenwald","15 - 18 Jahre",255,126,129
"Auenwald","18 - 20 Jahre",199,104,95
"Auenwald","20 - 25 Jahre",388,185,203
"Auenwald","25 - 30 Jahre",328,163,165
"Auenwald","30 - 35 Jahre",337,188,149
"Auenwald","35 - 40 Jahre",448,211,237
"Auenwald","40 - 45 Jahre",611,306,305
"Auenwald","45 - 50 Jahre",670,340,330
"Auenwald","50 - 55 Jahre",537,254,283
"Auenwald","55 - 60 Jahre",455,228,227
"Auenwald","60 - 65 Jahre",418,215,203
"Auenwald","65 - 75 Jahre",793,391,402
"Auenwald","75 und mehr Jahre",443,177,266
"Auenwald","Insgesamt",6919,3440,3479
"Backnang, Stadt","unter 3 Jahre",846,444,402
"Backnang, Stadt","3 -  6 Jahre",912,460,452
"Backnang, Stadt","6 - 10 Jahre",1384,717,667
"Backnang, Stadt","10 - 15 Jahre",1955,970,985
"Backnang, Stadt","15 - 18 Jahre",1265,658,607
"Backnang, Stadt","18 - 20 Jahre",874,433,441
"Backnang, Stadt","20 - 25 Jahre",2068,1029,1039
"Backnang, Stadt","25 - 30 Jahre",2062,1104,958
"Backnang, Stadt","30 - 35 Jahre",1915,964,951
"Backnang, Stadt","35 - 40 Jahre",2146,1114,1032
"Backnang, Stadt","40 - 45 Jahre",2778,1468,1310
"Backnang, Stadt","45 - 50 Jahre",3101,1630,1471
"Backnang, Stadt","50 - 55 Jahre",2755,1447,1308
"Backnang, Stadt","55 - 60 Jahre",2259,1087,1172
"Backnang, Stadt","60 - 65 Jahre",1926,938,988
"Backnang, Stadt","65 - 75 Jahre",3809,1838,1971
"Backnang, Stadt","75 und mehr Jahre",3340,1304,2036
"Backnang, Stadt","Insgesamt",35395,17605,17790
"Burgstetten","unter 3 Jahre",99,43,56
"Burgstetten","3 -  6 Jahre",87,50,37
"Burgstetten","6 - 10 Jahre",147,70,77
"Burgstetten","10 - 15 Jahre",219,113,106
"Burgstetten","15 - 18 Jahre",139,71,68
"Burgstetten","18 - 20 Jahre",91,40,51
"Burgstetten","20 - 25 Jahre",190,104,86
"Burgstetten","25 - 30 Jahre",164,88,76
"Burgstetten","30 - 35 Jahre",188,90,98
"Burgstetten","35 - 40 Jahre",210,102,108
"Burgstetten","40 - 45 Jahre",315,161,154
"Burgstetten","45 - 50 Jahre",313,149,164
"Burgstetten","50 - 55 Jahre",258,131,127
"Burgstetten","55 - 60 Jahre",203,99,104
"Burgstetten","60 - 65 Jahre",193,100,93
"Burgstetten","65 - 75 Jahre",313,159,154
"Burgstetten","75 und mehr Jahre",261,110,151
"Burgstetten","Insgesamt",3390,1680,1710
"Fellbach, Stadt","unter 3 Jahre",1186,606,580
"Fellbach, Stadt","3 -  6 Jahre",1151,577,574
"Fellbach, Stadt","6 - 10 Jahre",1616,815,801
"Fellbach, Stadt","10 - 15 Jahre",2197,1128,1069
"Fellbach, Stadt","15 - 18 Jahre",1352,671,681
"Fellbach, Stadt","18 - 20 Jahre",874,472,402
"Fellbach, Stadt","20 - 25 Jahre",2466,1279,1187
"Fellbach, Stadt","25 - 30 Jahre",2731,1354,1377
"Fellbach, Stadt","30 - 35 Jahre",3019,1432,1587
"Fellbach, Stadt","35 - 40 Jahre",3164,1602,1562
"Fellbach, Stadt","40 - 45 Jahre",3866,2072,1794
"Fellbach, Stadt","45 - 50 Jahre",3817,1970,1847
"Fellbach, Stadt","50 - 55 Jahre",3167,1586,1581
"Fellbach, Stadt","55 - 60 Jahre",2647,1251,1396
"Fellbach, Stadt","60 - 65 Jahre",2388,1166,1222
"Fellbach, Stadt","65 - 75 Jahre",5027,2320,2707
"Fellbach, Stadt","75 und mehr Jahre",3997,1533,2464
"Fellbach, Stadt","Insgesamt",44665,21834,22831
"Großerlach","unter 3 Jahre",38,16,22
"Großerlach","3 -  6 Jahre",53,24,29
"Großerlach","6 - 10 Jahre",74,39,35
"Großerlach","10 - 15 Jahre",113,58,55
"Großerlach","15 - 18 Jahre",79,41,38
"Großerlach","18 - 20 Jahre",71,41,30
"Großerlach","20 - 25 Jahre",126,60,66
"Großerlach","25 - 30 Jahre",104,52,52
"Großerlach","30 - 35 Jahre",88,49,39
"Großerlach","35 - 40 Jahre",103,53,50
"Großerlach","40 - 45 Jahre",194,103,91
"Großerlach","45 - 50 Jahre",243,131,112
"Großerlach","50 - 55 Jahre",247,155,92
"Großerlach","55 - 60 Jahre",197,129,68
"Großerlach","60 - 65 Jahre",172,101,71
"Großerlach","65 - 75 Jahre",282,179,103
"Großerlach","75 und mehr Jahre",304,104,200
"Großerlach","Insgesamt",2488,1335,1153
"Kaisersbach","unter 3 Jahre",58,31,27
"Kaisersbach","3 -  6 Jahre",84,42,42
"Kaisersbach","6 - 10 Jahre",89,58,31
"Kaisersbach","10 - 15 Jahre",150,78,72
"Kaisersbach","15 - 18 Jahre",119,50,69
"Kaisersbach","18 - 20 Jahre",67,38,29
"Kaisersbach","20 - 25 Jahre",163,92,71
"Kaisersbach","25 - 30 Jahre",147,78,69
"Kaisersbach","30 - 35 Jahre",135,66,69
"Kaisersbach","35 - 40 Jahre",130,69,61
"Kaisersbach","40 - 45 Jahre",238,110,128
"Kaisersbach","45 - 50 Jahre",251,136,115
"Kaisersbach","50 - 55 Jahre",208,108,100
"Kaisersbach","55 - 60 Jahre",195,98,97
"Kaisersbach","60 - 65 Jahre",135,69,66
"Kaisersbach","65 - 75 Jahre",240,123,117
"Kaisersbach","75 und mehr Jahre",242,96,146
"Kaisersbach","Insgesamt",2651,1342,1309
"Kirchberg an der Murr","unter 3 Jahre",101,52,49
"Kirchberg an der Murr","3 -  6 Jahre",108,49,59
"Kirchberg an der Murr","6 - 10 Jahre",173,79,94
"Kirchberg an der Murr","10 - 15 Jahre",200,100,100
"Kirchberg an der Murr","15 - 18 Jahre",129,64,65
"Kirchberg an der Murr","18 - 20 Jahre",80,41,39
"Kirchberg an der Murr","20 - 25 Jahre",193,106,87
"Kirchberg an der Murr","25 - 30 Jahre",178,107,71
"Kirchberg an der Murr","30 - 35 Jahre",199,93,106
"Kirchberg an der Murr","35 - 40 Jahre",257,134,123
"Kirchberg an der Murr","40 - 45 Jahre",305,151,154
"Kirchberg an der Murr","45 - 50 Jahre",318,158,160
"Kirchberg an der Murr","50 - 55 Jahre",265,142,123
"Kirchberg an der Murr","55 - 60 Jahre",239,121,118
"Kirchberg an der Murr","60 - 65 Jahre",179,89,90
"Kirchberg an der Murr","65 - 75 Jahre",397,208,189
"Kirchberg an der Murr","75 und mehr Jahre",335,152,183
"Kirchberg an der Murr","Insgesamt",3656,1846,1810
"Korb","unter 3 Jahre",251,137,114
"Korb","3 -  6 Jahre",249,133,116
"Korb","6 - 10 Jahre",366,178,188
"Korb","10 - 15 Jahre",524,265,259
"Korb","15 - 18 Jahre",371,177,194
"Korb","18 - 20 Jahre",233,116,117
"Korb","20 - 25 Jahre",529,265,264
"Korb","25 - 30 Jahre",501,254,247
"Korb","30 - 35 Jahre",588,291,297
"Korb","35 - 40 Jahre",653,341,312
"Korb","40 - 45 Jahre",906,451,455
"Korb","45 - 50 Jahre",1004,516,488
"Korb","50 - 55 Jahre",758,391,367
"Korb","55 - 60 Jahre",645,330,315
"Korb","60 - 65 Jahre",576,261,315
"Korb","65 - 75 Jahre",1241,581,660
"Korb","75 und mehr Jahre",934,405,529
"Korb","Insgesamt",10329,5092,5237
"Leutenbach","unter 3 Jahre",275,129,146
"Leutenbach","3 -  6 Jahre",308,165,143
"Leutenbach","6 - 10 Jahre",416,214,202
"Leutenbach","10 - 15 Jahre",594,280,314
"Leutenbach","15 - 18 Jahre",379,186,193
"Leutenbach","18 - 20 Jahre",288,146,142
"Leutenbach","20 - 25 Jahre",634,332,302
"Leutenbach","25 - 30 Jahre",582,285,297
"Leutenbach","30 - 35 Jahre",623,306,317
"Leutenbach","35 - 40 Jahre",679,341,338
"Leutenbach","40 - 45 Jahre",963,460,503
"Leutenbach","45 - 50 Jahre",972,472,500
"Leutenbach","50 - 55 Jahre",858,439,419
"Leutenbach","55 - 60 Jahre",659,307,352
"Leutenbach","60 - 65 Jahre",651,324,327
"Leutenbach","65 - 75 Jahre",1254,612,642
"Leutenbach","75 und mehr Jahre",814,346,468
"Leutenbach","Insgesamt",10949,5344,5605
"Murrhardt, Stadt","unter 3 Jahre",300,141,159
"Murrhardt, Stadt","3 -  6 Jahre",339,168,171
"Murrhardt, Stadt","6 - 10 Jahre",516,239,277
"Murrhardt, Stadt","10 - 15 Jahre",758,365,393
"Murrhardt, Stadt","15 - 18 Jahre",454,243,211
"Murrhardt, Stadt","18 - 20 Jahre",315,147,168
"Murrhardt, Stadt","20 - 25 Jahre",764,420,344
"Murrhardt, Stadt","25 - 30 Jahre",726,363,363
"Murrhardt, Stadt","30 - 35 Jahre",686,359,327
"Murrhardt, Stadt","35 - 40 Jahre",758,388,370
"Murrhardt, Stadt","40 - 45 Jahre",1027,534,493
"Murrhardt, Stadt","45 - 50 Jahre",1205,604,601
"Murrhardt, Stadt","50 - 55 Jahre",1126,591,535
"Murrhardt, Stadt","55 - 60 Jahre",994,500,494
"Murrhardt, Stadt","60 - 65 Jahre",793,393,400
"Murrhardt, Stadt","65 - 75 Jahre",1676,816,860
"Murrhardt, Stadt","75 und mehr Jahre",1469,540,929
"Murrhardt, Stadt","Insgesamt",13906,6811,7095
"Oppenweiler","unter 3 Jahre",88,42,46
"Oppenweiler","3 -  6 Jahre",110,61,49
"Oppenweiler","6 - 10 Jahre",173,88,85
"Oppenweiler","10 - 15 Jahre",212,112,100
"Oppenweiler","15 - 18 Jahre",135,69,66
"Oppenweiler","18 - 20 Jahre",103,53,50
"Oppenweiler","20 - 25 Jahre",251,149,102
"Oppenweiler","25 - 30 Jahre",209,102,107
"Oppenweiler","30 - 35 Jahre",213,109,104
"Oppenweiler","35 - 40 Jahre",213,98,115
"Oppenweiler","40 - 45 Jahre",319,162,157
"Oppenweiler","45 - 50 Jahre",391,188,203
"Oppenweiler","50 - 55 Jahre",352,179,173
"Oppenweiler","55 - 60 Jahre",265,132,133
"Oppenweiler","60 - 65 Jahre",226,115,111
"Oppenweiler","65 - 75 Jahre",460,219,241
"Oppenweiler","75 und mehr Jahre",371,156,215
"Oppenweiler","Insgesamt",4091,2034,2057
"Plüderhausen","unter 3 Jahre",199,96,103
"Plüderhausen","3 -  6 Jahre",250,134,116
"Plüderhausen","6 - 10 Jahre",348,174,174
"Plüderhausen","10 - 15 Jahre",529,275,254
"Plüderhausen","15 - 18 Jahre",313,182,131
"Plüderhausen","18 - 20 Jahre",199,93,106
"Plüderhausen","20 - 25 Jahre",503,257,246
"Plüderhausen","25 - 30 Jahre",480,249,231
"Plüderhausen","30 - 35 Jahre",467,246,221
"Plüderhausen","35 - 40 Jahre",566,270,296
"Plüderhausen","40 - 45 Jahre",802,409,393
"Plüderhausen","45 - 50 Jahre",842,417,425
"Plüderhausen","50 - 55 Jahre",724,366,358
"Plüderhausen","55 - 60 Jahre",597,307,290
"Plüderhausen","60 - 65 Jahre",551,249,302
"Plüderhausen","65 - 75 Jahre",1094,533,561
"Plüderhausen","75 und mehr Jahre",834,322,512
"Plüderhausen","Insgesamt",9298,4579,4719
"Rudersberg","unter 3 Jahre",266,140,126
"Rudersberg","3 -  6 Jahre",286,152,134
"Rudersberg","6 - 10 Jahre",426,198,228
"Rudersberg","10 - 15 Jahre",734,385,349
"Rudersberg","15 - 18 Jahre",417,217,200
"Rudersberg","18 - 20 Jahre",301,151,150
"Rudersberg","20 - 25 Jahre",658,356,302
"Rudersberg","25 - 30 Jahre",616,321,295
"Rudersberg","30 - 35 Jahre",573,269,304
"Rudersberg","35 - 40 Jahre",612,330,282
"Rudersberg","40 - 45 Jahre",949,450,499
"Rudersberg","45 - 50 Jahre",1089,562,527
"Rudersberg","50 - 55 Jahre",849,426,423
"Rudersberg","55 - 60 Jahre",797,388,409
"Rudersberg","60 - 65 Jahre",642,327,315
"Rudersberg","65 - 75 Jahre",1216,585,631
"Rudersberg","75 und mehr Jahre",996,419,577
"Rudersberg","Insgesamt",11427,5676,5751
"Schorndorf, Stadt","unter 3 Jahre",1038,523,515
"Schorndorf, Stadt","3 -  6 Jahre",1049,570,479
"Schorndorf, Stadt","6 - 10 Jahre",1476,741,735
"Schorndorf, Stadt","10 - 15 Jahre",2089,1052,1037
"Schorndorf, Stadt","15 - 18 Jahre",1245,633,612
"Schorndorf, Stadt","18 - 20 Jahre",921,462,459
"Schorndorf, Stadt","20 - 25 Jahre",2156,1141,1015
"Schorndorf, Stadt","25 - 30 Jahre",2080,1028,1052
"Schorndorf, Stadt","30 - 35 Jahre",2230,1100,1130
"Schorndorf, Stadt","35 - 40 Jahre",2345,1163,1182
"Schorndorf, Stadt","40 - 45 Jahre",3171,1575,1596
"Schorndorf, Stadt","45 - 50 Jahre",3282,1703,1579
"Schorndorf, Stadt","50 - 55 Jahre",2842,1409,1433
"Schorndorf, Stadt","55 - 60 Jahre",2592,1251,1341
"Schorndorf, Stadt","60 - 65 Jahre",2284,1090,1194
"Schorndorf, Stadt","65 - 75 Jahre",4623,2144,2479
"Schorndorf, Stadt","75 und mehr Jahre",3813,1485,2328
"Schorndorf, Stadt","Insgesamt",39236,19070,20166
"Schwaikheim","unter 3 Jahre",234,117,117
"Schwaikheim","3 -  6 Jahre",276,127,149
"Schwaikheim","6 - 10 Jahre",358,182,176
"Schwaikheim","10 - 15 Jahre",572,276,296
"Schwaikheim","15 - 18 Jahre",323,168,155
"Schwaikheim","18 - 20 Jahre",219,119,100
"Schwaikheim","20 - 25 Jahre",493,262,231
"Schwaikheim","25 - 30 Jahre",502,246,256
"Schwaikheim","30 - 35 Jahre",520,254,266
"Schwaikheim","35 - 40 Jahre",595,298,297
"Schwaikheim","40 - 45 Jahre",831,420,411
"Schwaikheim","45 - 50 Jahre",873,437,436
"Schwaikheim","50 - 55 Jahre",691,371,320
"Schwaikheim","55 - 60 Jahre",569,264,305
"Schwaikheim","60 - 65 Jahre",543,277,266
"Schwaikheim","65 - 75 Jahre",1003,461,542
"Schwaikheim","75 und mehr Jahre",743,306,437
"Schwaikheim","Insgesamt",9345,4585,4760
"Spiegelberg","unter 3 Jahre",47,27,20
"Spiegelberg","3 -  6 Jahre",61,36,25
"Spiegelberg","6 - 10 Jahre",67,34,33
"Spiegelberg","10 - 15 Jahre",107,68,39
"Spiegelberg","15 - 18 Jahre",85,48,37
"Spiegelberg","18 - 20 Jahre",71,38,33
"Spiegelberg","20 - 25 Jahre",138,77,61
"Spiegelberg","25 - 30 Jahre",113,59,54
"Spiegelberg","30 - 35 Jahre",104,53,51
"Spiegelberg","35 - 40 Jahre",114,60,54
"Spiegelberg","40 - 45 Jahre",182,107,75
"Spiegelberg","45 - 50 Jahre",211,104,107
"Spiegelberg","50 - 55 Jahre",207,116,91
"Spiegelberg","55 - 60 Jahre",155,84,71
"Spiegelberg","60 - 65 Jahre",94,57,37
"Spiegelberg","65 - 75 Jahre",192,85,107
"Spiegelberg","75 und mehr Jahre",187,65,122
"Spiegelberg","Insgesamt",2135,1118,1017
"Sulzbach an der Murr","unter 3 Jahre",113,45,68
"Sulzbach an der Murr","3 -  6 Jahre",139,75,64
"Sulzbach an der Murr","6 - 10 Jahre",193,101,92
"Sulzbach an der Murr","10 - 15 Jahre",306,154,152
"Sulzbach an der Murr","15 - 18 Jahre",218,104,114
"Sulzbach an der Murr","18 - 20 Jahre",141,71,70
"Sulzbach an der Murr","20 - 25 Jahre",328,165,163
"Sulzbach an der Murr","25 - 30 Jahre",263,132,131
"Sulzbach an der Murr","30 - 35 Jahre",259,135,124
"Sulzbach an der Murr","35 - 40 Jahre",330,148,182
"Sulzbach an der Murr","40 - 45 Jahre",450,219,231
"Sulzbach an der Murr","45 - 50 Jahre",447,222,225
"Sulzbach an der Murr","50 - 55 Jahre",416,207,209
"Sulzbach an der Murr","55 - 60 Jahre",314,161,153
"Sulzbach an der Murr","60 - 65 Jahre",306,152,154
"Sulzbach an der Murr","65 - 75 Jahre",594,276,318
"Sulzbach an der Murr","75 und mehr Jahre",494,178,316
"Sulzbach an der Murr","Insgesamt",5311,2545,2766
"Urbach","unter 3 Jahre",234,111,123
"Urbach","3 -  6 Jahre",291,146,145
"Urbach","6 - 10 Jahre",379,195,184
"Urbach","10 - 15 Jahre",531,279,252
"Urbach","15 - 18 Jahre",293,143,150
"Urbach","18 - 20 Jahre",232,111,121
"Urbach","20 - 25 Jahre",469,264,205
"Urbach","25 - 30 Jahre",465,231,234
"Urbach","30 - 35 Jahre",445,220,225
"Urbach","35 - 40 Jahre",574,290,284
"Urbach","40 - 45 Jahre",823,416,407
"Urbach","45 - 50 Jahre",764,395,369
"Urbach","50 - 55 Jahre",630,328,302
"Urbach","55 - 60 Jahre",471,225,246
"Urbach","60 - 65 Jahre",441,213,228
"Urbach","65 - 75 Jahre",870,416,454
"Urbach","75 und mehr Jahre",745,280,465
"Urbach","Insgesamt",8657,4263,4394
"Waiblingen, Stadt","unter 3 Jahre",1394,725,669
"Waiblingen, Stadt","3 -  6 Jahre",1493,760,733
"Waiblingen, Stadt","6 - 10 Jahre",2026,1006,1020
"Waiblingen, Stadt","10 - 15 Jahre",2736,1390,1346
"Waiblingen, Stadt","15 - 18 Jahre",1740,876,864
"Waiblingen, Stadt","18 - 20 Jahre",1213,647,566
"Waiblingen, Stadt","20 - 25 Jahre",2903,1514,1389
"Waiblingen, Stadt","25 - 30 Jahre",3004,1454,1550
"Waiblingen, Stadt","30 - 35 Jahre",3343,1644,1699
"Waiblingen, Stadt","35 - 40 Jahre",3535,1786,1749
"Waiblingen, Stadt","40 - 45 Jahre",4441,2254,2187
"Waiblingen, Stadt","45 - 50 Jahre",4599,2366,2233
"Waiblingen, Stadt","50 - 55 Jahre",3965,2007,1958
"Waiblingen, Stadt","55 - 60 Jahre",3249,1565,1684
"Waiblingen, Stadt","60 - 65 Jahre",2920,1380,1540
"Waiblingen, Stadt","65 - 75 Jahre",6071,2853,3218
"Waiblingen, Stadt","75 und mehr Jahre",4268,1658,2610
"Waiblingen, Stadt","Insgesamt",52900,25885,27015
"Weissach im Tal","unter 3 Jahre",125,62,63
"Weissach im Tal","3 -  6 Jahre",181,80,101
"Weissach im Tal","6 - 10 Jahre",239,119,120
"Weissach im Tal","10 - 15 Jahre",415,220,195
"Weissach im Tal","15 - 18 Jahre",280,150,130
"Weissach im Tal","18 - 20 Jahre",182,104,78
"Weissach im Tal","20 - 25 Jahre",400,200,200
"Weissach im Tal","25 - 30 Jahre",362,192,170
"Weissach im Tal","30 - 35 Jahre",342,158,184
"Weissach im Tal","35 - 40 Jahre",387,189,198
"Weissach im Tal","40 - 45 Jahre",534,256,278
"Weissach im Tal","45 - 50 Jahre",676,343,333
"Weissach im Tal","50 - 55 Jahre",565,282,283
"Weissach im Tal","55 - 60 Jahre",497,246,251
"Weissach im Tal","60 - 65 Jahre",408,216,192
"Weissach im Tal","65 - 75 Jahre",807,388,419
"Weissach im Tal","75 und mehr Jahre",629,253,376
"Weissach im Tal","Insgesamt",7029,3458,3571
"Welzheim, Stadt","unter 3 Jahre",287,149,138
"Welzheim, Stadt","3 -  6 Jahre",290,154,136
"Welzheim, Stadt","6 - 10 Jahre",446,236,210
"Welzheim, Stadt","10 - 15 Jahre",631,317,314
"Welzheim, Stadt","15 - 18 Jahre",413,228,185
"Welzheim, Stadt","18 - 20 Jahre",288,160,128
"Welzheim, Stadt","20 - 25 Jahre",719,340,379
"Welzheim, Stadt","25 - 30 Jahre",646,330,316
"Welzheim, Stadt","30 - 35 Jahre",615,310,305
"Welzheim, Stadt","35 - 40 Jahre",680,363,317
"Welzheim, Stadt","40 - 45 Jahre",825,390,435
"Welzheim, Stadt","45 - 50 Jahre",987,509,478
"Welzheim, Stadt","50 - 55 Jahre",840,432,408
"Welzheim, Stadt","55 - 60 Jahre",676,316,360
"Welzheim, Stadt","60 - 65 Jahre",587,304,283
"Welzheim, Stadt","65 - 75 Jahre",1125,529,596
"Welzheim, Stadt","75 und mehr Jahre",970,347,623
"Welzheim, Stadt","Insgesamt",11025,5414,5611
"Winnenden, Stadt","unter 3 Jahre",623,323,300
"Winnenden, Stadt","3 -  6 Jahre",735,399,336
"Winnenden, Stadt","6 - 10 Jahre",1117,574,543
"Winnenden, Stadt","10 - 15 Jahre",1523,777,746
"Winnenden, Stadt","15 - 18 Jahre",990,485,505
"Winnenden, Stadt","18 - 20 Jahre",645,337,308
"Winnenden, Stadt","20 - 25 Jahre",1476,757,719
"Winnenden, Stadt","25 - 30 Jahre",1561,759,802
"Winnenden, Stadt","30 - 35 Jahre",1609,784,825
"Winnenden, Stadt","35 - 40 Jahre",1745,860,885
"Winnenden, Stadt","40 - 45 Jahre",2393,1205,1188
"Winnenden, Stadt","45 - 50 Jahre",2531,1311,1220
"Winnenden, Stadt","50 - 55 Jahre",2111,1104,1007
"Winnenden, Stadt","55 - 60 Jahre",1669,837,832
"Winnenden, Stadt","60 - 65 Jahre",1458,699,759
"Winnenden, Stadt","65 - 75 Jahre",3037,1423,1614
"Winnenden, Stadt","75 und mehr Jahre",2376,999,1377
"Winnenden, Stadt","Insgesamt",27599,13633,13966
"Winterbach","unter 3 Jahre",207,104,103
"Winterbach","3 -  6 Jahre",201,90,111
"Winterbach","6 - 10 Jahre",306,170,136
"Winterbach","10 - 15 Jahre",430,220,210
"Winterbach","15 - 18 Jahre",273,121,152
"Winterbach","18 - 20 Jahre",199,88,111
"Winterbach","20 - 25 Jahre",415,227,188
"Winterbach","25 - 30 Jahre",386,179,207
"Winterbach","30 - 35 Jahre",383,194,189
"Winterbach","35 - 40 Jahre",476,226,250
"Winterbach","40 - 45 Jahre",640,311,329
"Winterbach","45 - 50 Jahre",660,343,317
"Winterbach","50 - 55 Jahre",563,278,285
"Winterbach","55 - 60 Jahre",519,234,285
"Winterbach","60 - 65 Jahre",464,233,231
"Winterbach","65 - 75 Jahre",856,399,457
"Winterbach","75 und mehr Jahre",700,245,455
"Winterbach","Insgesamt",7678,3662,4016
"Aspach","unter 3 Jahre",186,97,89
"Aspach","3 -  6 Jahre",207,103,104
"Aspach","6 - 10 Jahre",346,195,151
"Aspach","10 - 15 Jahre",517,247,270
"Aspach","15 - 18 Jahre",331,158,173
"Aspach","18 - 20 Jahre",183,103,80
"Aspach","20 - 25 Jahre",447,243,204
"Aspach","25 - 30 Jahre",384,187,197
"Aspach","30 - 35 Jahre",442,227,215
"Aspach","35 - 40 Jahre",504,238,266
"Aspach","40 - 45 Jahre",729,356,373
"Aspach","45 - 50 Jahre",723,369,354
"Aspach","50 - 55 Jahre",639,331,308
"Aspach","55 - 60 Jahre",533,264,269
"Aspach","60 - 65 Jahre",460,240,220
"Aspach","65 - 75 Jahre",859,412,447
"Aspach","75 und mehr Jahre",729,287,442
"Aspach","Insgesamt",8219,4057,4162
"Berglen","unter 3 Jahre",135,73,62
"Berglen","3 -  6 Jahre",155,73,82
"Berglen","6 - 10 Jahre",234,108,126
"Berglen","10 - 15 Jahre",358,181,177
"Berglen","15 - 18 Jahre",226,120,106
"Berglen","18 - 20 Jahre",147,76,71
"Berglen","20 - 25 Jahre",299,161,138
"Berglen","25 - 30 Jahre",246,148,98
"Berglen","30 - 35 Jahre",277,131,146
"Berglen","35 - 40 Jahre",382,195,187
"Berglen","40 - 45 Jahre",590,311,279
"Berglen","45 - 50 Jahre",595,294,301
"Berglen","50 - 55 Jahre",515,261,254
"Berglen","55 - 60 Jahre",392,202,190
"Berglen","60 - 65 Jahre",331,175,156
"Berglen","65 - 75 Jahre",666,330,336
"Berglen","75 und mehr Jahre",447,176,271
"Berglen","Insgesamt",5995,3015,2980
"Remshalden","unter 3 Jahre",318,181,137
"Remshalden","3 -  6 Jahre",345,188,157
"Remshalden","6 - 10 Jahre",494,267,227
"Remshalden","10 - 15 Jahre",708,339,369
"Remshalden","15 - 18 Jahre",442,235,207
"Remshalden","18 - 20 Jahre",322,167,155
"Remshalden","20 - 25 Jahre",745,389,356
"Remshalden","25 - 30 Jahre",711,348,363
"Remshalden","30 - 35 Jahre",661,320,341
"Remshalden","35 - 40 Jahre",803,392,411
"Remshalden","40 - 45 Jahre",1102,555,547
"Remshalden","45 - 50 Jahre",1198,621,577
"Remshalden","50 - 55 Jahre",973,484,489
"Remshalden","55 - 60 Jahre",831,418,413
"Remshalden","60 - 65 Jahre",821,377,444
"Remshalden","65 - 75 Jahre",1670,800,870
"Remshalden","75 und mehr Jahre",1242,523,719
"Remshalden","Insgesamt",13386,6604,6782
"Weinstadt, Stadt","unter 3 Jahre",658,342,316
"Weinstadt, Stadt","3 -  6 Jahre",730,363,367
"Weinstadt, Stadt","6 - 10 Jahre",1020,546,474
"Weinstadt, Stadt","10 - 15 Jahre",1467,753,714
"Weinstadt, Stadt","15 - 18 Jahre",873,445,428
"Weinstadt, Stadt","18 - 20 Jahre",624,331,293
"Weinstadt, Stadt","20 - 25 Jahre",1277,643,634
"Weinstadt, Stadt","25 - 30 Jahre",1268,622,646
"Weinstadt, Stadt","30 - 35 Jahre",1456,692,764
"Weinstadt, Stadt","35 - 40 Jahre",1732,814,918
"Weinstadt, Stadt","40 - 45 Jahre",2373,1187,1186
"Weinstadt, Stadt","45 - 50 Jahre",2267,1179,1088
"Weinstadt, Stadt","50 - 55 Jahre",1863,940,923
"Weinstadt, Stadt","55 - 60 Jahre",1698,809,889
"Weinstadt, Stadt","60 - 65 Jahre",1481,706,775
"Weinstadt, Stadt","65 - 75 Jahre",3269,1564,1705
"Weinstadt, Stadt","75 und mehr Jahre",2365,933,1432
"Weinstadt, Stadt","Insgesamt",26421,12869,13552
"Kernen im Remstal","unter 3 Jahre",348,161,187
"Kernen im Remstal","3 -  6 Jahre",394,194,200
"Kernen im Remstal","6 - 10 Jahre",564,282,282
"Kernen im Remstal","10 - 15 Jahre",796,427,369
"Kernen im Remstal","15 - 18 Jahre",469,251,218
"Kernen im Remstal","18 - 20 Jahre",330,171,159
"Kernen im Remstal","20 - 25 Jahre",813,403,410
"Kernen im Remstal","25 - 30 Jahre",835,443,392
"Kernen im Remstal","30 - 35 Jahre",901,429,472
"Kernen im Remstal","35 - 40 Jahre",947,452,495
"Kernen im Remstal","40 - 45 Jahre",1462,758,704
"Kernen im Remstal","45 - 50 Jahre",1368,706,662
"Kernen im Remstal","50 - 55 Jahre",1145,555,590
"Kernen im Remstal","55 - 60 Jahre",940,471,469
"Kernen im Remstal","60 - 65 Jahre",805,398,407
"Kernen im Remstal","65 - 75 Jahre",1786,849,937
"Kernen im Remstal","75 und mehr Jahre",1417,525,892
"Kernen im Remstal","Insgesamt",15320,7475,7845
"Stadtkreis Heilbronn","unter 3 Jahre",3180,1654,1526
"Stadtkreis Heilbronn","3 -  6 Jahre",3375,1729,1646
"Stadtkreis Heilbronn","6 - 10 Jahre",4473,2347,2126
"Stadtkreis Heilbronn","10 - 15 Jahre",5880,3002,2878
"Stadtkreis Heilbronn","15 - 18 Jahre",3637,1850,1787
"Stadtkreis Heilbronn","18 - 20 Jahre",2647,1312,1335
"Stadtkreis Heilbronn","20 - 25 Jahre",7805,3893,3912
"Stadtkreis Heilbronn","25 - 30 Jahre",8386,4221,4165
"Stadtkreis Heilbronn","30 - 35 Jahre",8138,4202,3936
"Stadtkreis Heilbronn","35 - 40 Jahre",8285,4316,3969
"Stadtkreis Heilbronn","40 - 45 Jahre",9526,5020,4506
"Stadtkreis Heilbronn","45 - 50 Jahre",9946,5271,4675
"Stadtkreis Heilbronn","50 - 55 Jahre",8689,4442,4247
"Stadtkreis Heilbronn","55 - 60 Jahre",7463,3636,3827
"Stadtkreis Heilbronn","60 - 65 Jahre",6633,3231,3402
"Stadtkreis Heilbronn","65 - 75 Jahre",13505,6361,7144
"Stadtkreis Heilbronn","75 und mehr Jahre",11311,4235,7076
"Stadtkreis Heilbronn","Insgesamt",122879,60722,62157
"Heilbronn, Stadt","unter 3 Jahre",3180,1654,1526
"Heilbronn, Stadt","3 -  6 Jahre",3375,1729,1646
"Heilbronn, Stadt","6 - 10 Jahre",4473,2347,2126
"Heilbronn, Stadt","10 - 15 Jahre",5880,3002,2878
"Heilbronn, Stadt","15 - 18 Jahre",3637,1850,1787
"Heilbronn, Stadt","18 - 20 Jahre",2647,1312,1335
"Heilbronn, Stadt","20 - 25 Jahre",7805,3893,3912
"Heilbronn, Stadt","25 - 30 Jahre",8386,4221,4165
"Heilbronn, Stadt","30 - 35 Jahre",8138,4202,3936
"Heilbronn, Stadt","35 - 40 Jahre",8285,4316,3969
"Heilbronn, Stadt","40 - 45 Jahre",9526,5020,4506
"Heilbronn, Stadt","45 - 50 Jahre",9946,5271,4675
"Heilbronn, Stadt","50 - 55 Jahre",8689,4442,4247
"Heilbronn, Stadt","55 - 60 Jahre",7463,3636,3827
"Heilbronn, Stadt","60 - 65 Jahre",6633,3231,3402
"Heilbronn, Stadt","65 - 75 Jahre",13505,6361,7144
"Heilbronn, Stadt","75 und mehr Jahre",11311,4235,7076
"Heilbronn, Stadt","Insgesamt",122879,60722,62157
"Landkreis Heilbronn","unter 3 Jahre",8262,4164,4098
"Landkreis Heilbronn","3 -  6 Jahre",8781,4541,4240
"Landkreis Heilbronn","6 - 10 Jahre",13311,6693,6618
"Landkreis Heilbronn","10 - 15 Jahre",19275,9886,9389
"Landkreis Heilbronn","15 - 18 Jahre",11948,6181,5767
"Landkreis Heilbronn","18 - 20 Jahre",8145,4263,3882
"Landkreis Heilbronn","20 - 25 Jahre",19320,10165,9155
"Landkreis Heilbronn","25 - 30 Jahre",18172,9263,8909
"Landkreis Heilbronn","30 - 35 Jahre",19267,9684,9583
"Landkreis Heilbronn","35 - 40 Jahre",21130,10593,10537
"Landkreis Heilbronn","40 - 45 Jahre",27882,14261,13621
"Landkreis Heilbronn","45 - 50 Jahre",29364,14993,14371
"Landkreis Heilbronn","50 - 55 Jahre",25106,12960,12146
"Landkreis Heilbronn","55 - 60 Jahre",21090,10516,10574
"Landkreis Heilbronn","60 - 65 Jahre",17742,8729,9013
"Landkreis Heilbronn","65 - 75 Jahre",32896,15854,17042
"Landkreis Heilbronn","75 und mehr Jahre",26673,10416,16257
"Landkreis Heilbronn","Insgesamt",328364,163162,165202
"Abstatt","unter 3 Jahre",113,48,65
"Abstatt","3 -  6 Jahre",151,71,80
"Abstatt","6 - 10 Jahre",183,87,96
"Abstatt","10 - 15 Jahre",252,147,105
"Abstatt","15 - 18 Jahre",168,86,82
"Abstatt","18 - 20 Jahre",113,55,58
"Abstatt","20 - 25 Jahre",237,117,120
"Abstatt","25 - 30 Jahre",262,144,118
"Abstatt","30 - 35 Jahre",262,131,131
"Abstatt","35 - 40 Jahre",295,148,147
"Abstatt","40 - 45 Jahre",435,217,218
"Abstatt","45 - 50 Jahre",383,195,188
"Abstatt","50 - 55 Jahre",344,182,162
"Abstatt","55 - 60 Jahre",323,157,166
"Abstatt","60 - 65 Jahre",245,114,131
"Abstatt","65 - 75 Jahre",433,215,218
"Abstatt","75 und mehr Jahre",287,109,178
"Abstatt","Insgesamt",4486,2223,2263
"Bad Friedrichshall, Stadt","unter 3 Jahre",493,250,243
"Bad Friedrichshall, Stadt","3 -  6 Jahre",557,311,246
"Bad Friedrichshall, Stadt","6 - 10 Jahre",854,440,414
"Bad Friedrichshall, Stadt","10 - 15 Jahre",1125,571,554
"Bad Friedrichshall, Stadt","15 - 18 Jahre",700,381,319
"Bad Friedrichshall, Stadt","18 - 20 Jahre",471,231,240
"Bad Friedrichshall, Stadt","20 - 25 Jahre",1190,641,549
"Bad Friedrichshall, Stadt","25 - 30 Jahre",1174,588,586
"Bad Friedrichshall, Stadt","30 - 35 Jahre",1226,592,634
"Bad Friedrichshall, Stadt","35 - 40 Jahre",1343,711,632
"Bad Friedrichshall, Stadt","40 - 45 Jahre",1601,826,775
"Bad Friedrichshall, Stadt","45 - 50 Jahre",1717,824,893
"Bad Friedrichshall, Stadt","50 - 55 Jahre",1404,745,659
"Bad Friedrichshall, Stadt","55 - 60 Jahre",1148,590,558
"Bad Friedrichshall, Stadt","60 - 65 Jahre",905,453,452
"Bad Friedrichshall, Stadt","65 - 75 Jahre",1516,708,808
"Bad Friedrichshall, Stadt","75 und mehr Jahre",1338,519,819
"Bad Friedrichshall, Stadt","Insgesamt",18762,9381,9381
"Bad Rappenau, Stadt","unter 3 Jahre",490,233,257
"Bad Rappenau, Stadt","3 -  6 Jahre",528,289,239
"Bad Rappenau, Stadt","6 - 10 Jahre",774,360,414
"Bad Rappenau, Stadt","10 - 15 Jahre",1178,608,570
"Bad Rappenau, Stadt","15 - 18 Jahre",663,357,306
"Bad Rappenau, Stadt","18 - 20 Jahre",406,220,186
"Bad Rappenau, Stadt","20 - 25 Jahre",1065,542,523
"Bad Rappenau, Stadt","25 - 30 Jahre",1114,521,593
"Bad Rappenau, Stadt","30 - 35 Jahre",1211,599,612
"Bad Rappenau, Stadt","35 - 40 Jahre",1318,678,640
"Bad Rappenau, Stadt","40 - 45 Jahre",1649,854,795
"Bad Rappenau, Stadt","45 - 50 Jahre",1878,920,958
"Bad Rappenau, Stadt","50 - 55 Jahre",1650,839,811
"Bad Rappenau, Stadt","55 - 60 Jahre",1366,676,690
"Bad Rappenau, Stadt","60 - 65 Jahre",1154,537,617
"Bad Rappenau, Stadt","65 - 75 Jahre",2152,1026,1126
"Bad Rappenau, Stadt","75 und mehr Jahre",1909,714,1195
"Bad Rappenau, Stadt","Insgesamt",20505,9973,10532
"Bad Wimpfen, Stadt","unter 3 Jahre",148,93,55
"Bad Wimpfen, Stadt","3 -  6 Jahre",164,88,76
"Bad Wimpfen, Stadt","6 - 10 Jahre",243,124,119
"Bad Wimpfen, Stadt","10 - 15 Jahre",340,171,169
"Bad Wimpfen, Stadt","15 - 18 Jahre",188,102,86
"Bad Wimpfen, Stadt","18 - 20 Jahre",148,67,81
"Bad Wimpfen, Stadt","20 - 25 Jahre",350,189,161
"Bad Wimpfen, Stadt","25 - 30 Jahre",386,195,191
"Bad Wimpfen, Stadt","30 - 35 Jahre",383,196,187
"Bad Wimpfen, Stadt","35 - 40 Jahre",434,217,217
"Bad Wimpfen, Stadt","40 - 45 Jahre",527,265,262
"Bad Wimpfen, Stadt","45 - 50 Jahre",544,286,258
"Bad Wimpfen, Stadt","50 - 55 Jahre",501,238,263
"Bad Wimpfen, Stadt","55 - 60 Jahre",470,235,235
"Bad Wimpfen, Stadt","60 - 65 Jahre",435,213,222
"Bad Wimpfen, Stadt","65 - 75 Jahre",848,405,443
"Bad Wimpfen, Stadt","75 und mehr Jahre",715,289,426
"Bad Wimpfen, Stadt","Insgesamt",6824,3373,3451
"Beilstein, Stadt","unter 3 Jahre",137,78,59
"Beilstein, Stadt","3 -  6 Jahre",133,78,55
"Beilstein, Stadt","6 - 10 Jahre",201,99,102
"Beilstein, Stadt","10 - 15 Jahre",319,181,138
"Beilstein, Stadt","15 - 18 Jahre",209,110,99
"Beilstein, Stadt","18 - 20 Jahre",153,72,81
"Beilstein, Stadt","20 - 25 Jahre",363,171,192
"Beilstein, Stadt","25 - 30 Jahre",292,158,134
"Beilstein, Stadt","30 - 35 Jahre",287,137,150
"Beilstein, Stadt","35 - 40 Jahre",340,145,195
"Beilstein, Stadt","40 - 45 Jahre",539,261,278
"Beilstein, Stadt","45 - 50 Jahre",490,255,235
"Beilstein, Stadt","50 - 55 Jahre",440,223,217
"Beilstein, Stadt","55 - 60 Jahre",375,169,206
"Beilstein, Stadt","60 - 65 Jahre",441,218,223
"Beilstein, Stadt","65 - 75 Jahre",816,399,417
"Beilstein, Stadt","75 und mehr Jahre",528,212,316
"Beilstein, Stadt","Insgesamt",6063,2966,3097
"Brackenheim, Stadt","unter 3 Jahre",398,193,205
"Brackenheim, Stadt","3 -  6 Jahre",419,211,208
"Brackenheim, Stadt","6 - 10 Jahre",683,332,351
"Brackenheim, Stadt","10 - 15 Jahre",997,549,448
"Brackenheim, Stadt","15 - 18 Jahre",591,315,276
"Brackenheim, Stadt","18 - 20 Jahre",371,187,184
"Brackenheim, Stadt","20 - 25 Jahre",960,459,501
"Brackenheim, Stadt","25 - 30 Jahre",795,395,400
"Brackenheim, Stadt","30 - 35 Jahre",814,432,382
"Brackenheim, Stadt","35 - 40 Jahre",954,460,494
"Brackenheim, Stadt","40 - 45 Jahre",1341,661,680
"Brackenheim, Stadt","45 - 50 Jahre",1409,733,676
"Brackenheim, Stadt","50 - 55 Jahre",1149,590,559
"Brackenheim, Stadt","55 - 60 Jahre",988,487,501
"Brackenheim, Stadt","60 - 65 Jahre",754,396,358
"Brackenheim, Stadt","65 - 75 Jahre",1368,659,709
"Brackenheim, Stadt","75 und mehr Jahre",1137,432,705
"Brackenheim, Stadt","Insgesamt",15128,7491,7637
"Cleebronn","unter 3 Jahre",78,38,40
"Cleebronn","3 -  6 Jahre",94,43,51
"Cleebronn","6 - 10 Jahre",124,66,58
"Cleebronn","10 - 15 Jahre",150,78,72
"Cleebronn","15 - 18 Jahre",108,61,47
"Cleebronn","18 - 20 Jahre",69,47,22
"Cleebronn","20 - 25 Jahre",164,91,73
"Cleebronn","25 - 30 Jahre",154,77,77
"Cleebronn","30 - 35 Jahre",142,77,65
"Cleebronn","35 - 40 Jahre",175,80,95
"Cleebronn","40 - 45 Jahre",258,137,121
"Cleebronn","45 - 50 Jahre",245,131,114
"Cleebronn","50 - 55 Jahre",201,97,104
"Cleebronn","55 - 60 Jahre",168,85,83
"Cleebronn","60 - 65 Jahre",137,71,66
"Cleebronn","65 - 75 Jahre",268,132,136
"Cleebronn","75 und mehr Jahre",157,59,98
"Cleebronn","Insgesamt",2692,1370,1322
"Eberstadt","unter 3 Jahre",67,31,36
"Eberstadt","3 -  6 Jahre",77,37,40
"Eberstadt","6 - 10 Jahre",117,59,58
"Eberstadt","10 - 15 Jahre",193,88,105
"Eberstadt","15 - 18 Jahre",107,53,54
"Eberstadt","18 - 20 Jahre",92,42,50
"Eberstadt","20 - 25 Jahre",181,96,85
"Eberstadt","25 - 30 Jahre",169,86,83
"Eberstadt","30 - 35 Jahre",159,92,67
"Eberstadt","35 - 40 Jahre",219,94,125
"Eberstadt","40 - 45 Jahre",261,134,127
"Eberstadt","45 - 50 Jahre",269,123,146
"Eberstadt","50 - 55 Jahre",241,131,110
"Eberstadt","55 - 60 Jahre",198,96,102
"Eberstadt","60 - 65 Jahre",166,84,82
"Eberstadt","65 - 75 Jahre",335,158,177
"Eberstadt","75 und mehr Jahre",310,124,186
"Eberstadt","Insgesamt",3161,1528,1633
"Ellhofen","unter 3 Jahre",68,37,31
"Ellhofen","3 -  6 Jahre",83,40,43
"Ellhofen","6 - 10 Jahre",135,67,68
"Ellhofen","10 - 15 Jahre",194,108,86
"Ellhofen","15 - 18 Jahre",144,70,74
"Ellhofen","18 - 20 Jahre",86,50,36
"Ellhofen","20 - 25 Jahre",201,104,97
"Ellhofen","25 - 30 Jahre",174,86,88
"Ellhofen","30 - 35 Jahre",175,96,79
"Ellhofen","35 - 40 Jahre",219,110,109
"Ellhofen","40 - 45 Jahre",268,125,143
"Ellhofen","45 - 50 Jahre",286,155,131
"Ellhofen","50 - 55 Jahre",290,142,148
"Ellhofen","55 - 60 Jahre",258,131,127
"Ellhofen","60 - 65 Jahre",186,99,87
"Ellhofen","65 - 75 Jahre",348,159,189
"Ellhofen","75 und mehr Jahre",213,92,121
"Ellhofen","Insgesamt",3328,1671,1657
"Eppingen, Stadt","unter 3 Jahre",552,292,260
"Eppingen, Stadt","3 -  6 Jahre",610,315,295
"Eppingen, Stadt","6 - 10 Jahre",923,482,441
"Eppingen, Stadt","10 - 15 Jahre",1381,682,699
"Eppingen, Stadt","15 - 18 Jahre",825,418,407
"Eppingen, Stadt","18 - 20 Jahre",604,339,265
"Eppingen, Stadt","20 - 25 Jahre",1316,695,621
"Eppingen, Stadt","25 - 30 Jahre",1284,664,620
"Eppingen, Stadt","30 - 35 Jahre",1199,609,590
"Eppingen, Stadt","35 - 40 Jahre",1329,674,655
"Eppingen, Stadt","40 - 45 Jahre",1827,893,934
"Eppingen, Stadt","45 - 50 Jahre",1880,935,945
"Eppingen, Stadt","50 - 55 Jahre",1655,845,810
"Eppingen, Stadt","55 - 60 Jahre",1319,652,667
"Eppingen, Stadt","60 - 65 Jahre",1098,566,532
"Eppingen, Stadt","65 - 75 Jahre",1868,880,988
"Eppingen, Stadt","75 und mehr Jahre",1718,605,1113
"Eppingen, Stadt","Insgesamt",21388,10546,10842
"Erlenbach","unter 3 Jahre",122,62,60
"Erlenbach","3 -  6 Jahre",111,60,51
"Erlenbach","6 - 10 Jahre",185,95,90
"Erlenbach","10 - 15 Jahre",242,120,122
"Erlenbach","15 - 18 Jahre",154,86,68
"Erlenbach","18 - 20 Jahre",120,64,56
"Erlenbach","20 - 25 Jahre",326,184,142
"Erlenbach","25 - 30 Jahre",312,155,157
"Erlenbach","30 - 35 Jahre",312,158,154
"Erlenbach","35 - 40 Jahre",309,154,155
"Erlenbach","40 - 45 Jahre",409,218,191
"Erlenbach","45 - 50 Jahre",455,210,245
"Erlenbach","50 - 55 Jahre",388,206,182
"Erlenbach","55 - 60 Jahre",290,146,144
"Erlenbach","60 - 65 Jahre",255,114,141
"Erlenbach","65 - 75 Jahre",529,256,273
"Erlenbach","75 und mehr Jahre",401,169,232
"Erlenbach","Insgesamt",4920,2457,2463
"Flein","unter 3 Jahre",141,70,71
"Flein","3 -  6 Jahre",136,66,70
"Flein","6 - 10 Jahre",268,133,135
"Flein","10 - 15 Jahre",342,174,168
"Flein","15 - 18 Jahre",196,94,102
"Flein","18 - 20 Jahre",120,60,60
"Flein","20 - 25 Jahre",302,151,151
"Flein","25 - 30 Jahre",305,149,156
"Flein","30 - 35 Jahre",340,141,199
"Flein","35 - 40 Jahre",365,181,184
"Flein","40 - 45 Jahre",590,269,321
"Flein","45 - 50 Jahre",630,304,326
"Flein","50 - 55 Jahre",484,237,247
"Flein","55 - 60 Jahre",366,174,192
"Flein","60 - 65 Jahre",410,179,231
"Flein","65 - 75 Jahre",874,409,465
"Flein","75 und mehr Jahre",778,376,402
"Flein","Insgesamt",6647,3167,3480
"Gemmingen","unter 3 Jahre",147,69,78
"Gemmingen","3 -  6 Jahre",131,78,53
"Gemmingen","6 - 10 Jahre",170,91,79
"Gemmingen","10 - 15 Jahre",305,164,141
"Gemmingen","15 - 18 Jahre",208,103,105
"Gemmingen","18 - 20 Jahre",156,91,65
"Gemmingen","20 - 25 Jahre",327,178,149
"Gemmingen","25 - 30 Jahre",245,120,125
"Gemmingen","30 - 35 Jahre",268,136,132
"Gemmingen","35 - 40 Jahre",255,131,124
"Gemmingen","40 - 45 Jahre",420,194,226
"Gemmingen","45 - 50 Jahre",448,230,218
"Gemmingen","50 - 55 Jahre",355,174,181
"Gemmingen","55 - 60 Jahre",325,171,154
"Gemmingen","60 - 65 Jahre",274,145,129
"Gemmingen","65 - 75 Jahre",517,249,268
"Gemmingen","75 und mehr Jahre",362,149,213
"Gemmingen","Insgesamt",4913,2473,2440
"Güglingen, Stadt","unter 3 Jahre",163,69,94
"Güglingen, Stadt","3 -  6 Jahre",167,90,77
"Güglingen, Stadt","6 - 10 Jahre",254,139,115
"Güglingen, Stadt","10 - 15 Jahre",427,223,204
"Güglingen, Stadt","15 - 18 Jahre",243,116,127
"Güglingen, Stadt","18 - 20 Jahre",173,95,78
"Güglingen, Stadt","20 - 25 Jahre",408,211,197
"Güglingen, Stadt","25 - 30 Jahre",353,173,180
"Güglingen, Stadt","30 - 35 Jahre",357,187,170
"Güglingen, Stadt","35 - 40 Jahre",390,183,207
"Güglingen, Stadt","40 - 45 Jahre",546,301,245
"Güglingen, Stadt","45 - 50 Jahre",550,292,258
"Güglingen, Stadt","50 - 55 Jahre",437,232,205
"Güglingen, Stadt","55 - 60 Jahre",336,163,173
"Güglingen, Stadt","60 - 65 Jahre",306,151,155
"Güglingen, Stadt","65 - 75 Jahre",594,290,304
"Güglingen, Stadt","75 und mehr Jahre",428,171,257
"Güglingen, Stadt","Insgesamt",6132,3086,3046
"Gundelsheim, Stadt","unter 3 Jahre",161,73,88
"Gundelsheim, Stadt","3 -  6 Jahre",150,82,68
"Gundelsheim, Stadt","6 - 10 Jahre",292,145,147
"Gundelsheim, Stadt","10 - 15 Jahre",453,239,214
"Gundelsheim, Stadt","15 - 18 Jahre",269,127,142
"Gundelsheim, Stadt","18 - 20 Jahre",162,76,86
"Gundelsheim, Stadt","20 - 25 Jahre",444,259,185
"Gundelsheim, Stadt","25 - 30 Jahre",369,201,168
"Gundelsheim, Stadt","30 - 35 Jahre",401,201,200
"Gundelsheim, Stadt","35 - 40 Jahre",426,202,224
"Gundelsheim, Stadt","40 - 45 Jahre",594,299,295
"Gundelsheim, Stadt","45 - 50 Jahre",638,338,300
"Gundelsheim, Stadt","50 - 55 Jahre",521,275,246
"Gundelsheim, Stadt","55 - 60 Jahre",480,234,246
"Gundelsheim, Stadt","60 - 65 Jahre",409,204,205
"Gundelsheim, Stadt","65 - 75 Jahre",782,404,378
"Gundelsheim, Stadt","75 und mehr Jahre",670,238,432
"Gundelsheim, Stadt","Insgesamt",7221,3597,3624
"Ilsfeld","unter 3 Jahre",254,133,121
"Ilsfeld","3 -  6 Jahre",279,137,142
"Ilsfeld","6 - 10 Jahre",345,181,164
"Ilsfeld","10 - 15 Jahre",486,233,253
"Ilsfeld","15 - 18 Jahre",294,140,154
"Ilsfeld","18 - 20 Jahre",220,116,104
"Ilsfeld","20 - 25 Jahre",456,228,228
"Ilsfeld","25 - 30 Jahre",491,241,250
"Ilsfeld","30 - 35 Jahre",577,296,281
"Ilsfeld","35 - 40 Jahre",617,298,319
"Ilsfeld","40 - 45 Jahre",727,394,333
"Ilsfeld","45 - 50 Jahre",708,363,345
"Ilsfeld","50 - 55 Jahre",594,316,278
"Ilsfeld","55 - 60 Jahre",523,236,287
"Ilsfeld","60 - 65 Jahre",496,249,247
"Ilsfeld","65 - 75 Jahre",920,447,473
"Ilsfeld","75 und mehr Jahre",526,222,304
"Ilsfeld","Insgesamt",8513,4230,4283
"Ittlingen","unter 3 Jahre",63,33,30
"Ittlingen","3 -  6 Jahre",77,40,37
"Ittlingen","6 - 10 Jahre",101,55,46
"Ittlingen","10 - 15 Jahre",161,90,71
"Ittlingen","15 - 18 Jahre",110,54,56
"Ittlingen","18 - 20 Jahre",70,40,30
"Ittlingen","20 - 25 Jahre",154,69,85
"Ittlingen","25 - 30 Jahre",110,56,54
"Ittlingen","30 - 35 Jahre",117,63,54
"Ittlingen","35 - 40 Jahre",148,81,67
"Ittlingen","40 - 45 Jahre",217,116,101
"Ittlingen","45 - 50 Jahre",219,109,110
"Ittlingen","50 - 55 Jahre",206,111,95
"Ittlingen","55 - 60 Jahre",162,90,72
"Ittlingen","60 - 65 Jahre",113,55,58
"Ittlingen","65 - 75 Jahre",210,113,97
"Ittlingen","75 und mehr Jahre",176,71,105
"Ittlingen","Insgesamt",2414,1246,1168
"Jagsthausen","unter 3 Jahre",37,17,20
"Jagsthausen","3 -  6 Jahre",41,23,18
"Jagsthausen","6 - 10 Jahre",55,23,32
"Jagsthausen","10 - 15 Jahre",116,59,57
"Jagsthausen","15 - 18 Jahre",51,25,26
"Jagsthausen","18 - 20 Jahre",45,24,21
"Jagsthausen","20 - 25 Jahre",73,36,37
"Jagsthausen","25 - 30 Jahre",83,42,41
"Jagsthausen","30 - 35 Jahre",90,50,40
"Jagsthausen","35 - 40 Jahre",105,54,51
"Jagsthausen","40 - 45 Jahre",103,67,36
"Jagsthausen","45 - 50 Jahre",148,64,84
"Jagsthausen","50 - 55 Jahre",124,67,57
"Jagsthausen","55 - 60 Jahre",84,39,45
"Jagsthausen","60 - 65 Jahre",84,34,50
"Jagsthausen","65 - 75 Jahre",188,96,92
"Jagsthausen","75 und mehr Jahre",124,67,57
"Jagsthausen","Insgesamt",1551,787,764
"Kirchardt","unter 3 Jahre",184,106,78
"Kirchardt","3 -  6 Jahre",156,88,68
"Kirchardt","6 - 10 Jahre",246,114,132
"Kirchardt","10 - 15 Jahre",371,181,190
"Kirchardt","15 - 18 Jahre",226,117,109
"Kirchardt","18 - 20 Jahre",149,85,64
"Kirchardt","20 - 25 Jahre",393,215,178
"Kirchardt","25 - 30 Jahre",309,166,143
"Kirchardt","30 - 35 Jahre",345,168,177
"Kirchardt","35 - 40 Jahre",356,180,176
"Kirchardt","40 - 45 Jahre",447,236,211
"Kirchardt","45 - 50 Jahre",422,213,209
"Kirchardt","50 - 55 Jahre",375,203,172
"Kirchardt","55 - 60 Jahre",332,171,161
"Kirchardt","60 - 65 Jahre",265,127,138
"Kirchardt","65 - 75 Jahre",500,251,249
"Kirchardt","75 und mehr Jahre",331,136,195
"Kirchardt","Insgesamt",5407,2757,2650
"Lauffen am Neckar, Stadt","unter 3 Jahre",274,143,131
"Lauffen am Neckar, Stadt","3 -  6 Jahre",283,140,143
"Lauffen am Neckar, Stadt","6 - 10 Jahre",397,196,201
"Lauffen am Neckar, Stadt","10 - 15 Jahre",613,313,300
"Lauffen am Neckar, Stadt","15 - 18 Jahre",434,234,200
"Lauffen am Neckar, Stadt","18 - 20 Jahre",249,130,119
"Lauffen am Neckar, Stadt","20 - 25 Jahre",704,369,335
"Lauffen am Neckar, Stadt","25 - 30 Jahre",650,329,321
"Lauffen am Neckar, Stadt","30 - 35 Jahre",642,325,317
"Lauffen am Neckar, Stadt","35 - 40 Jahre",639,299,340
"Lauffen am Neckar, Stadt","40 - 45 Jahre",836,406,430
"Lauffen am Neckar, Stadt","45 - 50 Jahre",1041,563,478
"Lauffen am Neckar, Stadt","50 - 55 Jahre",808,419,389
"Lauffen am Neckar, Stadt","55 - 60 Jahre",686,330,356
"Lauffen am Neckar, Stadt","60 - 65 Jahre",610,288,322
"Lauffen am Neckar, Stadt","65 - 75 Jahre",1104,546,558
"Lauffen am Neckar, Stadt","75 und mehr Jahre",941,315,626
"Lauffen am Neckar, Stadt","Insgesamt",10911,5345,5566
"Lehrensteinsfeld","unter 3 Jahre",63,30,33
"Lehrensteinsfeld","3 -  6 Jahre",77,46,31
"Lehrensteinsfeld","6 - 10 Jahre",123,62,61
"Lehrensteinsfeld","10 - 15 Jahre",150,85,65
"Lehrensteinsfeld","15 - 18 Jahre",88,49,39
"Lehrensteinsfeld","18 - 20 Jahre",60,31,29
"Lehrensteinsfeld","20 - 25 Jahre",97,60,37
"Lehrensteinsfeld","25 - 30 Jahre",81,46,35
"Lehrensteinsfeld","30 - 35 Jahre",100,38,62
"Lehrensteinsfeld","35 - 40 Jahre",156,76,80
"Lehrensteinsfeld","40 - 45 Jahre",211,111,100
"Lehrensteinsfeld","45 - 50 Jahre",189,95,94
"Lehrensteinsfeld","50 - 55 Jahre",135,78,57
"Lehrensteinsfeld","55 - 60 Jahre",139,57,82
"Lehrensteinsfeld","60 - 65 Jahre",134,66,68
"Lehrensteinsfeld","65 - 75 Jahre",231,129,102
"Lehrensteinsfeld","75 und mehr Jahre",130,47,83
"Lehrensteinsfeld","Insgesamt",2164,1106,1058
"Leingarten","unter 3 Jahre",281,136,145
"Leingarten","3 -  6 Jahre",294,155,139
"Leingarten","6 - 10 Jahre",424,220,204
"Leingarten","10 - 15 Jahre",696,354,342
"Leingarten","15 - 18 Jahre",365,192,173
"Leingarten","18 - 20 Jahre",255,115,140
"Leingarten","20 - 25 Jahre",603,299,304
"Leingarten","25 - 30 Jahre",584,291,293
"Leingarten","30 - 35 Jahre",656,321,335
"Leingarten","35 - 40 Jahre",703,351,352
"Leingarten","40 - 45 Jahre",928,491,437
"Leingarten","45 - 50 Jahre",959,467,492
"Leingarten","50 - 55 Jahre",790,390,400
"Leingarten","55 - 60 Jahre",691,337,354
"Leingarten","60 - 65 Jahre",569,272,297
"Leingarten","65 - 75 Jahre",1131,536,595
"Leingarten","75 und mehr Jahre",843,319,524
"Leingarten","Insgesamt",10772,5246,5526
"Löwenstein, Stadt","unter 3 Jahre",76,44,32
"Löwenstein, Stadt","3 -  6 Jahre",100,46,54
"Löwenstein, Stadt","6 - 10 Jahre",119,61,58
"Löwenstein, Stadt","10 - 15 Jahre",131,65,66
"Löwenstein, Stadt","15 - 18 Jahre",96,56,40
"Löwenstein, Stadt","18 - 20 Jahre",78,42,36
"Löwenstein, Stadt","20 - 25 Jahre",147,75,72
"Löwenstein, Stadt","25 - 30 Jahre",153,68,85
"Löwenstein, Stadt","30 - 35 Jahre",168,83,85
"Löwenstein, Stadt","35 - 40 Jahre",197,91,106
"Löwenstein, Stadt","40 - 45 Jahre",286,150,136
"Löwenstein, Stadt","45 - 50 Jahre",319,166,153
"Löwenstein, Stadt","50 - 55 Jahre",286,144,142
"Löwenstein, Stadt","55 - 60 Jahre",260,129,131
"Löwenstein, Stadt","60 - 65 Jahre",194,109,85
"Löwenstein, Stadt","65 - 75 Jahre",276,128,148
"Löwenstein, Stadt","75 und mehr Jahre",248,99,149
"Löwenstein, Stadt","Insgesamt",3134,1556,1578
"Massenbachhausen","unter 3 Jahre",70,33,37
"Massenbachhausen","3 -  6 Jahre",82,46,36
"Massenbachhausen","6 - 10 Jahre",106,57,49
"Massenbachhausen","10 - 15 Jahre",171,89,82
"Massenbachhausen","15 - 18 Jahre",134,71,63
"Massenbachhausen","18 - 20 Jahre",99,62,37
"Massenbachhausen","20 - 25 Jahre",237,141,96
"Massenbachhausen","25 - 30 Jahre",188,98,90
"Massenbachhausen","30 - 35 Jahre",193,93,100
"Massenbachhausen","35 - 40 Jahre",214,108,106
"Massenbachhausen","40 - 45 Jahre",298,149,149
"Massenbachhausen","45 - 50 Jahre",363,199,164
"Massenbachhausen","50 - 55 Jahre",297,141,156
"Massenbachhausen","55 - 60 Jahre",259,127,132
"Massenbachhausen","60 - 65 Jahre",185,97,88
"Massenbachhausen","65 - 75 Jahre",350,172,178
"Massenbachhausen","75 und mehr Jahre",258,99,159
"Massenbachhausen","Insgesamt",3504,1782,1722
"Möckmühl, Stadt","unter 3 Jahre",169,79,90
"Möckmühl, Stadt","3 -  6 Jahre",181,97,84
"Möckmühl, Stadt","6 - 10 Jahre",318,163,155
"Möckmühl, Stadt","10 - 15 Jahre",459,240,219
"Möckmühl, Stadt","15 - 18 Jahre",326,166,160
"Möckmühl, Stadt","18 - 20 Jahre",217,106,111
"Möckmühl, Stadt","20 - 25 Jahre",488,275,213
"Möckmühl, Stadt","25 - 30 Jahre",449,262,187
"Möckmühl, Stadt","30 - 35 Jahre",441,224,217
"Möckmühl, Stadt","35 - 40 Jahre",527,282,245
"Möckmühl, Stadt","40 - 45 Jahre",682,377,305
"Möckmühl, Stadt","45 - 50 Jahre",715,398,317
"Möckmühl, Stadt","50 - 55 Jahre",664,357,307
"Möckmühl, Stadt","55 - 60 Jahre",567,299,268
"Möckmühl, Stadt","60 - 65 Jahre",414,194,220
"Möckmühl, Stadt","65 - 75 Jahre",752,358,394
"Möckmühl, Stadt","75 und mehr Jahre",715,278,437
"Möckmühl, Stadt","Insgesamt",8084,4155,3929
"Neckarsulm, Stadt","unter 3 Jahre",630,319,311
"Neckarsulm, Stadt","3 -  6 Jahre",653,327,326
"Neckarsulm, Stadt","6 - 10 Jahre",1010,474,536
"Neckarsulm, Stadt","10 - 15 Jahre",1480,751,729
"Neckarsulm, Stadt","15 - 18 Jahre",883,437,446
"Neckarsulm, Stadt","18 - 20 Jahre",675,371,304
"Neckarsulm, Stadt","20 - 25 Jahre",1602,859,743
"Neckarsulm, Stadt","25 - 30 Jahre",1663,819,844
"Neckarsulm, Stadt","30 - 35 Jahre",1771,907,864
"Neckarsulm, Stadt","35 - 40 Jahre",1770,904,866
"Neckarsulm, Stadt","40 - 45 Jahre",2183,1176,1007
"Neckarsulm, Stadt","45 - 50 Jahre",2160,1115,1045
"Neckarsulm, Stadt","50 - 55 Jahre",1953,1009,944
"Neckarsulm, Stadt","55 - 60 Jahre",1706,855,851
"Neckarsulm, Stadt","60 - 65 Jahre",1437,705,732
"Neckarsulm, Stadt","65 - 75 Jahre",2666,1265,1401
"Neckarsulm, Stadt","75 und mehr Jahre",2269,877,1392
"Neckarsulm, Stadt","Insgesamt",26511,13170,13341
"Neckarwestheim","unter 3 Jahre",79,44,35
"Neckarwestheim","3 -  6 Jahre",91,47,44
"Neckarwestheim","6 - 10 Jahre",135,80,55
"Neckarwestheim","10 - 15 Jahre",197,93,104
"Neckarwestheim","15 - 18 Jahre",133,71,62
"Neckarwestheim","18 - 20 Jahre",78,34,44
"Neckarwestheim","20 - 25 Jahre",187,97,90
"Neckarwestheim","25 - 30 Jahre",184,95,89
"Neckarwestheim","30 - 35 Jahre",193,86,107
"Neckarwestheim","35 - 40 Jahre",228,110,118
"Neckarwestheim","40 - 45 Jahre",341,183,158
"Neckarwestheim","45 - 50 Jahre",342,175,167
"Neckarwestheim","50 - 55 Jahre",296,158,138
"Neckarwestheim","55 - 60 Jahre",223,126,97
"Neckarwestheim","60 - 65 Jahre",200,91,109
"Neckarwestheim","65 - 75 Jahre",357,184,173
"Neckarwestheim","75 und mehr Jahre",245,92,153
"Neckarwestheim","Insgesamt",3509,1766,1743
"Neudenau, Stadt","unter 3 Jahre",122,69,53
"Neudenau, Stadt","3 -  6 Jahre",149,80,69
"Neudenau, Stadt","6 - 10 Jahre",235,114,121
"Neudenau, Stadt","10 - 15 Jahre",293,143,150
"Neudenau, Stadt","15 - 18 Jahre",197,96,101
"Neudenau, Stadt","18 - 20 Jahre",119,64,55
"Neudenau, Stadt","20 - 25 Jahre",294,140,154
"Neudenau, Stadt","25 - 30 Jahre",289,158,131
"Neudenau, Stadt","30 - 35 Jahre",286,146,140
"Neudenau, Stadt","35 - 40 Jahre",382,189,193
"Neudenau, Stadt","40 - 45 Jahre",462,238,224
"Neudenau, Stadt","45 - 50 Jahre",444,231,213
"Neudenau, Stadt","50 - 55 Jahre",409,213,196
"Neudenau, Stadt","55 - 60 Jahre",356,181,175
"Neudenau, Stadt","60 - 65 Jahre",270,144,126
"Neudenau, Stadt","65 - 75 Jahre",491,227,264
"Neudenau, Stadt","75 und mehr Jahre",383,136,247
"Neudenau, Stadt","Insgesamt",5181,2569,2612
"Neuenstadt am Kocher, Stadt","unter 3 Jahre",268,130,138
"Neuenstadt am Kocher, Stadt","3 -  6 Jahre",242,126,116
"Neuenstadt am Kocher, Stadt","6 - 10 Jahre",374,193,181
"Neuenstadt am Kocher, Stadt","10 - 15 Jahre",549,282,267
"Neuenstadt am Kocher, Stadt","15 - 18 Jahre",360,188,172
"Neuenstadt am Kocher, Stadt","18 - 20 Jahre",244,132,112
"Neuenstadt am Kocher, Stadt","20 - 25 Jahre",598,312,286
"Neuenstadt am Kocher, Stadt","25 - 30 Jahre",655,357,298
"Neuenstadt am Kocher, Stadt","30 - 35 Jahre",613,319,294
"Neuenstadt am Kocher, Stadt","35 - 40 Jahre",647,328,319
"Neuenstadt am Kocher, Stadt","40 - 45 Jahre",774,403,371
"Neuenstadt am Kocher, Stadt","45 - 50 Jahre",811,426,385
"Neuenstadt am Kocher, Stadt","50 - 55 Jahre",710,380,330
"Neuenstadt am Kocher, Stadt","55 - 60 Jahre",677,323,354
"Neuenstadt am Kocher, Stadt","60 - 65 Jahre",523,254,269
"Neuenstadt am Kocher, Stadt","65 - 75 Jahre",877,425,452
"Neuenstadt am Kocher, Stadt","75 und mehr Jahre",712,273,439
"Neuenstadt am Kocher, Stadt","Insgesamt",9634,4851,4783
"Nordheim","unter 3 Jahre",190,95,95
"Nordheim","3 -  6 Jahre",207,94,113
"Nordheim","6 - 10 Jahre",348,191,157
"Nordheim","10 - 15 Jahre",459,228,231
"Nordheim","15 - 18 Jahre",266,133,133
"Nordheim","18 - 20 Jahre",183,104,79
"Nordheim","20 - 25 Jahre",415,212,203
"Nordheim","25 - 30 Jahre",344,185,159
"Nordheim","30 - 35 Jahre",430,214,216
"Nordheim","35 - 40 Jahre",483,239,244
"Nordheim","40 - 45 Jahre",664,339,325
"Nordheim","45 - 50 Jahre",700,350,350
"Nordheim","50 - 55 Jahre",509,257,252
"Nordheim","55 - 60 Jahre",477,235,242
"Nordheim","60 - 65 Jahre",421,208,213
"Nordheim","65 - 75 Jahre",756,365,391
"Nordheim","75 und mehr Jahre",584,234,350
"Nordheim","Insgesamt",7436,3683,3753
"Oedheim","unter 3 Jahre",138,69,69
"Oedheim","3 -  6 Jahre",149,70,79
"Oedheim","6 - 10 Jahre",237,107,130
"Oedheim","10 - 15 Jahre",367,171,196
"Oedheim","15 - 18 Jahre",239,129,110
"Oedheim","18 - 20 Jahre",144,79,65
"Oedheim","20 - 25 Jahre",341,179,162
"Oedheim","25 - 30 Jahre",277,135,142
"Oedheim","30 - 35 Jahre",377,181,196
"Oedheim","35 - 40 Jahre",405,235,170
"Oedheim","40 - 45 Jahre",552,275,277
"Oedheim","45 - 50 Jahre",546,298,248
"Oedheim","50 - 55 Jahre",466,235,231
"Oedheim","55 - 60 Jahre",340,190,150
"Oedheim","60 - 65 Jahre",296,139,157
"Oedheim","65 - 75 Jahre",603,285,318
"Oedheim","75 und mehr Jahre",446,195,251
"Oedheim","Insgesamt",5923,2972,2951
"Offenau","unter 3 Jahre",73,38,35
"Offenau","3 -  6 Jahre",73,35,38
"Offenau","6 - 10 Jahre",110,51,59
"Offenau","10 - 15 Jahre",168,76,92
"Offenau","15 - 18 Jahre",93,47,46
"Offenau","18 - 20 Jahre",63,30,33
"Offenau","20 - 25 Jahre",146,76,70
"Offenau","25 - 30 Jahre",152,74,78
"Offenau","30 - 35 Jahre",147,87,60
"Offenau","35 - 40 Jahre",182,90,92
"Offenau","40 - 45 Jahre",222,116,106
"Offenau","45 - 50 Jahre",251,121,130
"Offenau","50 - 55 Jahre",220,121,99
"Offenau","55 - 60 Jahre",165,86,79
"Offenau","60 - 65 Jahre",138,74,64
"Offenau","65 - 75 Jahre",285,138,147
"Offenau","75 und mehr Jahre",201,84,117
"Offenau","Insgesamt",2689,1344,1345
"Pfaffenhofen","unter 3 Jahre",64,34,30
"Pfaffenhofen","3 -  6 Jahre",64,33,31
"Pfaffenhofen","6 - 10 Jahre",96,46,50
"Pfaffenhofen","10 - 15 Jahre",150,82,68
"Pfaffenhofen","15 - 18 Jahre",98,55,43
"Pfaffenhofen","18 - 20 Jahre",57,32,25
"Pfaffenhofen","20 - 25 Jahre",171,96,75
"Pfaffenhofen","25 - 30 Jahre",119,55,64
"Pfaffenhofen","30 - 35 Jahre",122,54,68
"Pfaffenhofen","35 - 40 Jahre",148,71,77
"Pfaffenhofen","40 - 45 Jahre",176,92,84
"Pfaffenhofen","45 - 50 Jahre",210,104,106
"Pfaffenhofen","50 - 55 Jahre",242,129,113
"Pfaffenhofen","55 - 60 Jahre",147,81,66
"Pfaffenhofen","60 - 65 Jahre",140,66,74
"Pfaffenhofen","65 - 75 Jahre",207,107,100
"Pfaffenhofen","75 und mehr Jahre",185,74,111
"Pfaffenhofen","Insgesamt",2396,1211,1185
"Roigheim","unter 3 Jahre",29,14,15
"Roigheim","3 -  6 Jahre",40,15,25
"Roigheim","6 - 10 Jahre",67,36,31
"Roigheim","10 - 15 Jahre",89,51,38
"Roigheim","15 - 18 Jahre",59,34,25
"Roigheim","18 - 20 Jahre",48,21,27
"Roigheim","20 - 25 Jahre",70,40,30
"Roigheim","25 - 30 Jahre",79,53,26
"Roigheim","30 - 35 Jahre",74,43,31
"Roigheim","35 - 40 Jahre",95,52,43
"Roigheim","40 - 45 Jahre",105,55,50
"Roigheim","45 - 50 Jahre",142,71,71
"Roigheim","50 - 55 Jahre",112,50,62
"Roigheim","55 - 60 Jahre",90,48,42
"Roigheim","60 - 65 Jahre",75,40,35
"Roigheim","65 - 75 Jahre",156,80,76
"Roigheim","75 und mehr Jahre",111,37,74
"Roigheim","Insgesamt",1441,740,701
"Schwaigern, Stadt","unter 3 Jahre",295,145,150
"Schwaigern, Stadt","3 -  6 Jahre",324,171,153
"Schwaigern, Stadt","6 - 10 Jahre",487,235,252
"Schwaigern, Stadt","10 - 15 Jahre",630,323,307
"Schwaigern, Stadt","15 - 18 Jahre",436,221,215
"Schwaigern, Stadt","18 - 20 Jahre",322,185,137
"Schwaigern, Stadt","20 - 25 Jahre",714,384,330
"Schwaigern, Stadt","25 - 30 Jahre",539,278,261
"Schwaigern, Stadt","30 - 35 Jahre",595,292,303
"Schwaigern, Stadt","35 - 40 Jahre",682,356,326
"Schwaigern, Stadt","40 - 45 Jahre",953,468,485
"Schwaigern, Stadt","45 - 50 Jahre",952,484,468
"Schwaigern, Stadt","50 - 55 Jahre",891,460,431
"Schwaigern, Stadt","55 - 60 Jahre",700,368,332
"Schwaigern, Stadt","60 - 65 Jahre",546,270,276
"Schwaigern, Stadt","65 - 75 Jahre",1088,501,587
"Schwaigern, Stadt","75 und mehr Jahre",865,334,531
"Schwaigern, Stadt","Insgesamt",11019,5475,5544
"Siegelsbach","unter 3 Jahre",34,20,14
"Siegelsbach","3 -  6 Jahre",60,32,28
"Siegelsbach","6 - 10 Jahre",75,47,28
"Siegelsbach","10 - 15 Jahre",119,73,46
"Siegelsbach","15 - 18 Jahre",56,28,28
"Siegelsbach","18 - 20 Jahre",38,16,22
"Siegelsbach","20 - 25 Jahre",110,59,51
"Siegelsbach","25 - 30 Jahre",66,37,29
"Siegelsbach","30 - 35 Jahre",96,43,53
"Siegelsbach","35 - 40 Jahre",105,54,51
"Siegelsbach","40 - 45 Jahre",164,80,84
"Siegelsbach","45 - 50 Jahre",155,76,79
"Siegelsbach","50 - 55 Jahre",111,60,51
"Siegelsbach","55 - 60 Jahre",99,53,46
"Siegelsbach","60 - 65 Jahre",88,44,44
"Siegelsbach","65 - 75 Jahre",151,67,84
"Siegelsbach","75 und mehr Jahre",103,48,55
"Siegelsbach","Insgesamt",1630,837,793
"Talheim","unter 3 Jahre",132,66,66
"Talheim","3 -  6 Jahre",129,77,52
"Talheim","6 - 10 Jahre",189,85,104
"Talheim","10 - 15 Jahre",244,132,112
"Talheim","15 - 18 Jahre",169,85,84
"Talheim","18 - 20 Jahre",103,53,50
"Talheim","20 - 25 Jahre",273,153,120
"Talheim","25 - 30 Jahre",221,116,105
"Talheim","30 - 35 Jahre",276,122,154
"Talheim","35 - 40 Jahre",305,139,166
"Talheim","40 - 45 Jahre",436,218,218
"Talheim","45 - 50 Jahre",444,228,216
"Talheim","50 - 55 Jahre",391,203,188
"Talheim","55 - 60 Jahre",343,184,159
"Talheim","60 - 65 Jahre",289,134,155
"Talheim","65 - 75 Jahre",532,262,270
"Talheim","75 und mehr Jahre",344,143,201
"Talheim","Insgesamt",4820,2400,2420
"Untereisesheim","unter 3 Jahre",114,57,57
"Untereisesheim","3 -  6 Jahre",136,66,70
"Untereisesheim","6 - 10 Jahre",184,102,82
"Untereisesheim","10 - 15 Jahre",233,132,101
"Untereisesheim","15 - 18 Jahre",150,72,78
"Untereisesheim","18 - 20 Jahre",98,48,50
"Untereisesheim","20 - 25 Jahre",206,100,106
"Untereisesheim","25 - 30 Jahre",234,117,117
"Untereisesheim","30 - 35 Jahre",274,135,139
"Untereisesheim","35 - 40 Jahre",283,133,150
"Untereisesheim","40 - 45 Jahre",369,210,159
"Untereisesheim","45 - 50 Jahre",319,150,169
"Untereisesheim","50 - 55 Jahre",293,162,131
"Untereisesheim","55 - 60 Jahre",290,132,158
"Untereisesheim","60 - 65 Jahre",259,131,128
"Untereisesheim","65 - 75 Jahre",381,178,203
"Untereisesheim","75 und mehr Jahre",240,101,139
"Untereisesheim","Insgesamt",4063,2026,2037
"Untergruppenbach","unter 3 Jahre",213,101,112
"Untergruppenbach","3 -  6 Jahre",197,91,106
"Untergruppenbach","6 - 10 Jahre",294,153,141
"Untergruppenbach","10 - 15 Jahre",418,222,196
"Untergruppenbach","15 - 18 Jahre",237,116,121
"Untergruppenbach","18 - 20 Jahre",162,72,90
"Untergruppenbach","20 - 25 Jahre",376,190,186
"Untergruppenbach","25 - 30 Jahre",456,222,234
"Untergruppenbach","30 - 35 Jahre",512,263,249
"Untergruppenbach","35 - 40 Jahre",502,251,251
"Untergruppenbach","40 - 45 Jahre",678,325,353
"Untergruppenbach","45 - 50 Jahre",710,391,319
"Untergruppenbach","50 - 55 Jahre",577,299,278
"Untergruppenbach","55 - 60 Jahre",509,239,270
"Untergruppenbach","60 - 65 Jahre",440,210,230
"Untergruppenbach","65 - 75 Jahre",900,438,462
"Untergruppenbach","75 und mehr Jahre",680,286,394
"Untergruppenbach","Insgesamt",7861,3869,3992
"Weinsberg, Stadt","unter 3 Jahre",304,154,150
"Weinsberg, Stadt","3 -  6 Jahre",266,143,123
"Weinsberg, Stadt","6 - 10 Jahre",429,214,215
"Weinsberg, Stadt","10 - 15 Jahre",605,296,309
"Weinsberg, Stadt","15 - 18 Jahre",395,215,180
"Weinsberg, Stadt","18 - 20 Jahre",262,130,132
"Weinsberg, Stadt","20 - 25 Jahre",633,343,290
"Weinsberg, Stadt","25 - 30 Jahre",679,362,317
"Weinsberg, Stadt","30 - 35 Jahre",692,343,349
"Weinsberg, Stadt","35 - 40 Jahre",770,397,373
"Weinsberg, Stadt","40 - 45 Jahre",979,509,470
"Weinsberg, Stadt","45 - 50 Jahre",1052,550,502
"Weinsberg, Stadt","50 - 55 Jahre",891,472,419
"Weinsberg, Stadt","55 - 60 Jahre",751,349,402
"Weinsberg, Stadt","60 - 65 Jahre",617,298,319
"Weinsberg, Stadt","65 - 75 Jahre",1208,569,639
"Weinsberg, Stadt","75 und mehr Jahre",1048,416,632
"Weinsberg, Stadt","Insgesamt",11581,5760,5821
"Widdern, Stadt","unter 3 Jahre",36,19,17
"Widdern, Stadt","3 -  6 Jahre",35,14,21
"Widdern, Stadt","6 - 10 Jahre",80,39,41
"Widdern, Stadt","10 - 15 Jahre",141,76,65
"Widdern, Stadt","15 - 18 Jahre",90,48,42
"Widdern, Stadt","18 - 20 Jahre",47,16,31
"Widdern, Stadt","20 - 25 Jahre",119,69,50
"Widdern, Stadt","25 - 30 Jahre",92,51,41
"Widdern, Stadt","30 - 35 Jahre",92,52,40
"Widdern, Stadt","35 - 40 Jahre",114,58,56
"Widdern, Stadt","40 - 45 Jahre",174,92,82
"Widdern, Stadt","45 - 50 Jahre",182,95,87
"Widdern, Stadt","50 - 55 Jahre",153,83,70
"Widdern, Stadt","55 - 60 Jahre",111,63,48
"Widdern, Stadt","60 - 65 Jahre",96,49,47
"Widdern, Stadt","65 - 75 Jahre",162,77,85
"Widdern, Stadt","75 und mehr Jahre",192,76,116
"Widdern, Stadt","Insgesamt",1916,977,939
"Wüstenrot","unter 3 Jahre",149,71,78
"Wüstenrot","3 -  6 Jahre",181,98,83
"Wüstenrot","6 - 10 Jahre",249,118,131
"Wüstenrot","10 - 15 Jahre",368,178,190
"Wüstenrot","15 - 18 Jahre",238,130,108
"Wüstenrot","18 - 20 Jahre",169,89,80
"Wüstenrot","20 - 25 Jahre",373,187,186
"Wüstenrot","25 - 30 Jahre",328,157,171
"Wüstenrot","30 - 35 Jahre",319,171,148
"Wüstenrot","35 - 40 Jahre",338,170,168
"Wüstenrot","40 - 45 Jahre",518,254,264
"Wüstenrot","45 - 50 Jahre",628,296,332
"Wüstenrot","50 - 55 Jahre",529,276,253
"Wüstenrot","55 - 60 Jahre",433,226,207
"Wüstenrot","60 - 65 Jahre",355,180,175
"Wüstenrot","65 - 75 Jahre",623,310,313
"Wüstenrot","75 und mehr Jahre",835,294,541
"Wüstenrot","Insgesamt",6633,3205,3428
"Zaberfeld","unter 3 Jahre",73,43,30
"Zaberfeld","3 -  6 Jahre",100,41,59
"Zaberfeld","6 - 10 Jahre",173,86,87
"Zaberfeld","10 - 15 Jahre",251,118,133
"Zaberfeld","15 - 18 Jahre",157,82,75
"Zaberfeld","18 - 20 Jahre",118,52,66
"Zaberfeld","20 - 25 Jahre",222,127,95
"Zaberfeld","25 - 30 Jahre",156,75,81
"Zaberfeld","30 - 35 Jahre",202,95,107
"Zaberfeld","35 - 40 Jahre",224,108,116
"Zaberfeld","40 - 45 Jahre",319,153,166
"Zaberfeld","45 - 50 Jahre",401,200,201
"Zaberfeld","50 - 55 Jahre",347,165,182
"Zaberfeld","55 - 60 Jahre",274,150,124
"Zaberfeld","60 - 65 Jahre",221,117,104
"Zaberfeld","65 - 75 Jahre",382,185,197
"Zaberfeld","75 und mehr Jahre",295,116,179
"Zaberfeld","Insgesamt",3915,1913,2002
"Obersulm","unter 3 Jahre",343,165,178
"Obersulm","3 -  6 Jahre",359,184,175
"Obersulm","6 - 10 Jahre",574,305,269
"Obersulm","10 - 15 Jahre",778,387,391
"Obersulm","15 - 18 Jahre",495,255,240
"Obersulm","18 - 20 Jahre",324,177,147
"Obersulm","20 - 25 Jahre",807,432,375
"Obersulm","25 - 30 Jahre",727,372,355
"Obersulm","30 - 35 Jahre",847,445,402
"Obersulm","35 - 40 Jahre",896,446,450
"Obersulm","40 - 45 Jahre",1135,585,550
"Obersulm","45 - 50 Jahre",1271,668,603
"Obersulm","50 - 55 Jahre",1097,561,536
"Obersulm","55 - 60 Jahre",839,428,411
"Obersulm","60 - 65 Jahre",756,360,396
"Obersulm","65 - 75 Jahre",1521,754,767
"Obersulm","75 und mehr Jahre",1183,471,712
"Obersulm","Insgesamt",13952,6995,6957
"Hardthausen am Kocher","unter 3 Jahre",126,73,53
"Hardthausen am Kocher","3 -  6 Jahre",118,59,59
"Hardthausen am Kocher","6 - 10 Jahre",159,69,90
"Hardthausen am Kocher","10 - 15 Jahre",273,143,130
"Hardthausen am Kocher","15 - 18 Jahre",170,93,77
"Hardthausen am Kocher","18 - 20 Jahre",113,65,48
"Hardthausen am Kocher","20 - 25 Jahre",248,130,118
"Hardthausen am Kocher","25 - 30 Jahre",212,115,97
"Hardthausen am Kocher","30 - 35 Jahre",250,128,122
"Hardthausen am Kocher","35 - 40 Jahre",250,116,134
"Hardthausen am Kocher","40 - 45 Jahre",363,180,183
"Hardthausen am Kocher","45 - 50 Jahre",409,229,180
"Hardthausen am Kocher","50 - 55 Jahre",290,149,141
"Hardthausen am Kocher","55 - 60 Jahre",235,118,117
"Hardthausen am Kocher","60 - 65 Jahre",175,98,77
"Hardthausen am Kocher","65 - 75 Jahre",337,155,182
"Hardthausen am Kocher","75 und mehr Jahre",261,117,144
"Hardthausen am Kocher","Insgesamt",3989,2037,1952
"Langenbrettach","unter 3 Jahre",101,48,53
"Langenbrettach","3 -  6 Jahre",127,61,66
"Langenbrettach","6 - 10 Jahre",166,97,69
"Langenbrettach","10 - 15 Jahre",211,117,94
"Langenbrettach","15 - 18 Jahre",130,63,67
"Langenbrettach","18 - 20 Jahre",92,46,46
"Langenbrettach","20 - 25 Jahre",229,125,104
"Langenbrettach","25 - 30 Jahre",214,119,95
"Langenbrettach","30 - 35 Jahre",234,113,121
"Langenbrettach","35 - 40 Jahre",288,159,129
"Langenbrettach","40 - 45 Jahre",315,159,156
"Langenbrettach","45 - 50 Jahre",330,167,163
"Langenbrettach","50 - 55 Jahre",280,136,144
"Langenbrettach","55 - 60 Jahre",212,100,112
"Langenbrettach","60 - 65 Jahre",161,82,79
"Langenbrettach","65 - 75 Jahre",303,157,146
"Langenbrettach","75 und mehr Jahre",248,101,147
"Langenbrettach","Insgesamt",3641,1850,1791
"Landkreis Hohenlohekreis","unter 3 Jahre",2826,1516,1310
"Landkreis Hohenlohekreis","3 -  6 Jahre",2929,1494,1435
"Landkreis Hohenlohekreis","6 - 10 Jahre",4346,2257,2089
"Landkreis Hohenlohekreis","10 - 15 Jahre",6293,3274,3019
"Landkreis Hohenlohekreis","15 - 18 Jahre",3990,2005,1985
"Landkreis Hohenlohekreis","18 - 20 Jahre",2827,1417,1410
"Landkreis Hohenlohekreis","20 - 25 Jahre",6833,3593,3240
"Landkreis Hohenlohekreis","25 - 30 Jahre",6233,3365,2868
"Landkreis Hohenlohekreis","30 - 35 Jahre",6249,3109,3140
"Landkreis Hohenlohekreis","35 - 40 Jahre",6738,3424,3314
"Landkreis Hohenlohekreis","40 - 45 Jahre",8852,4498,4354
"Landkreis Hohenlohekreis","45 - 50 Jahre",9533,4944,4589
"Landkreis Hohenlohekreis","50 - 55 Jahre",8492,4360,4132
"Landkreis Hohenlohekreis","55 - 60 Jahre",7107,3616,3491
"Landkreis Hohenlohekreis","60 - 65 Jahre",5691,2931,2760
"Landkreis Hohenlohekreis","65 - 75 Jahre",10414,4962,5452
"Landkreis Hohenlohekreis","75 und mehr Jahre",9560,3735,5825
"Landkreis Hohenlohekreis","Insgesamt",108913,54500,54413
"Bretzfeld","unter 3 Jahre",302,172,130
"Bretzfeld","3 -  6 Jahre",347,172,175
"Bretzfeld","6 - 10 Jahre",523,263,260
"Bretzfeld","10 - 15 Jahre",731,381,350
"Bretzfeld","15 - 18 Jahre",475,226,249
"Bretzfeld","18 - 20 Jahre",327,180,147
"Bretzfeld","20 - 25 Jahre",820,429,391
"Bretzfeld","25 - 30 Jahre",702,366,336
"Bretzfeld","30 - 35 Jahre",692,344,348
"Bretzfeld","35 - 40 Jahre",766,390,376
"Bretzfeld","40 - 45 Jahre",1022,532,490
"Bretzfeld","45 - 50 Jahre",1139,567,572
"Bretzfeld","50 - 55 Jahre",960,483,477
"Bretzfeld","55 - 60 Jahre",847,422,425
"Bretzfeld","60 - 65 Jahre",668,353,315
"Bretzfeld","65 - 75 Jahre",995,474,521
"Bretzfeld","75 und mehr Jahre",928,393,535
"Bretzfeld","Insgesamt",12244,6147,6097
"Dörzbach","unter 3 Jahre",80,35,45
"Dörzbach","3 -  6 Jahre",63,36,27
"Dörzbach","6 - 10 Jahre",104,56,48
"Dörzbach","10 - 15 Jahre",161,83,78
"Dörzbach","15 - 18 Jahre",82,42,40
"Dörzbach","18 - 20 Jahre",53,22,31
"Dörzbach","20 - 25 Jahre",142,84,58
"Dörzbach","25 - 30 Jahre",127,66,61
"Dörzbach","30 - 35 Jahre",149,66,83
"Dörzbach","35 - 40 Jahre",172,92,80
"Dörzbach","40 - 45 Jahre",197,108,89
"Dörzbach","45 - 50 Jahre",216,111,105
"Dörzbach","50 - 55 Jahre",171,90,81
"Dörzbach","55 - 60 Jahre",163,82,81
"Dörzbach","60 - 65 Jahre",116,61,55
"Dörzbach","65 - 75 Jahre",211,107,104
"Dörzbach","75 und mehr Jahre",217,78,139
"Dörzbach","Insgesamt",2424,1219,1205
"Forchtenberg, Stadt","unter 3 Jahre",141,79,62
"Forchtenberg, Stadt","3 -  6 Jahre",130,64,66
"Forchtenberg, Stadt","6 - 10 Jahre",203,106,97
"Forchtenberg, Stadt","10 - 15 Jahre",266,144,122
"Forchtenberg, Stadt","15 - 18 Jahre",214,106,108
"Forchtenberg, Stadt","18 - 20 Jahre",151,77,74
"Forchtenberg, Stadt","20 - 25 Jahre",303,155,148
"Forchtenberg, Stadt","25 - 30 Jahre",273,140,133
"Forchtenberg, Stadt","30 - 35 Jahre",308,142,166
"Forchtenberg, Stadt","35 - 40 Jahre",307,163,144
"Forchtenberg, Stadt","40 - 45 Jahre",421,220,201
"Forchtenberg, Stadt","45 - 50 Jahre",432,224,208
"Forchtenberg, Stadt","50 - 55 Jahre",365,177,188
"Forchtenberg, Stadt","55 - 60 Jahre",322,166,156
"Forchtenberg, Stadt","60 - 65 Jahre",269,139,130
"Forchtenberg, Stadt","65 - 75 Jahre",468,232,236
"Forchtenberg, Stadt","75 und mehr Jahre",407,160,247
"Forchtenberg, Stadt","Insgesamt",4980,2494,2486
"Ingelfingen, Stadt","unter 3 Jahre",137,74,63
"Ingelfingen, Stadt","3 -  6 Jahre",167,75,92
"Ingelfingen, Stadt","6 - 10 Jahre",250,128,122
"Ingelfingen, Stadt","10 - 15 Jahre",326,171,155
"Ingelfingen, Stadt","15 - 18 Jahre",223,121,102
"Ingelfingen, Stadt","18 - 20 Jahre",150,63,87
"Ingelfingen, Stadt","20 - 25 Jahre",338,172,166
"Ingelfingen, Stadt","25 - 30 Jahre",282,150,132
"Ingelfingen, Stadt","30 - 35 Jahre",304,143,161
"Ingelfingen, Stadt","35 - 40 Jahre",324,148,176
"Ingelfingen, Stadt","40 - 45 Jahre",502,244,258
"Ingelfingen, Stadt","45 - 50 Jahre",481,267,214
"Ingelfingen, Stadt","50 - 55 Jahre",405,214,191
"Ingelfingen, Stadt","55 - 60 Jahre",352,175,177
"Ingelfingen, Stadt","60 - 65 Jahre",299,152,147
"Ingelfingen, Stadt","65 - 75 Jahre",572,272,300
"Ingelfingen, Stadt","75 und mehr Jahre",579,211,368
"Ingelfingen, Stadt","Insgesamt",5691,2780,2911
"Krautheim, Stadt","unter 3 Jahre",121,65,56
"Krautheim, Stadt","3 -  6 Jahre",127,70,57
"Krautheim, Stadt","6 - 10 Jahre",182,95,87
"Krautheim, Stadt","10 - 15 Jahre",273,167,106
"Krautheim, Stadt","15 - 18 Jahre",182,103,79
"Krautheim, Stadt","18 - 20 Jahre",121,63,58
"Krautheim, Stadt","20 - 25 Jahre",288,147,141
"Krautheim, Stadt","25 - 30 Jahre",250,132,118
"Krautheim, Stadt","30 - 35 Jahre",231,129,102
"Krautheim, Stadt","35 - 40 Jahre",286,134,152
"Krautheim, Stadt","40 - 45 Jahre",408,217,191
"Krautheim, Stadt","45 - 50 Jahre",458,248,210
"Krautheim, Stadt","50 - 55 Jahre",395,201,194
"Krautheim, Stadt","55 - 60 Jahre",290,163,127
"Krautheim, Stadt","60 - 65 Jahre",237,115,122
"Krautheim, Stadt","65 - 75 Jahre",424,216,208
"Krautheim, Stadt","75 und mehr Jahre",444,184,260
"Krautheim, Stadt","Insgesamt",4717,2449,2268
"Künzelsau, Stadt","unter 3 Jahre",364,187,177
"Künzelsau, Stadt","3 -  6 Jahre",381,194,187
"Künzelsau, Stadt","6 - 10 Jahre",551,265,286
"Künzelsau, Stadt","10 - 15 Jahre",777,379,398
"Künzelsau, Stadt","15 - 18 Jahre",460,209,251
"Künzelsau, Stadt","18 - 20 Jahre",372,183,189
"Künzelsau, Stadt","20 - 25 Jahre",1010,551,459
"Künzelsau, Stadt","25 - 30 Jahre",953,539,414
"Künzelsau, Stadt","30 - 35 Jahre",849,431,418
"Künzelsau, Stadt","35 - 40 Jahre",898,445,453
"Künzelsau, Stadt","40 - 45 Jahre",1091,553,538
"Künzelsau, Stadt","45 - 50 Jahre",1172,595,577
"Künzelsau, Stadt","50 - 55 Jahre",1188,598,590
"Künzelsau, Stadt","55 - 60 Jahre",986,487,499
"Künzelsau, Stadt","60 - 65 Jahre",749,378,371
"Künzelsau, Stadt","65 - 75 Jahre",1517,714,803
"Künzelsau, Stadt","75 und mehr Jahre",1504,568,936
"Künzelsau, Stadt","Insgesamt",14822,7276,7546
"Kupferzell","unter 3 Jahre",155,75,80
"Kupferzell","3 -  6 Jahre",158,87,71
"Kupferzell","6 - 10 Jahre",234,133,101
"Kupferzell","10 - 15 Jahre",316,161,155
"Kupferzell","15 - 18 Jahre",231,126,105
"Kupferzell","18 - 20 Jahre",156,79,77
"Kupferzell","20 - 25 Jahre",405,195,210
"Kupferzell","25 - 30 Jahre",411,216,195
"Kupferzell","30 - 35 Jahre",360,192,168
"Kupferzell","35 - 40 Jahre",378,188,190
"Kupferzell","40 - 45 Jahre",514,272,242
"Kupferzell","45 - 50 Jahre",527,255,272
"Kupferzell","50 - 55 Jahre",452,235,217
"Kupferzell","55 - 60 Jahre",361,180,181
"Kupferzell","60 - 65 Jahre",279,151,128
"Kupferzell","65 - 75 Jahre",434,203,231
"Kupferzell","75 und mehr Jahre",412,163,249
"Kupferzell","Insgesamt",5783,2911,2872
"Mulfingen","unter 3 Jahre",84,50,34
"Mulfingen","3 -  6 Jahre",115,58,57
"Mulfingen","6 - 10 Jahre",186,95,91
"Mulfingen","10 - 15 Jahre",245,133,112
"Mulfingen","15 - 18 Jahre",154,80,74
"Mulfingen","18 - 20 Jahre",97,49,48
"Mulfingen","20 - 25 Jahre",277,162,115
"Mulfingen","25 - 30 Jahre",202,108,94
"Mulfingen","30 - 35 Jahre",161,87,74
"Mulfingen","35 - 40 Jahre",235,125,110
"Mulfingen","40 - 45 Jahre",264,145,119
"Mulfingen","45 - 50 Jahre",343,176,167
"Mulfingen","50 - 55 Jahre",308,166,142
"Mulfingen","55 - 60 Jahre",223,118,105
"Mulfingen","60 - 65 Jahre",197,110,87
"Mulfingen","65 - 75 Jahre",294,144,150
"Mulfingen","75 und mehr Jahre",333,124,209
"Mulfingen","Insgesamt",3718,1930,1788
"Neuenstein, Stadt","unter 3 Jahre",170,87,83
"Neuenstein, Stadt","3 -  6 Jahre",185,107,78
"Neuenstein, Stadt","6 - 10 Jahre",247,128,119
"Neuenstein, Stadt","10 - 15 Jahre",393,211,182
"Neuenstein, Stadt","15 - 18 Jahre",236,123,113
"Neuenstein, Stadt","18 - 20 Jahre",175,90,85
"Neuenstein, Stadt","20 - 25 Jahre",372,190,182
"Neuenstein, Stadt","25 - 30 Jahre",343,186,157
"Neuenstein, Stadt","30 - 35 Jahre",378,172,206
"Neuenstein, Stadt","35 - 40 Jahre",365,188,177
"Neuenstein, Stadt","40 - 45 Jahre",502,264,238
"Neuenstein, Stadt","45 - 50 Jahre",583,297,286
"Neuenstein, Stadt","50 - 55 Jahre",493,274,219
"Neuenstein, Stadt","55 - 60 Jahre",421,222,199
"Neuenstein, Stadt","60 - 65 Jahre",329,180,149
"Neuenstein, Stadt","65 - 75 Jahre",532,245,287
"Neuenstein, Stadt","75 und mehr Jahre",517,203,314
"Neuenstein, Stadt","Insgesamt",6241,3167,3074
"Niedernhall, Stadt","unter 3 Jahre",92,46,46
"Niedernhall, Stadt","3 -  6 Jahre",104,44,60
"Niedernhall, Stadt","6 - 10 Jahre",153,87,66
"Niedernhall, Stadt","10 - 15 Jahre",242,118,124
"Niedernhall, Stadt","15 - 18 Jahre",117,61,56
"Niedernhall, Stadt","18 - 20 Jahre",97,50,47
"Niedernhall, Stadt","20 - 25 Jahre",205,101,104
"Niedernhall, Stadt","25 - 30 Jahre",209,120,89
"Niedernhall, Stadt","30 - 35 Jahre",230,118,112
"Niedernhall, Stadt","35 - 40 Jahre",263,159,104
"Niedernhall, Stadt","40 - 45 Jahre",344,180,164
"Niedernhall, Stadt","45 - 50 Jahre",334,180,154
"Niedernhall, Stadt","50 - 55 Jahre",313,169,144
"Niedernhall, Stadt","55 - 60 Jahre",266,136,130
"Niedernhall, Stadt","60 - 65 Jahre",270,130,140
"Niedernhall, Stadt","65 - 75 Jahre",401,200,201
"Niedernhall, Stadt","75 und mehr Jahre",305,141,164
"Niedernhall, Stadt","Insgesamt",3945,2040,1905
"Öhringen, Stadt","unter 3 Jahre",625,357,268
"Öhringen, Stadt","3 -  6 Jahre",584,302,282
"Öhringen, Stadt","6 - 10 Jahre",872,447,425
"Öhringen, Stadt","10 - 15 Jahre",1242,653,589
"Öhringen, Stadt","15 - 18 Jahre",787,409,378
"Öhringen, Stadt","18 - 20 Jahre",539,271,268
"Öhringen, Stadt","20 - 25 Jahre",1303,694,609
"Öhringen, Stadt","25 - 30 Jahre",1346,717,629
"Öhringen, Stadt","30 - 35 Jahre",1449,711,738
"Öhringen, Stadt","35 - 40 Jahre",1380,695,685
"Öhringen, Stadt","40 - 45 Jahre",1700,847,853
"Öhringen, Stadt","45 - 50 Jahre",1923,994,929
"Öhringen, Stadt","50 - 55 Jahre",1864,932,932
"Öhringen, Stadt","55 - 60 Jahre",1531,751,780
"Öhringen, Stadt","60 - 65 Jahre",1173,603,570
"Öhringen, Stadt","65 - 75 Jahre",2287,1035,1252
"Öhringen, Stadt","75 und mehr Jahre",2157,811,1346
"Öhringen, Stadt","Insgesamt",22762,11229,11533
"Pfedelbach","unter 3 Jahre",260,137,123
"Pfedelbach","3 -  6 Jahre",246,129,117
"Pfedelbach","6 - 10 Jahre",383,187,196
"Pfedelbach","10 - 15 Jahre",563,280,283
"Pfedelbach","15 - 18 Jahre",340,155,185
"Pfedelbach","18 - 20 Jahre",213,122,91
"Pfedelbach","20 - 25 Jahre",484,249,235
"Pfedelbach","25 - 30 Jahre",467,244,223
"Pfedelbach","30 - 35 Jahre",492,235,257
"Pfedelbach","35 - 40 Jahre",605,313,292
"Pfedelbach","40 - 45 Jahre",750,359,391
"Pfedelbach","45 - 50 Jahre",780,414,366
"Pfedelbach","50 - 55 Jahre",671,354,317
"Pfedelbach","55 - 60 Jahre",549,281,268
"Pfedelbach","60 - 65 Jahre",487,232,255
"Pfedelbach","65 - 75 Jahre",967,466,501
"Pfedelbach","75 und mehr Jahre",729,294,435
"Pfedelbach","Insgesamt",8986,4451,4535
"Schöntal","unter 3 Jahre",128,63,65
"Schöntal","3 -  6 Jahre",145,66,79
"Schöntal","6 - 10 Jahre",214,128,86
"Schöntal","10 - 15 Jahre",353,196,157
"Schöntal","15 - 18 Jahre",214,113,101
"Schöntal","18 - 20 Jahre",154,66,88
"Schöntal","20 - 25 Jahre",360,199,161
"Schöntal","25 - 30 Jahre",263,151,112
"Schöntal","30 - 35 Jahre",265,145,120
"Schöntal","35 - 40 Jahre",348,174,174
"Schöntal","40 - 45 Jahre",497,251,246
"Schöntal","45 - 50 Jahre",535,297,238
"Schöntal","50 - 55 Jahre",440,227,213
"Schöntal","55 - 60 Jahre",365,194,171
"Schöntal","60 - 65 Jahre",288,154,134
"Schöntal","65 - 75 Jahre",618,303,315
"Schöntal","75 und mehr Jahre",509,199,310
"Schöntal","Insgesamt",5696,2926,2770
"Waldenburg, Stadt","unter 3 Jahre",68,32,36
"Waldenburg, Stadt","3 -  6 Jahre",85,42,43
"Waldenburg, Stadt","6 - 10 Jahre",105,61,44
"Waldenburg, Stadt","10 - 15 Jahre",173,82,91
"Waldenburg, Stadt","15 - 18 Jahre",119,54,65
"Waldenburg, Stadt","18 - 20 Jahre",116,48,68
"Waldenburg, Stadt","20 - 25 Jahre",282,143,139
"Waldenburg, Stadt","25 - 30 Jahre",186,111,75
"Waldenburg, Stadt","30 - 35 Jahre",163,86,77
"Waldenburg, Stadt","35 - 40 Jahre",143,63,80
"Waldenburg, Stadt","40 - 45 Jahre",299,129,170
"Waldenburg, Stadt","45 - 50 Jahre",274,139,135
"Waldenburg, Stadt","50 - 55 Jahre",184,95,89
"Waldenburg, Stadt","55 - 60 Jahre",179,101,78
"Waldenburg, Stadt","60 - 65 Jahre",135,72,63
"Waldenburg, Stadt","65 - 75 Jahre",292,155,137
"Waldenburg, Stadt","75 und mehr Jahre",201,67,134
"Waldenburg, Stadt","Insgesamt",3004,1480,1524
"Weißbach","unter 3 Jahre",50,31,19
"Weißbach","3 -  6 Jahre",53,23,30
"Weißbach","6 - 10 Jahre",80,49,31
"Weißbach","10 - 15 Jahre",111,58,53
"Weißbach","15 - 18 Jahre",85,38,47
"Weißbach","18 - 20 Jahre",64,29,35
"Weißbach","20 - 25 Jahre",143,73,70
"Weißbach","25 - 30 Jahre",132,73,59
"Weißbach","30 - 35 Jahre",118,67,51
"Weißbach","35 - 40 Jahre",138,78,60
"Weißbach","40 - 45 Jahre",182,91,91
"Weißbach","45 - 50 Jahre",169,85,84
"Weißbach","50 - 55 Jahre",166,80,86
"Weißbach","55 - 60 Jahre",135,75,60
"Weißbach","60 - 65 Jahre",105,49,56
"Weißbach","65 - 75 Jahre",227,104,123
"Weißbach","75 und mehr Jahre",154,65,89
"Weißbach","Insgesamt",2112,1068,1044
"Zweiflingen","unter 3 Jahre",49,26,23
"Zweiflingen","3 -  6 Jahre",39,25,14
"Zweiflingen","6 - 10 Jahre",59,29,30
"Zweiflingen","10 - 15 Jahre",121,57,64
"Zweiflingen","15 - 18 Jahre",71,39,32
"Zweiflingen","18 - 20 Jahre",42,25,17
"Zweiflingen","20 - 25 Jahre",101,49,52
"Zweiflingen","25 - 30 Jahre",87,46,41
"Zweiflingen","30 - 35 Jahre",100,41,59
"Zweiflingen","35 - 40 Jahre",130,69,61
"Zweiflingen","40 - 45 Jahre",159,86,73
"Zweiflingen","45 - 50 Jahre",167,95,72
"Zweiflingen","50 - 55 Jahre",117,65,52
"Zweiflingen","55 - 60 Jahre",117,63,54
"Zweiflingen","60 - 65 Jahre",90,52,38
"Zweiflingen","65 - 75 Jahre",175,92,83
"Zweiflingen","75 und mehr Jahre",164,74,90
"Zweiflingen","Insgesamt",1788,933,855
"Landkreis Schwäbisch Hall","unter 3 Jahre",4893,2439,2454
"Landkreis Schwäbisch Hall","3 -  6 Jahre",5214,2631,2583
"Landkreis Schwäbisch Hall","6 - 10 Jahre",7641,3968,3673
"Landkreis Schwäbisch Hall","10 - 15 Jahre",11028,5691,5337
"Landkreis Schwäbisch Hall","15 - 18 Jahre",7132,3621,3511
"Landkreis Schwäbisch Hall","18 - 20 Jahre",4863,2526,2337
"Landkreis Schwäbisch Hall","20 - 25 Jahre",11437,6034,5403
"Landkreis Schwäbisch Hall","25 - 30 Jahre",11190,5923,5267
"Landkreis Schwäbisch Hall","30 - 35 Jahre",10902,5570,5332
"Landkreis Schwäbisch Hall","35 - 40 Jahre",11409,5768,5641
"Landkreis Schwäbisch Hall","40 - 45 Jahre",15262,7837,7425
"Landkreis Schwäbisch Hall","45 - 50 Jahre",16099,8194,7905
"Landkreis Schwäbisch Hall","50 - 55 Jahre",14595,7417,7178
"Landkreis Schwäbisch Hall","55 - 60 Jahre",12595,6277,6318
"Landkreis Schwäbisch Hall","60 - 65 Jahre",10123,5112,5011
"Landkreis Schwäbisch Hall","65 - 75 Jahre",17885,8472,9413
"Landkreis Schwäbisch Hall","75 und mehr Jahre",16152,6056,10096
"Landkreis Schwäbisch Hall","Insgesamt",188420,93536,94884
"Blaufelden","unter 3 Jahre",139,70,69
"Blaufelden","3 -  6 Jahre",146,65,81
"Blaufelden","6 - 10 Jahre",234,119,115
"Blaufelden","10 - 15 Jahre",331,184,147
"Blaufelden","15 - 18 Jahre",191,87,104
"Blaufelden","18 - 20 Jahre",146,75,71
"Blaufelden","20 - 25 Jahre",305,171,134
"Blaufelden","25 - 30 Jahre",332,204,128
"Blaufelden","30 - 35 Jahre",316,167,149
"Blaufelden","35 - 40 Jahre",301,164,137
"Blaufelden","40 - 45 Jahre",394,209,185
"Blaufelden","45 - 50 Jahre",433,244,189
"Blaufelden","50 - 55 Jahre",374,190,184
"Blaufelden","55 - 60 Jahre",327,177,150
"Blaufelden","60 - 65 Jahre",277,139,138
"Blaufelden","65 - 75 Jahre",500,246,254
"Blaufelden","75 und mehr Jahre",450,173,277
"Blaufelden","Insgesamt",5196,2684,2512
"Braunsbach","unter 3 Jahre",68,34,34
"Braunsbach","3 -  6 Jahre",70,34,36
"Braunsbach","6 - 10 Jahre",88,42,46
"Braunsbach","10 - 15 Jahre",140,66,74
"Braunsbach","15 - 18 Jahre",105,48,57
"Braunsbach","18 - 20 Jahre",56,33,23
"Braunsbach","20 - 25 Jahre",155,84,71
"Braunsbach","25 - 30 Jahre",131,85,46
"Braunsbach","30 - 35 Jahre",124,58,66
"Braunsbach","35 - 40 Jahre",119,62,57
"Braunsbach","40 - 45 Jahre",153,71,82
"Braunsbach","45 - 50 Jahre",200,94,106
"Braunsbach","50 - 55 Jahre",216,123,93
"Braunsbach","55 - 60 Jahre",147,74,73
"Braunsbach","60 - 65 Jahre",110,60,50
"Braunsbach","65 - 75 Jahre",242,111,131
"Braunsbach","75 und mehr Jahre",206,78,128
"Braunsbach","Insgesamt",2330,1157,1173
"Bühlertann","unter 3 Jahre",67,28,39
"Bühlertann","3 -  6 Jahre",75,30,45
"Bühlertann","6 - 10 Jahre",113,70,43
"Bühlertann","10 - 15 Jahre",211,90,121
"Bühlertann","15 - 18 Jahre",157,77,80
"Bühlertann","18 - 20 Jahre",94,39,55
"Bühlertann","20 - 25 Jahre",193,102,91
"Bühlertann","25 - 30 Jahre",175,99,76
"Bühlertann","30 - 35 Jahre",158,92,66
"Bühlertann","35 - 40 Jahre",194,101,93
"Bühlertann","40 - 45 Jahre",299,159,140
"Bühlertann","45 - 50 Jahre",287,154,133
"Bühlertann","50 - 55 Jahre",212,110,102
"Bühlertann","55 - 60 Jahre",187,99,88
"Bühlertann","60 - 65 Jahre",150,79,71
"Bühlertann","65 - 75 Jahre",266,121,145
"Bühlertann","75 und mehr Jahre",211,79,132
"Bühlertann","Insgesamt",3049,1529,1520
"Bühlerzell","unter 3 Jahre",45,25,20
"Bühlerzell","3 -  6 Jahre",69,33,36
"Bühlerzell","6 - 10 Jahre",83,46,37
"Bühlerzell","10 - 15 Jahre",132,63,69
"Bühlerzell","15 - 18 Jahre",87,35,52
"Bühlerzell","18 - 20 Jahre",52,27,25
"Bühlerzell","20 - 25 Jahre",110,73,37
"Bühlerzell","25 - 30 Jahre",107,63,44
"Bühlerzell","30 - 35 Jahre",126,73,53
"Bühlerzell","35 - 40 Jahre",137,69,68
"Bühlerzell","40 - 45 Jahre",150,76,74
"Bühlerzell","45 - 50 Jahre",199,99,100
"Bühlerzell","50 - 55 Jahre",170,101,69
"Bühlerzell","55 - 60 Jahre",136,76,60
"Bühlerzell","60 - 65 Jahre",87,49,38
"Bühlerzell","65 - 75 Jahre",208,94,114
"Bühlerzell","75 und mehr Jahre",202,74,128
"Bühlerzell","Insgesamt",2100,1076,1024
"Crailsheim, Stadt","unter 3 Jahre",855,458,397
"Crailsheim, Stadt","3 -  6 Jahre",902,439,463
"Crailsheim, Stadt","6 - 10 Jahre",1295,673,622
"Crailsheim, Stadt","10 - 15 Jahre",1688,839,849
"Crailsheim, Stadt","15 - 18 Jahre",1125,567,558
"Crailsheim, Stadt","18 - 20 Jahre",780,383,397
"Crailsheim, Stadt","20 - 25 Jahre",2045,1088,957
"Crailsheim, Stadt","25 - 30 Jahre",2200,1144,1056
"Crailsheim, Stadt","30 - 35 Jahre",2081,1075,1006
"Crailsheim, Stadt","35 - 40 Jahre",2012,1037,975
"Crailsheim, Stadt","40 - 45 Jahre",2524,1363,1161
"Crailsheim, Stadt","45 - 50 Jahre",2650,1355,1295
"Crailsheim, Stadt","50 - 55 Jahre",2625,1341,1284
"Crailsheim, Stadt","55 - 60 Jahre",2223,1080,1143
"Crailsheim, Stadt","60 - 65 Jahre",1752,863,889
"Crailsheim, Stadt","65 - 75 Jahre",3251,1504,1747
"Crailsheim, Stadt","75 und mehr Jahre",3013,1089,1924
"Crailsheim, Stadt","Insgesamt",33021,16298,16723
"Fichtenberg","unter 3 Jahre",59,23,36
"Fichtenberg","3 -  6 Jahre",63,29,34
"Fichtenberg","6 - 10 Jahre",112,56,56
"Fichtenberg","10 - 15 Jahre",178,96,82
"Fichtenberg","15 - 18 Jahre",116,57,59
"Fichtenberg","18 - 20 Jahre",64,37,27
"Fichtenberg","20 - 25 Jahre",156,90,66
"Fichtenberg","25 - 30 Jahre",156,91,65
"Fichtenberg","30 - 35 Jahre",150,69,81
"Fichtenberg","35 - 40 Jahre",154,72,82
"Fichtenberg","40 - 45 Jahre",241,111,130
"Fichtenberg","45 - 50 Jahre",241,121,120
"Fichtenberg","50 - 55 Jahre",243,128,115
"Fichtenberg","55 - 60 Jahre",186,89,97
"Fichtenberg","60 - 65 Jahre",173,91,82
"Fichtenberg","65 - 75 Jahre",282,141,141
"Fichtenberg","75 und mehr Jahre",247,87,160
"Fichtenberg","Insgesamt",2821,1388,1433
"Gaildorf, Stadt","unter 3 Jahre",287,144,143
"Gaildorf, Stadt","3 -  6 Jahre",342,181,161
"Gaildorf, Stadt","6 - 10 Jahre",542,274,268
"Gaildorf, Stadt","10 - 15 Jahre",726,378,348
"Gaildorf, Stadt","15 - 18 Jahre",461,228,233
"Gaildorf, Stadt","18 - 20 Jahre",300,164,136
"Gaildorf, Stadt","20 - 25 Jahre",729,374,355
"Gaildorf, Stadt","25 - 30 Jahre",710,363,347
"Gaildorf, Stadt","30 - 35 Jahre",717,376,341
"Gaildorf, Stadt","35 - 40 Jahre",757,396,361
"Gaildorf, Stadt","40 - 45 Jahre",945,478,467
"Gaildorf, Stadt","45 - 50 Jahre",1002,511,491
"Gaildorf, Stadt","50 - 55 Jahre",975,468,507
"Gaildorf, Stadt","55 - 60 Jahre",845,431,414
"Gaildorf, Stadt","60 - 65 Jahre",663,322,341
"Gaildorf, Stadt","65 - 75 Jahre",1212,598,614
"Gaildorf, Stadt","75 und mehr Jahre",1119,443,676
"Gaildorf, Stadt","Insgesamt",12332,6129,6203
"Gerabronn, Stadt","unter 3 Jahre",87,47,40
"Gerabronn, Stadt","3 -  6 Jahre",109,61,48
"Gerabronn, Stadt","6 - 10 Jahre",134,68,66
"Gerabronn, Stadt","10 - 15 Jahre",241,129,112
"Gerabronn, Stadt","15 - 18 Jahre",167,78,89
"Gerabronn, Stadt","18 - 20 Jahre",117,61,56
"Gerabronn, Stadt","20 - 25 Jahre",235,128,107
"Gerabronn, Stadt","25 - 30 Jahre",246,142,104
"Gerabronn, Stadt","30 - 35 Jahre",239,121,118
"Gerabronn, Stadt","35 - 40 Jahre",236,126,110
"Gerabronn, Stadt","40 - 45 Jahre",326,178,148
"Gerabronn, Stadt","45 - 50 Jahre",359,192,167
"Gerabronn, Stadt","50 - 55 Jahre",345,170,175
"Gerabronn, Stadt","55 - 60 Jahre",320,177,143
"Gerabronn, Stadt","60 - 65 Jahre",222,123,99
"Gerabronn, Stadt","65 - 75 Jahre",432,205,227
"Gerabronn, Stadt","75 und mehr Jahre",462,178,284
"Gerabronn, Stadt","Insgesamt",4277,2184,2093
"Ilshofen, Stadt","unter 3 Jahre",193,86,107
"Ilshofen, Stadt","3 -  6 Jahre",191,110,81
"Ilshofen, Stadt","6 - 10 Jahre",292,155,137
"Ilshofen, Stadt","10 - 15 Jahre",440,224,216
"Ilshofen, Stadt","15 - 18 Jahre",257,131,126
"Ilshofen, Stadt","18 - 20 Jahre",161,94,67
"Ilshofen, Stadt","20 - 25 Jahre",397,205,192
"Ilshofen, Stadt","25 - 30 Jahre",377,208,169
"Ilshofen, Stadt","30 - 35 Jahre",367,206,161
"Ilshofen, Stadt","35 - 40 Jahre",413,208,205
"Ilshofen, Stadt","40 - 45 Jahre",558,291,267
"Ilshofen, Stadt","45 - 50 Jahre",560,300,260
"Ilshofen, Stadt","50 - 55 Jahre",433,233,200
"Ilshofen, Stadt","55 - 60 Jahre",347,174,173
"Ilshofen, Stadt","60 - 65 Jahre",260,130,130
"Ilshofen, Stadt","65 - 75 Jahre",522,239,283
"Ilshofen, Stadt","75 und mehr Jahre",452,173,279
"Ilshofen, Stadt","Insgesamt",6220,3167,3053
"Kirchberg an der Jagst, Stadt","unter 3 Jahre",89,50,39
"Kirchberg an der Jagst, Stadt","3 -  6 Jahre",107,48,59
"Kirchberg an der Jagst, Stadt","6 - 10 Jahre",150,81,69
"Kirchberg an der Jagst, Stadt","10 - 15 Jahre",213,119,94
"Kirchberg an der Jagst, Stadt","15 - 18 Jahre",169,81,88
"Kirchberg an der Jagst, Stadt","18 - 20 Jahre",125,66,59
"Kirchberg an der Jagst, Stadt","20 - 25 Jahre",284,150,134
"Kirchberg an der Jagst, Stadt","25 - 30 Jahre",283,169,114
"Kirchberg an der Jagst, Stadt","30 - 35 Jahre",254,134,120
"Kirchberg an der Jagst, Stadt","35 - 40 Jahre",270,148,122
"Kirchberg an der Jagst, Stadt","40 - 45 Jahre",415,235,180
"Kirchberg an der Jagst, Stadt","45 - 50 Jahre",360,180,180
"Kirchberg an der Jagst, Stadt","50 - 55 Jahre",329,161,168
"Kirchberg an der Jagst, Stadt","55 - 60 Jahre",313,172,141
"Kirchberg an der Jagst, Stadt","60 - 65 Jahre",207,113,94
"Kirchberg an der Jagst, Stadt","65 - 75 Jahre",380,186,194
"Kirchberg an der Jagst, Stadt","75 und mehr Jahre",347,144,203
"Kirchberg an der Jagst, Stadt","Insgesamt",4295,2237,2058
"Langenburg, Stadt","unter 3 Jahre",42,18,24
"Langenburg, Stadt","3 -  6 Jahre",43,24,19
"Langenburg, Stadt","6 - 10 Jahre",55,27,28
"Langenburg, Stadt","10 - 15 Jahre",102,61,41
"Langenburg, Stadt","15 - 18 Jahre",80,47,33
"Langenburg, Stadt","18 - 20 Jahre",47,26,21
"Langenburg, Stadt","20 - 25 Jahre",89,48,41
"Langenburg, Stadt","25 - 30 Jahre",70,34,36
"Langenburg, Stadt","30 - 35 Jahre",70,31,39
"Langenburg, Stadt","35 - 40 Jahre",89,52,37
"Langenburg, Stadt","40 - 45 Jahre",125,61,64
"Langenburg, Stadt","45 - 50 Jahre",166,66,100
"Langenburg, Stadt","50 - 55 Jahre",139,80,59
"Langenburg, Stadt","55 - 60 Jahre",110,56,54
"Langenburg, Stadt","60 - 65 Jahre",125,61,64
"Langenburg, Stadt","65 - 75 Jahre",223,102,121
"Langenburg, Stadt","75 und mehr Jahre",200,96,104
"Langenburg, Stadt","Insgesamt",1775,890,885
"Mainhardt","unter 3 Jahre",164,77,87
"Mainhardt","3 -  6 Jahre",153,71,82
"Mainhardt","6 - 10 Jahre",270,158,112
"Mainhardt","10 - 15 Jahre",387,187,200
"Mainhardt","15 - 18 Jahre",219,97,122
"Mainhardt","18 - 20 Jahre",154,69,85
"Mainhardt","20 - 25 Jahre",326,149,177
"Mainhardt","25 - 30 Jahre",330,163,167
"Mainhardt","30 - 35 Jahre",285,153,132
"Mainhardt","35 - 40 Jahre",344,178,166
"Mainhardt","40 - 45 Jahre",465,235,230
"Mainhardt","45 - 50 Jahre",541,277,264
"Mainhardt","50 - 55 Jahre",441,218,223
"Mainhardt","55 - 60 Jahre",351,182,169
"Mainhardt","60 - 65 Jahre",290,139,151
"Mainhardt","65 - 75 Jahre",549,271,278
"Mainhardt","75 und mehr Jahre",440,178,262
"Mainhardt","Insgesamt",5709,2802,2907
"Michelbach an der Bilz","unter 3 Jahre",104,54,50
"Michelbach an der Bilz","3 -  6 Jahre",79,48,31
"Michelbach an der Bilz","6 - 10 Jahre",121,60,61
"Michelbach an der Bilz","10 - 15 Jahre",191,113,78
"Michelbach an der Bilz","15 - 18 Jahre",116,66,50
"Michelbach an der Bilz","18 - 20 Jahre",106,56,50
"Michelbach an der Bilz","20 - 25 Jahre",198,95,103
"Michelbach an der Bilz","25 - 30 Jahre",174,99,75
"Michelbach an der Bilz","30 - 35 Jahre",131,58,73
"Michelbach an der Bilz","35 - 40 Jahre",168,78,90
"Michelbach an der Bilz","40 - 45 Jahre",303,154,149
"Michelbach an der Bilz","45 - 50 Jahre",285,136,149
"Michelbach an der Bilz","50 - 55 Jahre",272,140,132
"Michelbach an der Bilz","55 - 60 Jahre",247,107,140
"Michelbach an der Bilz","60 - 65 Jahre",196,104,92
"Michelbach an der Bilz","65 - 75 Jahre",384,195,189
"Michelbach an der Bilz","75 und mehr Jahre",300,127,173
"Michelbach an der Bilz","Insgesamt",3375,1690,1685
"Michelfeld","unter 3 Jahre",111,62,49
"Michelfeld","3 -  6 Jahre",96,53,43
"Michelfeld","6 - 10 Jahre",162,90,72
"Michelfeld","10 - 15 Jahre",180,95,85
"Michelfeld","15 - 18 Jahre",124,63,61
"Michelfeld","18 - 20 Jahre",99,57,42
"Michelfeld","20 - 25 Jahre",200,99,101
"Michelfeld","25 - 30 Jahre",246,121,125
"Michelfeld","30 - 35 Jahre",222,108,114
"Michelfeld","35 - 40 Jahre",253,136,117
"Michelfeld","40 - 45 Jahre",332,162,170
"Michelfeld","45 - 50 Jahre",315,159,156
"Michelfeld","50 - 55 Jahre",312,158,154
"Michelfeld","55 - 60 Jahre",290,143,147
"Michelfeld","60 - 65 Jahre",208,109,99
"Michelfeld","65 - 75 Jahre",291,135,156
"Michelfeld","75 und mehr Jahre",257,92,165
"Michelfeld","Insgesamt",3698,1842,1856
"Oberrot","unter 3 Jahre",82,33,49
"Oberrot","3 -  6 Jahre",125,51,74
"Oberrot","6 - 10 Jahre",138,69,69
"Oberrot","10 - 15 Jahre",228,119,109
"Oberrot","15 - 18 Jahre",176,100,76
"Oberrot","18 - 20 Jahre",99,52,47
"Oberrot","20 - 25 Jahre",239,112,127
"Oberrot","25 - 30 Jahre",183,98,85
"Oberrot","30 - 35 Jahre",186,81,105
"Oberrot","35 - 40 Jahre",199,103,96
"Oberrot","40 - 45 Jahre",288,150,138
"Oberrot","45 - 50 Jahre",319,167,152
"Oberrot","50 - 55 Jahre",282,137,145
"Oberrot","55 - 60 Jahre",262,136,126
"Oberrot","60 - 65 Jahre",199,113,86
"Oberrot","65 - 75 Jahre",321,153,168
"Oberrot","75 und mehr Jahre",354,137,217
"Oberrot","Insgesamt",3680,1811,1869
"Obersontheim","unter 3 Jahre",122,59,63
"Obersontheim","3 -  6 Jahre",124,71,53
"Obersontheim","6 - 10 Jahre",188,88,100
"Obersontheim","10 - 15 Jahre",273,150,123
"Obersontheim","15 - 18 Jahre",199,94,105
"Obersontheim","18 - 20 Jahre",151,72,79
"Obersontheim","20 - 25 Jahre",309,173,136
"Obersontheim","25 - 30 Jahre",247,132,115
"Obersontheim","30 - 35 Jahre",227,109,118
"Obersontheim","35 - 40 Jahre",293,149,144
"Obersontheim","40 - 45 Jahre",408,196,212
"Obersontheim","45 - 50 Jahre",423,223,200
"Obersontheim","50 - 55 Jahre",424,221,203
"Obersontheim","55 - 60 Jahre",298,148,150
"Obersontheim","60 - 65 Jahre",230,118,112
"Obersontheim","65 - 75 Jahre",405,179,226
"Obersontheim","75 und mehr Jahre",415,158,257
"Obersontheim","Insgesamt",4736,2340,2396
"Rot am See","unter 3 Jahre",143,64,79
"Rot am See","3 -  6 Jahre",142,94,48
"Rot am See","6 - 10 Jahre",210,109,101
"Rot am See","10 - 15 Jahre",294,145,149
"Rot am See","15 - 18 Jahre",204,109,95
"Rot am See","18 - 20 Jahre",139,74,65
"Rot am See","20 - 25 Jahre",334,171,163
"Rot am See","25 - 30 Jahre",295,153,142
"Rot am See","30 - 35 Jahre",329,179,150
"Rot am See","35 - 40 Jahre",326,174,152
"Rot am See","40 - 45 Jahre",435,230,205
"Rot am See","45 - 50 Jahre",417,223,194
"Rot am See","50 - 55 Jahre",406,207,199
"Rot am See","55 - 60 Jahre",353,182,171
"Rot am See","60 - 65 Jahre",271,145,126
"Rot am See","65 - 75 Jahre",454,217,237
"Rot am See","75 und mehr Jahre",482,187,295
"Rot am See","Insgesamt",5234,2663,2571
"Satteldorf","unter 3 Jahre",119,66,53
"Satteldorf","3 -  6 Jahre",146,71,75
"Satteldorf","6 - 10 Jahre",237,140,97
"Satteldorf","10 - 15 Jahre",327,172,155
"Satteldorf","15 - 18 Jahre",198,105,93
"Satteldorf","18 - 20 Jahre",152,72,80
"Satteldorf","20 - 25 Jahre",325,179,146
"Satteldorf","25 - 30 Jahre",299,152,147
"Satteldorf","30 - 35 Jahre",324,163,161
"Satteldorf","35 - 40 Jahre",314,151,163
"Satteldorf","40 - 45 Jahre",421,222,199
"Satteldorf","45 - 50 Jahre",459,219,240
"Satteldorf","50 - 55 Jahre",408,216,192
"Satteldorf","55 - 60 Jahre",362,185,177
"Satteldorf","60 - 65 Jahre",276,132,144
"Satteldorf","65 - 75 Jahre",428,219,209
"Satteldorf","75 und mehr Jahre",401,140,261
"Satteldorf","Insgesamt",5196,2604,2592
"Schrozberg, Stadt","unter 3 Jahre",143,73,70
"Schrozberg, Stadt","3 -  6 Jahre",144,75,69
"Schrozberg, Stadt","6 - 10 Jahre",212,108,104
"Schrozberg, Stadt","10 - 15 Jahre",349,189,160
"Schrozberg, Stadt","15 - 18 Jahre",227,121,106
"Schrozberg, Stadt","18 - 20 Jahre",152,83,69
"Schrozberg, Stadt","20 - 25 Jahre",383,212,171
"Schrozberg, Stadt","25 - 30 Jahre",329,186,143
"Schrozberg, Stadt","30 - 35 Jahre",320,182,138
"Schrozberg, Stadt","35 - 40 Jahre",346,194,152
"Schrozberg, Stadt","40 - 45 Jahre",429,221,208
"Schrozberg, Stadt","45 - 50 Jahre",475,240,235
"Schrozberg, Stadt","50 - 55 Jahre",427,225,202
"Schrozberg, Stadt","55 - 60 Jahre",389,200,189
"Schrozberg, Stadt","60 - 65 Jahre",346,177,169
"Schrozberg, Stadt","65 - 75 Jahre",623,295,328
"Schrozberg, Stadt","75 und mehr Jahre",595,232,363
"Schrozberg, Stadt","Insgesamt",5889,3013,2876
"Schwäbisch Hall, Stadt","unter 3 Jahre",1031,520,511
"Schwäbisch Hall, Stadt","3 -  6 Jahre",1075,528,547
"Schwäbisch Hall, Stadt","6 - 10 Jahre",1394,729,665
"Schwäbisch Hall, Stadt","10 - 15 Jahre",2043,1049,994
"Schwäbisch Hall, Stadt","15 - 18 Jahre",1205,625,580
"Schwäbisch Hall, Stadt","18 - 20 Jahre",871,433,438
"Schwäbisch Hall, Stadt","20 - 25 Jahre",2250,1134,1116
"Schwäbisch Hall, Stadt","25 - 30 Jahre",2279,1154,1125
"Schwäbisch Hall, Stadt","30 - 35 Jahre",2285,1140,1145
"Schwäbisch Hall, Stadt","35 - 40 Jahre",2289,1073,1216
"Schwäbisch Hall, Stadt","40 - 45 Jahre",3130,1561,1569
"Schwäbisch Hall, Stadt","45 - 50 Jahre",3051,1511,1540
"Schwäbisch Hall, Stadt","50 - 55 Jahre",2716,1313,1403
"Schwäbisch Hall, Stadt","55 - 60 Jahre",2465,1139,1326
"Schwäbisch Hall, Stadt","60 - 65 Jahre",2148,1033,1115
"Schwäbisch Hall, Stadt","65 - 75 Jahre",3780,1739,2041
"Schwäbisch Hall, Stadt","75 und mehr Jahre",3125,1090,2035
"Schwäbisch Hall, Stadt","Insgesamt",37137,17771,19366
"Sulzbach-Laufen","unter 3 Jahre",73,35,38
"Sulzbach-Laufen","3 -  6 Jahre",70,31,39
"Sulzbach-Laufen","6 - 10 Jahre",125,71,54
"Sulzbach-Laufen","10 - 15 Jahre",159,81,78
"Sulzbach-Laufen","15 - 18 Jahre",85,43,42
"Sulzbach-Laufen","18 - 20 Jahre",72,44,28
"Sulzbach-Laufen","20 - 25 Jahre",142,82,60
"Sulzbach-Laufen","25 - 30 Jahre",145,75,70
"Sulzbach-Laufen","30 - 35 Jahre",142,65,77
"Sulzbach-Laufen","35 - 40 Jahre",148,73,75
"Sulzbach-Laufen","40 - 45 Jahre",189,103,86
"Sulzbach-Laufen","45 - 50 Jahre",229,119,110
"Sulzbach-Laufen","50 - 55 Jahre",202,104,98
"Sulzbach-Laufen","55 - 60 Jahre",151,79,72
"Sulzbach-Laufen","60 - 65 Jahre",123,67,56
"Sulzbach-Laufen","65 - 75 Jahre",250,122,128
"Sulzbach-Laufen","75 und mehr Jahre",201,84,117
"Sulzbach-Laufen","Insgesamt",2506,1278,1228
"Untermünkheim","unter 3 Jahre",67,35,32
"Untermünkheim","3 -  6 Jahre",99,46,53
"Untermünkheim","6 - 10 Jahre",126,61,65
"Untermünkheim","10 - 15 Jahre",196,107,89
"Untermünkheim","15 - 18 Jahre",136,69,67
"Untermünkheim","18 - 20 Jahre",86,52,34
"Untermünkheim","20 - 25 Jahre",178,99,79
"Untermünkheim","25 - 30 Jahre",174,98,76
"Untermünkheim","30 - 35 Jahre",136,67,69
"Untermünkheim","35 - 40 Jahre",167,71,96
"Untermünkheim","40 - 45 Jahre",258,129,129
"Untermünkheim","45 - 50 Jahre",277,150,127
"Untermünkheim","50 - 55 Jahre",241,119,122
"Untermünkheim","55 - 60 Jahre",195,104,91
"Untermünkheim","60 - 65 Jahre",184,96,88
"Untermünkheim","65 - 75 Jahre",254,134,120
"Untermünkheim","75 und mehr Jahre",230,85,145
"Untermünkheim","Insgesamt",3004,1522,1482
"Vellberg, Stadt","unter 3 Jahre",103,42,61
"Vellberg, Stadt","3 -  6 Jahre",107,60,47
"Vellberg, Stadt","6 - 10 Jahre",185,88,97
"Vellberg, Stadt","10 - 15 Jahre",280,152,128
"Vellberg, Stadt","15 - 18 Jahre",177,81,96
"Vellberg, Stadt","18 - 20 Jahre",98,52,46
"Vellberg, Stadt","20 - 25 Jahre",237,125,112
"Vellberg, Stadt","25 - 30 Jahre",212,100,112
"Vellberg, Stadt","30 - 35 Jahre",193,110,83
"Vellberg, Stadt","35 - 40 Jahre",261,128,133
"Vellberg, Stadt","40 - 45 Jahre",324,155,169
"Vellberg, Stadt","45 - 50 Jahre",383,210,173
"Vellberg, Stadt","50 - 55 Jahre",345,172,173
"Vellberg, Stadt","55 - 60 Jahre",312,176,136
"Vellberg, Stadt","60 - 65 Jahre",267,119,148
"Vellberg, Stadt","65 - 75 Jahre",389,185,204
"Vellberg, Stadt","75 und mehr Jahre",351,145,206
"Vellberg, Stadt","Insgesamt",4224,2100,2124
"Wallhausen","unter 3 Jahre",101,56,45
"Wallhausen","3 -  6 Jahre",98,47,51
"Wallhausen","6 - 10 Jahre",178,86,92
"Wallhausen","10 - 15 Jahre",266,142,124
"Wallhausen","15 - 18 Jahre",140,82,58
"Wallhausen","18 - 20 Jahre",97,42,55
"Wallhausen","20 - 25 Jahre",201,110,91
"Wallhausen","25 - 30 Jahre",239,121,118
"Wallhausen","30 - 35 Jahre",226,110,116
"Wallhausen","35 - 40 Jahre",250,132,118
"Wallhausen","40 - 45 Jahre",307,153,154
"Wallhausen","45 - 50 Jahre",349,159,190
"Wallhausen","50 - 55 Jahre",281,154,127
"Wallhausen","55 - 60 Jahre",207,114,93
"Wallhausen","60 - 65 Jahre",146,72,74
"Wallhausen","65 - 75 Jahre",271,131,140
"Wallhausen","75 und mehr Jahre",234,100,134
"Wallhausen","Insgesamt",3591,1811,1780
"Wolpertshausen","unter 3 Jahre",49,19,30
"Wolpertshausen","3 -  6 Jahre",76,38,38
"Wolpertshausen","6 - 10 Jahre",112,53,59
"Wolpertshausen","10 - 15 Jahre",133,64,69
"Wolpertshausen","15 - 18 Jahre",98,55,43
"Wolpertshausen","18 - 20 Jahre",69,35,34
"Wolpertshausen","20 - 25 Jahre",128,72,56
"Wolpertshausen","25 - 30 Jahre",115,61,54
"Wolpertshausen","30 - 35 Jahre",130,65,65
"Wolpertshausen","35 - 40 Jahre",124,64,60
"Wolpertshausen","40 - 45 Jahre",196,107,89
"Wolpertshausen","45 - 50 Jahre",199,98,101
"Wolpertshausen","50 - 55 Jahre",148,80,68
"Wolpertshausen","55 - 60 Jahre",117,62,55
"Wolpertshausen","60 - 65 Jahre",89,45,44
"Wolpertshausen","65 - 75 Jahre",116,57,59
"Wolpertshausen","75 und mehr Jahre",134,53,81
"Wolpertshausen","Insgesamt",2033,1028,1005
"Rosengarten","unter 3 Jahre",136,52,84
"Rosengarten","3 -  6 Jahre",114,65,49
"Rosengarten","6 - 10 Jahre",227,112,115
"Rosengarten","10 - 15 Jahre",325,159,166
"Rosengarten","15 - 18 Jahre",217,111,106
"Rosengarten","18 - 20 Jahre",129,81,48
"Rosengarten","20 - 25 Jahre",322,173,149
"Rosengarten","25 - 30 Jahre",253,135,118
"Rosengarten","30 - 35 Jahre",277,132,145
"Rosengarten","35 - 40 Jahre",272,124,148
"Rosengarten","40 - 45 Jahre",416,205,211
"Rosengarten","45 - 50 Jahre",523,252,271
"Rosengarten","50 - 55 Jahre",391,205,186
"Rosengarten","55 - 60 Jahre",331,160,171
"Rosengarten","60 - 65 Jahre",248,128,120
"Rosengarten","65 - 75 Jahre",491,245,246
"Rosengarten","75 und mehr Jahre",410,132,278
"Rosengarten","Insgesamt",5082,2471,2611
"Kreßberg","unter 3 Jahre",79,35,44
"Kreßberg","3 -  6 Jahre",103,49,54
"Kreßberg","6 - 10 Jahre",151,72,79
"Kreßberg","10 - 15 Jahre",226,110,116
"Kreßberg","15 - 18 Jahre",150,75,75
"Kreßberg","18 - 20 Jahre",118,64,54
"Kreßberg","20 - 25 Jahre",242,136,106
"Kreßberg","25 - 30 Jahre",176,100,76
"Kreßberg","30 - 35 Jahre",190,95,95
"Kreßberg","35 - 40 Jahre",231,117,114
"Kreßberg","40 - 45 Jahre",321,157,164
"Kreßberg","45 - 50 Jahre",334,168,166
"Kreßberg","50 - 55 Jahre",306,169,137
"Kreßberg","55 - 60 Jahre",267,133,134
"Kreßberg","60 - 65 Jahre",236,133,103
"Kreßberg","65 - 75 Jahre",334,168,166
"Kreßberg","75 und mehr Jahre",324,132,192
"Kreßberg","Insgesamt",3788,1913,1875
"Fichtenau","unter 3 Jahre",134,76,58
"Fichtenau","3 -  6 Jahre",136,69,67
"Fichtenau","6 - 10 Jahre",186,88,98
"Fichtenau","10 - 15 Jahre",282,144,138
"Fichtenau","15 - 18 Jahre",196,113,83
"Fichtenau","18 - 20 Jahre",132,73,59
"Fichtenau","20 - 25 Jahre",262,138,124
"Fichtenau","25 - 30 Jahre",265,147,118
"Fichtenau","30 - 35 Jahre",268,131,137
"Fichtenau","35 - 40 Jahre",293,149,144
"Fichtenau","40 - 45 Jahre",365,187,178
"Fichtenau","45 - 50 Jahre",399,235,164
"Fichtenau","50 - 55 Jahre",324,157,167
"Fichtenau","55 - 60 Jahre",290,146,144
"Fichtenau","60 - 65 Jahre",233,120,113
"Fichtenau","65 - 75 Jahre",392,177,215
"Fichtenau","75 und mehr Jahre",357,124,233
"Fichtenau","Insgesamt",4514,2274,2240
"Frankenhardt","unter 3 Jahre",122,57,65
"Frankenhardt","3 -  6 Jahre",131,65,66
"Frankenhardt","6 - 10 Jahre",218,118,100
"Frankenhardt","10 - 15 Jahre",304,174,130
"Frankenhardt","15 - 18 Jahre",220,105,115
"Frankenhardt","18 - 20 Jahre",137,72,65
"Frankenhardt","20 - 25 Jahre",277,158,119
"Frankenhardt","25 - 30 Jahre",242,129,113
"Frankenhardt","30 - 35 Jahre",258,132,126
"Frankenhardt","35 - 40 Jahre",271,145,126
"Frankenhardt","40 - 45 Jahre",335,172,163
"Frankenhardt","45 - 50 Jahre",402,203,199
"Frankenhardt","50 - 55 Jahre",375,197,178
"Frankenhardt","55 - 60 Jahre",353,173,180
"Frankenhardt","60 - 65 Jahre",232,137,95
"Frankenhardt","65 - 75 Jahre",389,181,208
"Frankenhardt","75 und mehr Jahre",398,162,236
"Frankenhardt","Insgesamt",4664,2380,2284
"Stimpfach","unter 3 Jahre",79,41,38
"Stimpfach","3 -  6 Jahre",79,45,34
"Stimpfach","6 - 10 Jahre",103,57,46
"Stimpfach","10 - 15 Jahre",183,90,93
"Stimpfach","15 - 18 Jahre",130,71,59
"Stimpfach","18 - 20 Jahre",60,38,22
"Stimpfach","20 - 25 Jahre",186,104,82
"Stimpfach","25 - 30 Jahre",200,97,103
"Stimpfach","30 - 35 Jahre",171,88,83
"Stimpfach","35 - 40 Jahre",178,94,84
"Stimpfach","40 - 45 Jahre",210,106,104
"Stimpfach","45 - 50 Jahre",262,129,133
"Stimpfach","50 - 55 Jahre",233,120,113
"Stimpfach","55 - 60 Jahre",214,103,111
"Stimpfach","60 - 65 Jahre",175,95,80
"Stimpfach","65 - 75 Jahre",246,122,124
"Stimpfach","75 und mehr Jahre",235,84,151
"Stimpfach","Insgesamt",2944,1484,1460
"Landkreis Main-Tauber-Kreis","unter 3 Jahre",3054,1531,1523
"Landkreis Main-Tauber-Kreis","3 -  6 Jahre",3293,1641,1652
"Landkreis Main-Tauber-Kreis","6 - 10 Jahre",4947,2557,2390
"Landkreis Main-Tauber-Kreis","10 - 15 Jahre",7189,3661,3528
"Landkreis Main-Tauber-Kreis","15 - 18 Jahre",4712,2428,2284
"Landkreis Main-Tauber-Kreis","18 - 20 Jahre",3224,1728,1496
"Landkreis Main-Tauber-Kreis","20 - 25 Jahre",7582,3960,3622
"Landkreis Main-Tauber-Kreis","25 - 30 Jahre",7214,3815,3399
"Landkreis Main-Tauber-Kreis","30 - 35 Jahre",7205,3600,3605
"Landkreis Main-Tauber-Kreis","35 - 40 Jahre",7767,3864,3903
"Landkreis Main-Tauber-Kreis","40 - 45 Jahre",10463,5419,5044
"Landkreis Main-Tauber-Kreis","45 - 50 Jahre",11487,5874,5613
"Landkreis Main-Tauber-Kreis","50 - 55 Jahre",10384,5250,5134
"Landkreis Main-Tauber-Kreis","55 - 60 Jahre",9269,4635,4634
"Landkreis Main-Tauber-Kreis","60 - 65 Jahre",7808,3893,3915
"Landkreis Main-Tauber-Kreis","65 - 75 Jahre",14208,6852,7356
"Landkreis Main-Tauber-Kreis","75 und mehr Jahre",13545,5136,8409
"Landkreis Main-Tauber-Kreis","Insgesamt",133351,65844,67507
"Assamstadt","unter 3 Jahre",52,24,28
"Assamstadt","3 -  6 Jahre",62,30,32
"Assamstadt","6 - 10 Jahre",87,42,45
"Assamstadt","10 - 15 Jahre",146,66,80
"Assamstadt","15 - 18 Jahre",86,51,35
"Assamstadt","18 - 20 Jahre",66,38,28
"Assamstadt","20 - 25 Jahre",115,56,59
"Assamstadt","25 - 30 Jahre",139,78,61
"Assamstadt","30 - 35 Jahre",123,62,61
"Assamstadt","35 - 40 Jahre",146,75,71
"Assamstadt","40 - 45 Jahre",146,77,69
"Assamstadt","45 - 50 Jahre",175,79,96
"Assamstadt","50 - 55 Jahre",165,88,77
"Assamstadt","55 - 60 Jahre",128,67,61
"Assamstadt","60 - 65 Jahre",103,50,53
"Assamstadt","65 - 75 Jahre",155,71,84
"Assamstadt","75 und mehr Jahre",162,66,96
"Assamstadt","Insgesamt",2056,1020,1036
"Bad Mergentheim, Stadt","unter 3 Jahre",521,265,256
"Bad Mergentheim, Stadt","3 -  6 Jahre",549,262,287
"Bad Mergentheim, Stadt","6 - 10 Jahre",799,414,385
"Bad Mergentheim, Stadt","10 - 15 Jahre",1110,540,570
"Bad Mergentheim, Stadt","15 - 18 Jahre",715,355,360
"Bad Mergentheim, Stadt","18 - 20 Jahre",489,247,242
"Bad Mergentheim, Stadt","20 - 25 Jahre",1333,675,658
"Bad Mergentheim, Stadt","25 - 30 Jahre",1287,653,634
"Bad Mergentheim, Stadt","30 - 35 Jahre",1257,647,610
"Bad Mergentheim, Stadt","35 - 40 Jahre",1304,654,650
"Bad Mergentheim, Stadt","40 - 45 Jahre",1687,859,828
"Bad Mergentheim, Stadt","45 - 50 Jahre",1716,858,858
"Bad Mergentheim, Stadt","50 - 55 Jahre",1603,716,887
"Bad Mergentheim, Stadt","55 - 60 Jahre",1584,761,823
"Bad Mergentheim, Stadt","60 - 65 Jahre",1333,593,740
"Bad Mergentheim, Stadt","65 - 75 Jahre",2503,1137,1366
"Bad Mergentheim, Stadt","75 und mehr Jahre",2604,925,1679
"Bad Mergentheim, Stadt","Insgesamt",22394,10561,11833
"Boxberg, Stadt","unter 3 Jahre",156,77,79
"Boxberg, Stadt","3 -  6 Jahre",185,77,108
"Boxberg, Stadt","6 - 10 Jahre",276,143,133
"Boxberg, Stadt","10 - 15 Jahre",369,192,177
"Boxberg, Stadt","15 - 18 Jahre",247,130,117
"Boxberg, Stadt","18 - 20 Jahre",164,82,82
"Boxberg, Stadt","20 - 25 Jahre",417,227,190
"Boxberg, Stadt","25 - 30 Jahre",366,187,179
"Boxberg, Stadt","30 - 35 Jahre",382,193,189
"Boxberg, Stadt","35 - 40 Jahre",424,213,211
"Boxberg, Stadt","40 - 45 Jahre",577,297,280
"Boxberg, Stadt","45 - 50 Jahre",588,295,293
"Boxberg, Stadt","50 - 55 Jahre",541,293,248
"Boxberg, Stadt","55 - 60 Jahre",525,249,276
"Boxberg, Stadt","60 - 65 Jahre",413,217,196
"Boxberg, Stadt","65 - 75 Jahre",691,360,331
"Boxberg, Stadt","75 und mehr Jahre",646,228,418
"Boxberg, Stadt","Insgesamt",6967,3460,3507
"Creglingen, Stadt","unter 3 Jahre",119,67,52
"Creglingen, Stadt","3 -  6 Jahre",127,63,64
"Creglingen, Stadt","6 - 10 Jahre",187,94,93
"Creglingen, Stadt","10 - 15 Jahre",315,174,141
"Creglingen, Stadt","15 - 18 Jahre",204,112,92
"Creglingen, Stadt","18 - 20 Jahre",115,67,48
"Creglingen, Stadt","20 - 25 Jahre",222,112,110
"Creglingen, Stadt","25 - 30 Jahre",222,126,96
"Creglingen, Stadt","30 - 35 Jahre",235,125,110
"Creglingen, Stadt","35 - 40 Jahre",278,126,152
"Creglingen, Stadt","40 - 45 Jahre",357,216,141
"Creglingen, Stadt","45 - 50 Jahre",359,181,178
"Creglingen, Stadt","50 - 55 Jahre",344,165,179
"Creglingen, Stadt","55 - 60 Jahre",292,162,130
"Creglingen, Stadt","60 - 65 Jahre",260,143,117
"Creglingen, Stadt","65 - 75 Jahre",495,226,269
"Creglingen, Stadt","75 und mehr Jahre",548,219,329
"Creglingen, Stadt","Insgesamt",4679,2378,2301
"Freudenberg, Stadt","unter 3 Jahre",82,40,42
"Freudenberg, Stadt","3 -  6 Jahre",93,46,47
"Freudenberg, Stadt","6 - 10 Jahre",135,81,54
"Freudenberg, Stadt","10 - 15 Jahre",215,117,98
"Freudenberg, Stadt","15 - 18 Jahre",132,55,77
"Freudenberg, Stadt","18 - 20 Jahre",86,45,41
"Freudenberg, Stadt","20 - 25 Jahre",189,98,91
"Freudenberg, Stadt","25 - 30 Jahre",214,111,103
"Freudenberg, Stadt","30 - 35 Jahre",218,110,108
"Freudenberg, Stadt","35 - 40 Jahre",223,115,108
"Freudenberg, Stadt","40 - 45 Jahre",290,153,137
"Freudenberg, Stadt","45 - 50 Jahre",321,166,155
"Freudenberg, Stadt","50 - 55 Jahre",274,136,138
"Freudenberg, Stadt","55 - 60 Jahre",295,150,145
"Freudenberg, Stadt","60 - 65 Jahre",206,110,96
"Freudenberg, Stadt","65 - 75 Jahre",437,206,231
"Freudenberg, Stadt","75 und mehr Jahre",474,184,290
"Freudenberg, Stadt","Insgesamt",3884,1923,1961
"Großrinderfeld","unter 3 Jahre",138,73,65
"Großrinderfeld","3 -  6 Jahre",112,56,56
"Großrinderfeld","6 - 10 Jahre",137,65,72
"Großrinderfeld","10 - 15 Jahre",213,120,93
"Großrinderfeld","15 - 18 Jahre",148,82,66
"Großrinderfeld","18 - 20 Jahre",116,60,56
"Großrinderfeld","20 - 25 Jahre",232,126,106
"Großrinderfeld","25 - 30 Jahre",241,105,136
"Großrinderfeld","30 - 35 Jahre",258,125,133
"Großrinderfeld","35 - 40 Jahre",260,143,117
"Großrinderfeld","40 - 45 Jahre",343,172,171
"Großrinderfeld","45 - 50 Jahre",364,186,178
"Großrinderfeld","50 - 55 Jahre",341,173,168
"Großrinderfeld","55 - 60 Jahre",301,158,143
"Großrinderfeld","60 - 65 Jahre",261,140,121
"Großrinderfeld","65 - 75 Jahre",323,151,172
"Großrinderfeld","75 und mehr Jahre",265,109,156
"Großrinderfeld","Insgesamt",4053,2044,2009
"Grünsfeld, Stadt","unter 3 Jahre",75,39,36
"Grünsfeld, Stadt","3 -  6 Jahre",85,43,42
"Grünsfeld, Stadt","6 - 10 Jahre",138,75,63
"Grünsfeld, Stadt","10 - 15 Jahre",212,114,98
"Grünsfeld, Stadt","15 - 18 Jahre",150,75,75
"Grünsfeld, Stadt","18 - 20 Jahre",100,58,42
"Grünsfeld, Stadt","20 - 25 Jahre",203,117,86
"Grünsfeld, Stadt","25 - 30 Jahre",178,101,77
"Grünsfeld, Stadt","30 - 35 Jahre",163,80,83
"Grünsfeld, Stadt","35 - 40 Jahre",232,116,116
"Grünsfeld, Stadt","40 - 45 Jahre",308,142,166
"Grünsfeld, Stadt","45 - 50 Jahre",409,227,182
"Grünsfeld, Stadt","50 - 55 Jahre",308,172,136
"Grünsfeld, Stadt","55 - 60 Jahre",240,125,115
"Grünsfeld, Stadt","60 - 65 Jahre",192,95,97
"Grünsfeld, Stadt","65 - 75 Jahre",361,173,188
"Grünsfeld, Stadt","75 und mehr Jahre",349,143,206
"Grünsfeld, Stadt","Insgesamt",3703,1895,1808
"Igersheim","unter 3 Jahre",127,64,63
"Igersheim","3 -  6 Jahre",128,61,67
"Igersheim","6 - 10 Jahre",226,123,103
"Igersheim","10 - 15 Jahre",315,166,149
"Igersheim","15 - 18 Jahre",200,103,97
"Igersheim","18 - 20 Jahre",118,49,69
"Igersheim","20 - 25 Jahre",348,163,185
"Igersheim","25 - 30 Jahre",348,176,172
"Igersheim","30 - 35 Jahre",330,174,156
"Igersheim","35 - 40 Jahre",359,169,190
"Igersheim","40 - 45 Jahre",436,225,211
"Igersheim","45 - 50 Jahre",469,232,237
"Igersheim","50 - 55 Jahre",413,185,228
"Igersheim","55 - 60 Jahre",437,214,223
"Igersheim","60 - 65 Jahre",312,166,146
"Igersheim","65 - 75 Jahre",594,300,294
"Igersheim","75 und mehr Jahre",493,201,292
"Igersheim","Insgesamt",5653,2771,2882
"Königheim","unter 3 Jahre",80,47,33
"Königheim","3 -  6 Jahre",84,43,41
"Königheim","6 - 10 Jahre",118,56,62
"Königheim","10 - 15 Jahre",160,87,73
"Königheim","15 - 18 Jahre",113,57,56
"Königheim","18 - 20 Jahre",80,40,40
"Königheim","20 - 25 Jahre",179,96,83
"Königheim","25 - 30 Jahre",151,68,83
"Königheim","30 - 35 Jahre",151,76,75
"Königheim","35 - 40 Jahre",179,87,92
"Königheim","40 - 45 Jahre",244,132,112
"Königheim","45 - 50 Jahre",272,148,124
"Königheim","50 - 55 Jahre",251,135,116
"Königheim","55 - 60 Jahre",196,109,87
"Königheim","60 - 65 Jahre",205,96,109
"Königheim","65 - 75 Jahre",361,189,172
"Königheim","75 und mehr Jahre",329,120,209
"Königheim","Insgesamt",3153,1586,1567
"Külsheim, Stadt","unter 3 Jahre",113,48,65
"Külsheim, Stadt","3 -  6 Jahre",134,75,59
"Külsheim, Stadt","6 - 10 Jahre",192,110,82
"Külsheim, Stadt","10 - 15 Jahre",321,171,150
"Külsheim, Stadt","15 - 18 Jahre",189,95,94
"Külsheim, Stadt","18 - 20 Jahre",161,88,73
"Külsheim, Stadt","20 - 25 Jahre",309,182,127
"Külsheim, Stadt","25 - 30 Jahre",272,155,117
"Külsheim, Stadt","30 - 35 Jahre",248,128,120
"Külsheim, Stadt","35 - 40 Jahre",282,142,140
"Külsheim, Stadt","40 - 45 Jahre",493,273,220
"Külsheim, Stadt","45 - 50 Jahre",532,294,238
"Külsheim, Stadt","50 - 55 Jahre",441,221,220
"Külsheim, Stadt","55 - 60 Jahre",392,202,190
"Külsheim, Stadt","60 - 65 Jahre",324,168,156
"Külsheim, Stadt","65 - 75 Jahre",577,297,280
"Külsheim, Stadt","75 und mehr Jahre",457,167,290
"Külsheim, Stadt","Insgesamt",5437,2816,2621
"Niederstetten, Stadt","unter 3 Jahre",109,57,52
"Niederstetten, Stadt","3 -  6 Jahre",139,69,70
"Niederstetten, Stadt","6 - 10 Jahre",216,104,112
"Niederstetten, Stadt","10 - 15 Jahre",292,141,151
"Niederstetten, Stadt","15 - 18 Jahre",181,82,99
"Niederstetten, Stadt","18 - 20 Jahre",123,66,57
"Niederstetten, Stadt","20 - 25 Jahre",297,173,124
"Niederstetten, Stadt","25 - 30 Jahre",298,174,124
"Niederstetten, Stadt","30 - 35 Jahre",284,142,142
"Niederstetten, Stadt","35 - 40 Jahre",310,167,143
"Niederstetten, Stadt","40 - 45 Jahre",431,243,188
"Niederstetten, Stadt","45 - 50 Jahre",570,347,223
"Niederstetten, Stadt","50 - 55 Jahre",395,196,199
"Niederstetten, Stadt","55 - 60 Jahre",335,176,159
"Niederstetten, Stadt","60 - 65 Jahre",288,146,142
"Niederstetten, Stadt","65 - 75 Jahre",528,267,261
"Niederstetten, Stadt","75 und mehr Jahre",426,180,246
"Niederstetten, Stadt","Insgesamt",5222,2730,2492
"Tauberbischofsheim, Stadt","unter 3 Jahre",297,143,154
"Tauberbischofsheim, Stadt","3 -  6 Jahre",302,158,144
"Tauberbischofsheim, Stadt","6 - 10 Jahre",505,263,242
"Tauberbischofsheim, Stadt","10 - 15 Jahre",664,335,329
"Tauberbischofsheim, Stadt","15 - 18 Jahre",435,234,201
"Tauberbischofsheim, Stadt","18 - 20 Jahre",325,177,148
"Tauberbischofsheim, Stadt","20 - 25 Jahre",753,365,388
"Tauberbischofsheim, Stadt","25 - 30 Jahre",718,388,330
"Tauberbischofsheim, Stadt","30 - 35 Jahre",698,330,368
"Tauberbischofsheim, Stadt","35 - 40 Jahre",844,411,433
"Tauberbischofsheim, Stadt","40 - 45 Jahre",1056,551,505
"Tauberbischofsheim, Stadt","45 - 50 Jahre",1077,564,513
"Tauberbischofsheim, Stadt","50 - 55 Jahre",996,500,496
"Tauberbischofsheim, Stadt","55 - 60 Jahre",928,477,451
"Tauberbischofsheim, Stadt","60 - 65 Jahre",779,379,400
"Tauberbischofsheim, Stadt","65 - 75 Jahre",1404,681,723
"Tauberbischofsheim, Stadt","75 und mehr Jahre",1320,482,838
"Tauberbischofsheim, Stadt","Insgesamt",13101,6438,6663
"Weikersheim, Stadt","unter 3 Jahre",168,85,83
"Weikersheim, Stadt","3 -  6 Jahre",223,100,123
"Weikersheim, Stadt","6 - 10 Jahre",306,145,161
"Weikersheim, Stadt","10 - 15 Jahre",422,216,206
"Weikersheim, Stadt","15 - 18 Jahre",254,133,121
"Weikersheim, Stadt","18 - 20 Jahre",173,104,69
"Weikersheim, Stadt","20 - 25 Jahre",421,221,200
"Weikersheim, Stadt","25 - 30 Jahre",349,179,170
"Weikersheim, Stadt","30 - 35 Jahre",385,175,210
"Weikersheim, Stadt","35 - 40 Jahre",409,205,204
"Weikersheim, Stadt","40 - 45 Jahre",655,317,338
"Weikersheim, Stadt","45 - 50 Jahre",597,308,289
"Weikersheim, Stadt","50 - 55 Jahre",585,309,276
"Weikersheim, Stadt","55 - 60 Jahre",472,238,234
"Weikersheim, Stadt","60 - 65 Jahre",417,212,205
"Weikersheim, Stadt","65 - 75 Jahre",873,428,445
"Weikersheim, Stadt","75 und mehr Jahre",722,284,438
"Weikersheim, Stadt","Insgesamt",7431,3659,3772
"Werbach","unter 3 Jahre",65,31,34
"Werbach","3 -  6 Jahre",79,42,37
"Werbach","6 - 10 Jahre",116,59,57
"Werbach","10 - 15 Jahre",180,90,90
"Werbach","15 - 18 Jahre",167,76,91
"Werbach","18 - 20 Jahre",75,42,33
"Werbach","20 - 25 Jahre",202,115,87
"Werbach","25 - 30 Jahre",169,90,79
"Werbach","30 - 35 Jahre",167,80,87
"Werbach","35 - 40 Jahre",178,78,100
"Werbach","40 - 45 Jahre",298,164,134
"Werbach","45 - 50 Jahre",338,169,169
"Werbach","50 - 55 Jahre",312,171,141
"Werbach","55 - 60 Jahre",236,117,119
"Werbach","60 - 65 Jahre",197,110,87
"Werbach","65 - 75 Jahre",348,175,173
"Werbach","75 und mehr Jahre",351,134,217
"Werbach","Insgesamt",3478,1743,1735
"Wertheim, Stadt","unter 3 Jahre",550,276,274
"Wertheim, Stadt","3 -  6 Jahre",550,292,258
"Wertheim, Stadt","6 - 10 Jahre",804,395,409
"Wertheim, Stadt","10 - 15 Jahre",1228,623,605
"Wertheim, Stadt","15 - 18 Jahre",840,440,400
"Wertheim, Stadt","18 - 20 Jahre",537,290,247
"Wertheim, Stadt","20 - 25 Jahre",1314,683,631
"Wertheim, Stadt","25 - 30 Jahre",1284,697,587
"Wertheim, Stadt","30 - 35 Jahre",1317,646,671
"Wertheim, Stadt","35 - 40 Jahre",1293,648,645
"Wertheim, Stadt","40 - 45 Jahre",1737,864,873
"Wertheim, Stadt","45 - 50 Jahre",2093,1016,1077
"Wertheim, Stadt","50 - 55 Jahre",1896,1018,878
"Wertheim, Stadt","55 - 60 Jahre",1608,766,842
"Wertheim, Stadt","60 - 65 Jahre",1397,705,692
"Wertheim, Stadt","65 - 75 Jahre",2482,1173,1309
"Wertheim, Stadt","75 und mehr Jahre",2622,1006,1616
"Wertheim, Stadt","Insgesamt",23552,11538,12014
"Wittighausen","unter 3 Jahre",37,18,19
"Wittighausen","3 -  6 Jahre",52,27,25
"Wittighausen","6 - 10 Jahre",66,35,31
"Wittighausen","10 - 15 Jahre",103,53,50
"Wittighausen","15 - 18 Jahre",55,30,25
"Wittighausen","18 - 20 Jahre",45,15,30
"Wittighausen","20 - 25 Jahre",102,50,52
"Wittighausen","25 - 30 Jahre",88,54,34
"Wittighausen","30 - 35 Jahre",83,42,41
"Wittighausen","35 - 40 Jahre",108,51,57
"Wittighausen","40 - 45 Jahre",150,86,64
"Wittighausen","45 - 50 Jahre",136,64,72
"Wittighausen","50 - 55 Jahre",146,90,56
"Wittighausen","55 - 60 Jahre",115,65,50
"Wittighausen","60 - 65 Jahre",95,47,48
"Wittighausen","65 - 75 Jahre",175,92,83
"Wittighausen","75 und mehr Jahre",145,54,91
"Wittighausen","Insgesamt",1701,873,828
"Ahorn","unter 3 Jahre",44,23,21
"Ahorn","3 -  6 Jahre",44,26,18
"Ahorn","6 - 10 Jahre",85,47,38
"Ahorn","10 - 15 Jahre",138,73,65
"Ahorn","15 - 18 Jahre",85,47,38
"Ahorn","18 - 20 Jahre",72,43,29
"Ahorn","20 - 25 Jahre",139,70,69
"Ahorn","25 - 30 Jahre",103,53,50
"Ahorn","30 - 35 Jahre",103,54,49
"Ahorn","35 - 40 Jahre",110,49,61
"Ahorn","40 - 45 Jahre",187,99,88
"Ahorn","45 - 50 Jahre",239,122,117
"Ahorn","50 - 55 Jahre",189,106,83
"Ahorn","55 - 60 Jahre",143,76,67
"Ahorn","60 - 65 Jahre",134,71,63
"Ahorn","65 - 75 Jahre",208,95,113
"Ahorn","75 und mehr Jahre",240,87,153
"Ahorn","Insgesamt",2263,1141,1122
"Lauda-Königshofen, Stadt","unter 3 Jahre",321,154,167
"Lauda-Königshofen, Stadt","3 -  6 Jahre",345,171,174
"Lauda-Königshofen, Stadt","6 - 10 Jahre",554,306,248
"Lauda-Königshofen, Stadt","10 - 15 Jahre",786,383,403
"Lauda-Königshofen, Stadt","15 - 18 Jahre",511,271,240
"Lauda-Königshofen, Stadt","18 - 20 Jahre",379,217,162
"Lauda-Königshofen, Stadt","20 - 25 Jahre",807,431,376
"Lauda-Königshofen, Stadt","25 - 30 Jahre",787,420,367
"Lauda-Königshofen, Stadt","30 - 35 Jahre",803,411,392
"Lauda-Königshofen, Stadt","35 - 40 Jahre",828,415,413
"Lauda-Königshofen, Stadt","40 - 45 Jahre",1068,549,519
"Lauda-Königshofen, Stadt","45 - 50 Jahre",1232,618,614
"Lauda-Königshofen, Stadt","50 - 55 Jahre",1184,576,608
"Lauda-Königshofen, Stadt","55 - 60 Jahre",1042,523,519
"Lauda-Königshofen, Stadt","60 - 65 Jahre",892,445,447
"Lauda-Königshofen, Stadt","65 - 75 Jahre",1693,831,862
"Lauda-Königshofen, Stadt","75 und mehr Jahre",1392,547,845
"Lauda-Königshofen, Stadt","Insgesamt",14624,7268,7356
"Landkreis Heidenheim","unter 3 Jahre",3085,1575,1510
"Landkreis Heidenheim","3 -  6 Jahre",3322,1701,1621
"Landkreis Heidenheim","6 - 10 Jahre",4929,2542,2387
"Landkreis Heidenheim","10 - 15 Jahre",7187,3743,3444
"Landkreis Heidenheim","15 - 18 Jahre",4585,2288,2297
"Landkreis Heidenheim","18 - 20 Jahre",3217,1681,1536
"Landkreis Heidenheim","20 - 25 Jahre",7621,4165,3456
"Landkreis Heidenheim","25 - 30 Jahre",7100,3697,3403
"Landkreis Heidenheim","30 - 35 Jahre",6921,3496,3425
"Landkreis Heidenheim","35 - 40 Jahre",7759,3867,3892
"Landkreis Heidenheim","40 - 45 Jahre",10407,5269,5138
"Landkreis Heidenheim","45 - 50 Jahre",10896,5577,5319
"Landkreis Heidenheim","50 - 55 Jahre",9860,4934,4926
"Landkreis Heidenheim","55 - 60 Jahre",8479,4301,4178
"Landkreis Heidenheim","60 - 65 Jahre",7425,3694,3731
"Landkreis Heidenheim","65 - 75 Jahre",14692,6885,7807
"Landkreis Heidenheim","75 und mehr Jahre",13631,5247,8384
"Landkreis Heidenheim","Insgesamt",131116,64662,66454
"Dischingen","unter 3 Jahre",100,48,52
"Dischingen","3 -  6 Jahre",116,64,52
"Dischingen","6 - 10 Jahre",172,85,87
"Dischingen","10 - 15 Jahre",251,132,119
"Dischingen","15 - 18 Jahre",180,103,77
"Dischingen","18 - 20 Jahre",115,68,47
"Dischingen","20 - 25 Jahre",277,158,119
"Dischingen","25 - 30 Jahre",235,142,93
"Dischingen","30 - 35 Jahre",217,114,103
"Dischingen","35 - 40 Jahre",263,131,132
"Dischingen","40 - 45 Jahre",354,189,165
"Dischingen","45 - 50 Jahre",375,191,184
"Dischingen","50 - 55 Jahre",372,205,167
"Dischingen","55 - 60 Jahre",303,164,139
"Dischingen","60 - 65 Jahre",250,127,123
"Dischingen","65 - 75 Jahre",425,210,215
"Dischingen","75 und mehr Jahre",414,164,250
"Dischingen","Insgesamt",4419,2295,2124
"Gerstetten","unter 3 Jahre",265,126,139
"Gerstetten","3 -  6 Jahre",341,154,187
"Gerstetten","6 - 10 Jahre",468,246,222
"Gerstetten","10 - 15 Jahre",729,356,373
"Gerstetten","15 - 18 Jahre",455,222,233
"Gerstetten","18 - 20 Jahre",286,168,118
"Gerstetten","20 - 25 Jahre",675,367,308
"Gerstetten","25 - 30 Jahre",552,278,274
"Gerstetten","30 - 35 Jahre",589,283,306
"Gerstetten","35 - 40 Jahre",737,367,370
"Gerstetten","40 - 45 Jahre",970,479,491
"Gerstetten","45 - 50 Jahre",977,518,459
"Gerstetten","50 - 55 Jahre",913,466,447
"Gerstetten","55 - 60 Jahre",736,379,357
"Gerstetten","60 - 65 Jahre",657,356,301
"Gerstetten","65 - 75 Jahre",1219,572,647
"Gerstetten","75 und mehr Jahre",1098,414,684
"Gerstetten","Insgesamt",11667,5751,5916
"Giengen an der Brenz, Stadt","unter 3 Jahre",436,229,207
"Giengen an der Brenz, Stadt","3 -  6 Jahre",495,246,249
"Giengen an der Brenz, Stadt","6 - 10 Jahre",742,401,341
"Giengen an der Brenz, Stadt","10 - 15 Jahre",1030,557,473
"Giengen an der Brenz, Stadt","15 - 18 Jahre",682,331,351
"Giengen an der Brenz, Stadt","18 - 20 Jahre",517,287,230
"Giengen an der Brenz, Stadt","20 - 25 Jahre",1136,636,500
"Giengen an der Brenz, Stadt","25 - 30 Jahre",1011,542,469
"Giengen an der Brenz, Stadt","30 - 35 Jahre",1025,501,524
"Giengen an der Brenz, Stadt","35 - 40 Jahre",1148,563,585
"Giengen an der Brenz, Stadt","40 - 45 Jahre",1610,802,808
"Giengen an der Brenz, Stadt","45 - 50 Jahre",1585,824,761
"Giengen an der Brenz, Stadt","50 - 55 Jahre",1397,705,692
"Giengen an der Brenz, Stadt","55 - 60 Jahre",1271,656,615
"Giengen an der Brenz, Stadt","60 - 65 Jahre",1073,520,553
"Giengen an der Brenz, Stadt","65 - 75 Jahre",2183,1019,1164
"Giengen an der Brenz, Stadt","75 und mehr Jahre",2093,832,1261
"Giengen an der Brenz, Stadt","Insgesamt",19434,9651,9783
"Heidenheim an der Brenz, Stadt","unter 3 Jahre",1200,620,580
"Heidenheim an der Brenz, Stadt","3 -  6 Jahre",1210,628,582
"Heidenheim an der Brenz, Stadt","6 - 10 Jahre",1749,866,883
"Heidenheim an der Brenz, Stadt","10 - 15 Jahre",2466,1282,1184
"Heidenheim an der Brenz, Stadt","15 - 18 Jahre",1546,765,781
"Heidenheim an der Brenz, Stadt","18 - 20 Jahre",1137,567,570
"Heidenheim an der Brenz, Stadt","20 - 25 Jahre",2820,1494,1326
"Heidenheim an der Brenz, Stadt","25 - 30 Jahre",2855,1468,1387
"Heidenheim an der Brenz, Stadt","30 - 35 Jahre",2718,1343,1375
"Heidenheim an der Brenz, Stadt","35 - 40 Jahre",2937,1473,1464
"Heidenheim an der Brenz, Stadt","40 - 45 Jahre",3566,1834,1732
"Heidenheim an der Brenz, Stadt","45 - 50 Jahre",3862,1929,1933
"Heidenheim an der Brenz, Stadt","50 - 55 Jahre",3465,1737,1728
"Heidenheim an der Brenz, Stadt","55 - 60 Jahre",3050,1510,1540
"Heidenheim an der Brenz, Stadt","60 - 65 Jahre",2767,1355,1412
"Heidenheim an der Brenz, Stadt","65 - 75 Jahre",5533,2541,2992
"Heidenheim an der Brenz, Stadt","75 und mehr Jahre",5283,1972,3311
"Heidenheim an der Brenz, Stadt","Insgesamt",48164,23384,24780
"Herbrechtingen, Stadt","unter 3 Jahre",305,152,153
"Herbrechtingen, Stadt","3 -  6 Jahre",323,183,140
"Herbrechtingen, Stadt","6 - 10 Jahre",526,271,255
"Herbrechtingen, Stadt","10 - 15 Jahre",736,384,352
"Herbrechtingen, Stadt","15 - 18 Jahre",434,232,202
"Herbrechtingen, Stadt","18 - 20 Jahre",299,152,147
"Herbrechtingen, Stadt","20 - 25 Jahre",695,384,311
"Herbrechtingen, Stadt","25 - 30 Jahre",678,350,328
"Herbrechtingen, Stadt","30 - 35 Jahre",674,338,336
"Herbrechtingen, Stadt","35 - 40 Jahre",784,359,425
"Herbrechtingen, Stadt","40 - 45 Jahre",1072,541,531
"Herbrechtingen, Stadt","45 - 50 Jahre",1089,577,512
"Herbrechtingen, Stadt","50 - 55 Jahre",1028,499,529
"Herbrechtingen, Stadt","55 - 60 Jahre",839,424,415
"Herbrechtingen, Stadt","60 - 65 Jahre",731,360,371
"Herbrechtingen, Stadt","65 - 75 Jahre",1403,652,751
"Herbrechtingen, Stadt","75 und mehr Jahre",1462,562,900
"Herbrechtingen, Stadt","Insgesamt",13078,6420,6658
"Hermaringen","unter 3 Jahre",49,21,28
"Hermaringen","3 -  6 Jahre",64,36,28
"Hermaringen","6 - 10 Jahre",88,54,34
"Hermaringen","10 - 15 Jahre",121,64,57
"Hermaringen","15 - 18 Jahre",101,44,57
"Hermaringen","18 - 20 Jahre",71,34,37
"Hermaringen","20 - 25 Jahre",159,92,67
"Hermaringen","25 - 30 Jahre",101,54,47
"Hermaringen","30 - 35 Jahre",105,61,44
"Hermaringen","35 - 40 Jahre",132,71,61
"Hermaringen","40 - 45 Jahre",209,111,98
"Hermaringen","45 - 50 Jahre",215,118,97
"Hermaringen","50 - 55 Jahre",189,97,92
"Hermaringen","55 - 60 Jahre",129,72,57
"Hermaringen","60 - 65 Jahre",116,63,53
"Hermaringen","65 - 75 Jahre",244,111,133
"Hermaringen","75 und mehr Jahre",220,87,133
"Hermaringen","Insgesamt",2313,1190,1123
"Königsbronn","unter 3 Jahre",128,68,60
"Königsbronn","3 -  6 Jahre",141,73,68
"Königsbronn","6 - 10 Jahre",232,116,116
"Königsbronn","10 - 15 Jahre",397,208,189
"Königsbronn","15 - 18 Jahre",278,140,138
"Königsbronn","18 - 20 Jahre",188,100,88
"Königsbronn","20 - 25 Jahre",368,202,166
"Königsbronn","25 - 30 Jahre",304,156,148
"Königsbronn","30 - 35 Jahre",288,149,139
"Königsbronn","35 - 40 Jahre",378,198,180
"Königsbronn","40 - 45 Jahre",572,292,280
"Königsbronn","45 - 50 Jahre",604,318,286
"Königsbronn","50 - 55 Jahre",547,268,279
"Königsbronn","55 - 60 Jahre",521,263,258
"Königsbronn","60 - 65 Jahre",439,208,231
"Königsbronn","65 - 75 Jahre",929,439,490
"Königsbronn","75 und mehr Jahre",771,306,465
"Königsbronn","Insgesamt",7085,3504,3581
"Nattheim","unter 3 Jahre",171,97,74
"Nattheim","3 -  6 Jahre",150,76,74
"Nattheim","6 - 10 Jahre",233,118,115
"Nattheim","10 - 15 Jahre",360,186,174
"Nattheim","15 - 18 Jahre",229,114,115
"Nattheim","18 - 20 Jahre",128,64,64
"Nattheim","20 - 25 Jahre",370,216,154
"Nattheim","25 - 30 Jahre",348,164,184
"Nattheim","30 - 35 Jahre",325,167,158
"Nattheim","35 - 40 Jahre",340,172,168
"Nattheim","40 - 45 Jahre",548,270,278
"Nattheim","45 - 50 Jahre",565,296,269
"Nattheim","50 - 55 Jahre",443,206,237
"Nattheim","55 - 60 Jahre",419,212,207
"Nattheim","60 - 65 Jahre",337,162,175
"Nattheim","65 - 75 Jahre",735,370,365
"Nattheim","75 und mehr Jahre",519,206,313
"Nattheim","Insgesamt",6220,3096,3124
"Niederstotzingen, Stadt","unter 3 Jahre",96,51,45
"Niederstotzingen, Stadt","3 -  6 Jahre",124,66,58
"Niederstotzingen, Stadt","6 - 10 Jahre",167,78,89
"Niederstotzingen, Stadt","10 - 15 Jahre",256,129,127
"Niederstotzingen, Stadt","15 - 18 Jahre",161,79,82
"Niederstotzingen, Stadt","18 - 20 Jahre",108,55,53
"Niederstotzingen, Stadt","20 - 25 Jahre",306,160,146
"Niederstotzingen, Stadt","25 - 30 Jahre",257,135,122
"Niederstotzingen, Stadt","30 - 35 Jahre",248,139,109
"Niederstotzingen, Stadt","35 - 40 Jahre",280,148,132
"Niederstotzingen, Stadt","40 - 45 Jahre",388,183,205
"Niederstotzingen, Stadt","45 - 50 Jahre",406,207,199
"Niederstotzingen, Stadt","50 - 55 Jahre",414,216,198
"Niederstotzingen, Stadt","55 - 60 Jahre",302,154,148
"Niederstotzingen, Stadt","60 - 65 Jahre",261,136,125
"Niederstotzingen, Stadt","65 - 75 Jahre",456,220,236
"Niederstotzingen, Stadt","75 und mehr Jahre",415,160,255
"Niederstotzingen, Stadt","Insgesamt",4645,2316,2329
"Sontheim an der Brenz","unter 3 Jahre",138,71,67
"Sontheim an der Brenz","3 -  6 Jahre",147,71,76
"Sontheim an der Brenz","6 - 10 Jahre",221,126,95
"Sontheim an der Brenz","10 - 15 Jahre",331,172,159
"Sontheim an der Brenz","15 - 18 Jahre",179,87,92
"Sontheim an der Brenz","18 - 20 Jahre",144,77,67
"Sontheim an der Brenz","20 - 25 Jahre",322,175,147
"Sontheim an der Brenz","25 - 30 Jahre",316,173,143
"Sontheim an der Brenz","30 - 35 Jahre",304,159,145
"Sontheim an der Brenz","35 - 40 Jahre",303,161,142
"Sontheim an der Brenz","40 - 45 Jahre",460,233,227
"Sontheim an der Brenz","45 - 50 Jahre",502,246,256
"Sontheim an der Brenz","50 - 55 Jahre",450,231,219
"Sontheim an der Brenz","55 - 60 Jahre",341,173,168
"Sontheim an der Brenz","60 - 65 Jahre",317,164,153
"Sontheim an der Brenz","65 - 75 Jahre",560,277,283
"Sontheim an der Brenz","75 und mehr Jahre",490,198,292
"Sontheim an der Brenz","Insgesamt",5525,2794,2731
"Steinheim am Albuch","unter 3 Jahre",197,92,105
"Steinheim am Albuch","3 -  6 Jahre",211,104,107
"Steinheim am Albuch","6 - 10 Jahre",331,181,150
"Steinheim am Albuch","10 - 15 Jahre",510,273,237
"Steinheim am Albuch","15 - 18 Jahre",340,171,169
"Steinheim am Albuch","18 - 20 Jahre",224,109,115
"Steinheim am Albuch","20 - 25 Jahre",493,281,212
"Steinheim am Albuch","25 - 30 Jahre",443,235,208
"Steinheim am Albuch","30 - 35 Jahre",428,242,186
"Steinheim am Albuch","35 - 40 Jahre",457,224,233
"Steinheim am Albuch","40 - 45 Jahre",658,335,323
"Steinheim am Albuch","45 - 50 Jahre",716,353,363
"Steinheim am Albuch","50 - 55 Jahre",642,304,338
"Steinheim am Albuch","55 - 60 Jahre",568,294,274
"Steinheim am Albuch","60 - 65 Jahre",477,243,234
"Steinheim am Albuch","65 - 75 Jahre",1005,474,531
"Steinheim am Albuch","75 und mehr Jahre",866,346,520
"Steinheim am Albuch","Insgesamt",8566,4261,4305
"Landkreis Ostalbkreis","unter 3 Jahre",8000,4109,3891
"Landkreis Ostalbkreis","3 -  6 Jahre",8578,4333,4245
"Landkreis Ostalbkreis","6 - 10 Jahre",12473,6367,6106
"Landkreis Ostalbkreis","10 - 15 Jahre",17983,9178,8805
"Landkreis Ostalbkreis","15 - 18 Jahre",11376,5930,5446
"Landkreis Ostalbkreis","18 - 20 Jahre",7825,3992,3833
"Landkreis Ostalbkreis","20 - 25 Jahre",18604,9609,8995
"Landkreis Ostalbkreis","25 - 30 Jahre",17400,8894,8506
"Landkreis Ostalbkreis","30 - 35 Jahre",17452,8774,8678
"Landkreis Ostalbkreis","35 - 40 Jahre",19522,9930,9592
"Landkreis Ostalbkreis","40 - 45 Jahre",24881,12716,12165
"Landkreis Ostalbkreis","45 - 50 Jahre",26252,13513,12739
"Landkreis Ostalbkreis","50 - 55 Jahre",23482,11911,11571
"Landkreis Ostalbkreis","55 - 60 Jahre",19919,9885,10034
"Landkreis Ostalbkreis","60 - 65 Jahre",16821,8415,8406
"Landkreis Ostalbkreis","65 - 75 Jahre",32187,15318,16869
"Landkreis Ostalbkreis","75 und mehr Jahre",27978,10656,17322
"Landkreis Ostalbkreis","Insgesamt",310733,153530,157203
"Abtsgmünd","unter 3 Jahre",195,90,105
"Abtsgmünd","3 -  6 Jahre",226,110,116
"Abtsgmünd","6 - 10 Jahre",290,140,150
"Abtsgmünd","10 - 15 Jahre",440,235,205
"Abtsgmünd","15 - 18 Jahre",265,138,127
"Abtsgmünd","18 - 20 Jahre",194,104,90
"Abtsgmünd","20 - 25 Jahre",453,224,229
"Abtsgmünd","25 - 30 Jahre",411,221,190
"Abtsgmünd","30 - 35 Jahre",411,199,212
"Abtsgmünd","35 - 40 Jahre",461,254,207
"Abtsgmünd","40 - 45 Jahre",643,325,318
"Abtsgmünd","45 - 50 Jahre",660,333,327
"Abtsgmünd","50 - 55 Jahre",614,311,303
"Abtsgmünd","55 - 60 Jahre",473,244,229
"Abtsgmünd","60 - 65 Jahre",335,184,151
"Abtsgmünd","65 - 75 Jahre",715,331,384
"Abtsgmünd","75 und mehr Jahre",606,221,385
"Abtsgmünd","Insgesamt",7392,3664,3728
"Adelmannsfelden","unter 3 Jahre",35,18,17
"Adelmannsfelden","3 -  6 Jahre",41,24,17
"Adelmannsfelden","6 - 10 Jahre",94,48,46
"Adelmannsfelden","10 - 15 Jahre",145,64,81
"Adelmannsfelden","15 - 18 Jahre",90,49,41
"Adelmannsfelden","18 - 20 Jahre",54,23,31
"Adelmannsfelden","20 - 25 Jahre",97,47,50
"Adelmannsfelden","25 - 30 Jahre",75,32,43
"Adelmannsfelden","30 - 35 Jahre",90,41,49
"Adelmannsfelden","35 - 40 Jahre",99,46,53
"Adelmannsfelden","40 - 45 Jahre",157,89,68
"Adelmannsfelden","45 - 50 Jahre",187,97,90
"Adelmannsfelden","50 - 55 Jahre",152,87,65
"Adelmannsfelden","55 - 60 Jahre",108,65,43
"Adelmannsfelden","60 - 65 Jahre",87,45,42
"Adelmannsfelden","65 - 75 Jahre",171,80,91
"Adelmannsfelden","75 und mehr Jahre",134,48,86
"Adelmannsfelden","Insgesamt",1816,903,913
"Bartholomä","unter 3 Jahre",50,28,22
"Bartholomä","3 -  6 Jahre",52,21,31
"Bartholomä","6 - 10 Jahre",74,44,30
"Bartholomä","10 - 15 Jahre",108,47,61
"Bartholomä","15 - 18 Jahre",92,48,44
"Bartholomä","18 - 20 Jahre",58,25,33
"Bartholomä","20 - 25 Jahre",124,60,64
"Bartholomä","25 - 30 Jahre",102,52,50
"Bartholomä","30 - 35 Jahre",108,49,59
"Bartholomä","35 - 40 Jahre",126,57,69
"Bartholomä","40 - 45 Jahre",171,78,93
"Bartholomä","45 - 50 Jahre",197,100,97
"Bartholomä","50 - 55 Jahre",179,89,90
"Bartholomä","55 - 60 Jahre",155,81,74
"Bartholomä","60 - 65 Jahre",136,71,65
"Bartholomä","65 - 75 Jahre",196,95,101
"Bartholomä","75 und mehr Jahre",197,78,119
"Bartholomä","Insgesamt",2125,1023,1102
"Böbingen an der Rems","unter 3 Jahre",114,59,55
"Böbingen an der Rems","3 -  6 Jahre",119,52,67
"Böbingen an der Rems","6 - 10 Jahre",223,108,115
"Böbingen an der Rems","10 - 15 Jahre",291,170,121
"Böbingen an der Rems","15 - 18 Jahre",184,95,89
"Böbingen an der Rems","18 - 20 Jahre",131,74,57
"Böbingen an der Rems","20 - 25 Jahre",259,136,123
"Böbingen an der Rems","25 - 30 Jahre",249,114,135
"Böbingen an der Rems","30 - 35 Jahre",261,136,125
"Böbingen an der Rems","35 - 40 Jahre",295,147,148
"Böbingen an der Rems","40 - 45 Jahre",433,210,223
"Böbingen an der Rems","45 - 50 Jahre",379,197,182
"Böbingen an der Rems","50 - 55 Jahre",316,169,147
"Böbingen an der Rems","55 - 60 Jahre",273,135,138
"Böbingen an der Rems","60 - 65 Jahre",253,113,140
"Böbingen an der Rems","65 - 75 Jahre",488,230,258
"Böbingen an der Rems","75 und mehr Jahre",346,140,206
"Böbingen an der Rems","Insgesamt",4614,2285,2329
"Bopfingen, Stadt","unter 3 Jahre",311,176,135
"Bopfingen, Stadt","3 -  6 Jahre",342,178,164
"Bopfingen, Stadt","6 - 10 Jahre",553,278,275
"Bopfingen, Stadt","10 - 15 Jahre",745,369,376
"Bopfingen, Stadt","15 - 18 Jahre",422,219,203
"Bopfingen, Stadt","18 - 20 Jahre",309,156,153
"Bopfingen, Stadt","20 - 25 Jahre",765,386,379
"Bopfingen, Stadt","25 - 30 Jahre",656,330,326
"Bopfingen, Stadt","30 - 35 Jahre",679,331,348
"Bopfingen, Stadt","35 - 40 Jahre",744,398,346
"Bopfingen, Stadt","40 - 45 Jahre",877,460,417
"Bopfingen, Stadt","45 - 50 Jahre",993,512,481
"Bopfingen, Stadt","50 - 55 Jahre",919,474,445
"Bopfingen, Stadt","55 - 60 Jahre",833,414,419
"Bopfingen, Stadt","60 - 65 Jahre",682,353,329
"Bopfingen, Stadt","65 - 75 Jahre",1229,576,653
"Bopfingen, Stadt","75 und mehr Jahre",1108,398,710
"Bopfingen, Stadt","Insgesamt",12167,6008,6159
"Durlangen","unter 3 Jahre",83,47,36
"Durlangen","3 -  6 Jahre",89,41,48
"Durlangen","6 - 10 Jahre",127,64,63
"Durlangen","10 - 15 Jahre",170,95,75
"Durlangen","15 - 18 Jahre",127,70,57
"Durlangen","18 - 20 Jahre",76,45,31
"Durlangen","20 - 25 Jahre",171,85,86
"Durlangen","25 - 30 Jahre",141,66,75
"Durlangen","30 - 35 Jahre",141,76,65
"Durlangen","35 - 40 Jahre",168,81,87
"Durlangen","40 - 45 Jahre",228,123,105
"Durlangen","45 - 50 Jahre",261,130,131
"Durlangen","50 - 55 Jahre",222,117,105
"Durlangen","55 - 60 Jahre",211,107,104
"Durlangen","60 - 65 Jahre",161,86,75
"Durlangen","65 - 75 Jahre",298,139,159
"Durlangen","75 und mehr Jahre",219,97,122
"Durlangen","Insgesamt",2893,1469,1424
"Ellenberg","unter 3 Jahre",31,16,15
"Ellenberg","3 -  6 Jahre",44,20,24
"Ellenberg","6 - 10 Jahre",73,31,42
"Ellenberg","10 - 15 Jahre",113,49,64
"Ellenberg","15 - 18 Jahre",66,32,34
"Ellenberg","18 - 20 Jahre",44,26,18
"Ellenberg","20 - 25 Jahre",105,51,54
"Ellenberg","25 - 30 Jahre",90,46,44
"Ellenberg","30 - 35 Jahre",109,64,45
"Ellenberg","35 - 40 Jahre",89,49,40
"Ellenberg","40 - 45 Jahre",125,62,63
"Ellenberg","45 - 50 Jahre",169,95,74
"Ellenberg","50 - 55 Jahre",156,86,70
"Ellenberg","55 - 60 Jahre",125,69,56
"Ellenberg","60 - 65 Jahre",82,51,31
"Ellenberg","65 - 75 Jahre",144,67,77
"Ellenberg","75 und mehr Jahre",129,45,84
"Ellenberg","Insgesamt",1694,859,835
"Ellwangen (Jagst), Stadt","unter 3 Jahre",618,324,294
"Ellwangen (Jagst), Stadt","3 -  6 Jahre",711,355,356
"Ellwangen (Jagst), Stadt","6 - 10 Jahre",994,491,503
"Ellwangen (Jagst), Stadt","10 - 15 Jahre",1510,760,750
"Ellwangen (Jagst), Stadt","15 - 18 Jahre",906,446,460
"Ellwangen (Jagst), Stadt","18 - 20 Jahre",644,336,308
"Ellwangen (Jagst), Stadt","20 - 25 Jahre",1408,744,664
"Ellwangen (Jagst), Stadt","25 - 30 Jahre",1334,656,678
"Ellwangen (Jagst), Stadt","30 - 35 Jahre",1371,664,707
"Ellwangen (Jagst), Stadt","35 - 40 Jahre",1594,797,797
"Ellwangen (Jagst), Stadt","40 - 45 Jahre",2009,1030,979
"Ellwangen (Jagst), Stadt","45 - 50 Jahre",2073,1097,976
"Ellwangen (Jagst), Stadt","50 - 55 Jahre",1871,981,890
"Ellwangen (Jagst), Stadt","55 - 60 Jahre",1586,808,778
"Ellwangen (Jagst), Stadt","60 - 65 Jahre",1233,623,610
"Ellwangen (Jagst), Stadt","65 - 75 Jahre",2351,1137,1214
"Ellwangen (Jagst), Stadt","75 und mehr Jahre",2376,881,1495
"Ellwangen (Jagst), Stadt","Insgesamt",24589,12130,12459
"Eschach","unter 3 Jahre",48,26,22
"Eschach","3 -  6 Jahre",62,27,35
"Eschach","6 - 10 Jahre",89,43,46
"Eschach","10 - 15 Jahre",105,49,56
"Eschach","15 - 18 Jahre",85,41,44
"Eschach","18 - 20 Jahre",63,39,24
"Eschach","20 - 25 Jahre",102,69,33
"Eschach","25 - 30 Jahre",80,41,39
"Eschach","30 - 35 Jahre",83,43,40
"Eschach","35 - 40 Jahre",109,51,58
"Eschach","40 - 45 Jahre",167,87,80
"Eschach","45 - 50 Jahre",176,86,90
"Eschach","50 - 55 Jahre",149,76,73
"Eschach","55 - 60 Jahre",113,64,49
"Eschach","60 - 65 Jahre",83,49,34
"Eschach","65 - 75 Jahre",154,72,82
"Eschach","75 und mehr Jahre",135,53,82
"Eschach","Insgesamt",1803,916,887
"Essingen","unter 3 Jahre",184,108,76
"Essingen","3 -  6 Jahre",178,82,96
"Essingen","6 - 10 Jahre",272,134,138
"Essingen","10 - 15 Jahre",347,172,175
"Essingen","15 - 18 Jahre",237,122,115
"Essingen","18 - 20 Jahre",165,85,80
"Essingen","20 - 25 Jahre",349,202,147
"Essingen","25 - 30 Jahre",330,166,164
"Essingen","30 - 35 Jahre",399,190,209
"Essingen","35 - 40 Jahre",433,232,201
"Essingen","40 - 45 Jahre",493,261,232
"Essingen","45 - 50 Jahre",563,277,286
"Essingen","50 - 55 Jahre",506,250,256
"Essingen","55 - 60 Jahre",416,211,205
"Essingen","60 - 65 Jahre",349,171,178
"Essingen","65 - 75 Jahre",654,319,335
"Essingen","75 und mehr Jahre",496,202,294
"Essingen","Insgesamt",6371,3184,3187
"Göggingen","unter 3 Jahre",65,34,31
"Göggingen","3 -  6 Jahre",58,27,31
"Göggingen","6 - 10 Jahre",101,50,51
"Göggingen","10 - 15 Jahre",173,93,80
"Göggingen","15 - 18 Jahre",102,54,48
"Göggingen","18 - 20 Jahre",70,33,37
"Göggingen","20 - 25 Jahre",156,85,71
"Göggingen","25 - 30 Jahre",132,62,70
"Göggingen","30 - 35 Jahre",133,63,70
"Göggingen","35 - 40 Jahre",158,69,89
"Göggingen","40 - 45 Jahre",200,100,100
"Göggingen","45 - 50 Jahre",265,114,151
"Göggingen","50 - 55 Jahre",215,114,101
"Göggingen","55 - 60 Jahre",153,79,74
"Göggingen","60 - 65 Jahre",127,67,60
"Göggingen","65 - 75 Jahre",201,95,106
"Göggingen","75 und mehr Jahre",129,53,76
"Göggingen","Insgesamt",2438,1192,1246
"Gschwend","unter 3 Jahre",132,74,58
"Gschwend","3 -  6 Jahre",133,73,60
"Gschwend","6 - 10 Jahre",210,95,115
"Gschwend","10 - 15 Jahre",261,143,118
"Gschwend","15 - 18 Jahre",182,109,73
"Gschwend","18 - 20 Jahre",138,76,62
"Gschwend","20 - 25 Jahre",280,144,136
"Gschwend","25 - 30 Jahre",265,138,127
"Gschwend","30 - 35 Jahre",263,133,130
"Gschwend","35 - 40 Jahre",279,136,143
"Gschwend","40 - 45 Jahre",414,217,197
"Gschwend","45 - 50 Jahre",436,213,223
"Gschwend","50 - 55 Jahre",425,214,211
"Gschwend","55 - 60 Jahre",324,166,158
"Gschwend","60 - 65 Jahre",253,139,114
"Gschwend","65 - 75 Jahre",496,228,268
"Gschwend","75 und mehr Jahre",465,180,285
"Gschwend","Insgesamt",4956,2478,2478
"Heubach, Stadt","unter 3 Jahre",262,132,130
"Heubach, Stadt","3 -  6 Jahre",282,146,136
"Heubach, Stadt","6 - 10 Jahre",405,206,199
"Heubach, Stadt","10 - 15 Jahre",543,283,260
"Heubach, Stadt","15 - 18 Jahre",336,190,146
"Heubach, Stadt","18 - 20 Jahre",248,118,130
"Heubach, Stadt","20 - 25 Jahre",597,324,273
"Heubach, Stadt","25 - 30 Jahre",585,321,264
"Heubach, Stadt","30 - 35 Jahre",583,285,298
"Heubach, Stadt","35 - 40 Jahre",605,316,289
"Heubach, Stadt","40 - 45 Jahre",735,365,370
"Heubach, Stadt","45 - 50 Jahre",827,432,395
"Heubach, Stadt","50 - 55 Jahre",808,388,420
"Heubach, Stadt","55 - 60 Jahre",688,316,372
"Heubach, Stadt","60 - 65 Jahre",588,287,301
"Heubach, Stadt","65 - 75 Jahre",1083,526,557
"Heubach, Stadt","75 und mehr Jahre",853,311,542
"Heubach, Stadt","Insgesamt",10028,4946,5082
"Heuchlingen","unter 3 Jahre",47,19,28
"Heuchlingen","3 -  6 Jahre",56,29,27
"Heuchlingen","6 - 10 Jahre",76,36,40
"Heuchlingen","10 - 15 Jahre",100,54,46
"Heuchlingen","15 - 18 Jahre",65,31,34
"Heuchlingen","18 - 20 Jahre",53,29,24
"Heuchlingen","20 - 25 Jahre",125,71,54
"Heuchlingen","25 - 30 Jahre",94,48,46
"Heuchlingen","30 - 35 Jahre",86,41,45
"Heuchlingen","35 - 40 Jahre",128,54,74
"Heuchlingen","40 - 45 Jahre",160,95,65
"Heuchlingen","45 - 50 Jahre",177,93,84
"Heuchlingen","50 - 55 Jahre",138,74,64
"Heuchlingen","55 - 60 Jahre",96,44,52
"Heuchlingen","60 - 65 Jahre",79,48,31
"Heuchlingen","65 - 75 Jahre",205,91,114
"Heuchlingen","75 und mehr Jahre",155,74,81
"Heuchlingen","Insgesamt",1840,931,909
"Hüttlingen","unter 3 Jahre",186,85,101
"Hüttlingen","3 -  6 Jahre",190,102,88
"Hüttlingen","6 - 10 Jahre",241,128,113
"Hüttlingen","10 - 15 Jahre",349,182,167
"Hüttlingen","15 - 18 Jahre",211,129,82
"Hüttlingen","18 - 20 Jahre",141,68,73
"Hüttlingen","20 - 25 Jahre",320,175,145
"Hüttlingen","25 - 30 Jahre",321,165,156
"Hüttlingen","30 - 35 Jahre",325,150,175
"Hüttlingen","35 - 40 Jahre",390,185,205
"Hüttlingen","40 - 45 Jahre",490,268,222
"Hüttlingen","45 - 50 Jahre",511,263,248
"Hüttlingen","50 - 55 Jahre",446,228,218
"Hüttlingen","55 - 60 Jahre",349,175,174
"Hüttlingen","60 - 65 Jahre",289,144,145
"Hüttlingen","65 - 75 Jahre",633,298,335
"Hüttlingen","75 und mehr Jahre",472,187,285
"Hüttlingen","Insgesamt",5864,2932,2932
"Iggingen","unter 3 Jahre",70,30,40
"Iggingen","3 -  6 Jahre",67,31,36
"Iggingen","6 - 10 Jahre",101,59,42
"Iggingen","10 - 15 Jahre",181,99,82
"Iggingen","15 - 18 Jahre",95,46,49
"Iggingen","18 - 20 Jahre",70,40,30
"Iggingen","20 - 25 Jahre",140,79,61
"Iggingen","25 - 30 Jahre",154,72,82
"Iggingen","30 - 35 Jahre",145,87,58
"Iggingen","35 - 40 Jahre",146,53,93
"Iggingen","40 - 45 Jahre",246,137,109
"Iggingen","45 - 50 Jahre",234,115,119
"Iggingen","50 - 55 Jahre",189,95,94
"Iggingen","55 - 60 Jahre",151,82,69
"Iggingen","60 - 65 Jahre",132,55,77
"Iggingen","65 - 75 Jahre",260,129,131
"Iggingen","75 und mehr Jahre",179,68,111
"Iggingen","Insgesamt",2560,1277,1283
"Jagstzell","unter 3 Jahre",81,39,42
"Jagstzell","3 -  6 Jahre",82,40,42
"Jagstzell","6 - 10 Jahre",102,54,48
"Jagstzell","10 - 15 Jahre",139,73,66
"Jagstzell","15 - 18 Jahre",101,50,51
"Jagstzell","18 - 20 Jahre",74,36,38
"Jagstzell","20 - 25 Jahre",173,88,85
"Jagstzell","25 - 30 Jahre",127,71,56
"Jagstzell","30 - 35 Jahre",127,67,60
"Jagstzell","35 - 40 Jahre",142,76,66
"Jagstzell","40 - 45 Jahre",208,110,98
"Jagstzell","45 - 50 Jahre",204,106,98
"Jagstzell","50 - 55 Jahre",182,101,81
"Jagstzell","55 - 60 Jahre",165,87,78
"Jagstzell","60 - 65 Jahre",104,54,50
"Jagstzell","65 - 75 Jahre",195,93,102
"Jagstzell","75 und mehr Jahre",195,76,119
"Jagstzell","Insgesamt",2401,1221,1180
"Kirchheim am Ries","unter 3 Jahre",49,33,16
"Kirchheim am Ries","3 -  6 Jahre",53,31,22
"Kirchheim am Ries","6 - 10 Jahre",100,53,47
"Kirchheim am Ries","10 - 15 Jahre",136,63,73
"Kirchheim am Ries","15 - 18 Jahre",91,50,41
"Kirchheim am Ries","18 - 20 Jahre",47,20,27
"Kirchheim am Ries","20 - 25 Jahre",100,50,50
"Kirchheim am Ries","25 - 30 Jahre",96,56,40
"Kirchheim am Ries","30 - 35 Jahre",92,46,46
"Kirchheim am Ries","35 - 40 Jahre",132,64,68
"Kirchheim am Ries","40 - 45 Jahre",165,95,70
"Kirchheim am Ries","45 - 50 Jahre",165,84,81
"Kirchheim am Ries","50 - 55 Jahre",133,67,66
"Kirchheim am Ries","55 - 60 Jahre",111,58,53
"Kirchheim am Ries","60 - 65 Jahre",106,56,50
"Kirchheim am Ries","65 - 75 Jahre",183,85,98
"Kirchheim am Ries","75 und mehr Jahre",156,55,101
"Kirchheim am Ries","Insgesamt",1915,966,949
"Lauchheim, Stadt","unter 3 Jahre",122,59,63
"Lauchheim, Stadt","3 -  6 Jahre",160,72,88
"Lauchheim, Stadt","6 - 10 Jahre",198,111,87
"Lauchheim, Stadt","10 - 15 Jahre",267,141,126
"Lauchheim, Stadt","15 - 18 Jahre",188,104,84
"Lauchheim, Stadt","18 - 20 Jahre",126,57,69
"Lauchheim, Stadt","20 - 25 Jahre",300,140,160
"Lauchheim, Stadt","25 - 30 Jahre",285,132,153
"Lauchheim, Stadt","30 - 35 Jahre",285,147,138
"Lauchheim, Stadt","35 - 40 Jahre",302,140,162
"Lauchheim, Stadt","40 - 45 Jahre",373,192,181
"Lauchheim, Stadt","45 - 50 Jahre",386,192,194
"Lauchheim, Stadt","50 - 55 Jahre",374,195,179
"Lauchheim, Stadt","55 - 60 Jahre",331,170,161
"Lauchheim, Stadt","60 - 65 Jahre",247,137,110
"Lauchheim, Stadt","65 - 75 Jahre",404,191,213
"Lauchheim, Stadt","75 und mehr Jahre",298,128,170
"Lauchheim, Stadt","Insgesamt",4646,2308,2338
"Leinzell","unter 3 Jahre",44,19,25
"Leinzell","3 -  6 Jahre",43,24,19
"Leinzell","6 - 10 Jahre",68,37,31
"Leinzell","10 - 15 Jahre",120,58,62
"Leinzell","15 - 18 Jahre",67,31,36
"Leinzell","18 - 20 Jahre",47,26,21
"Leinzell","20 - 25 Jahre",124,63,61
"Leinzell","25 - 30 Jahre",104,52,52
"Leinzell","30 - 35 Jahre",113,52,61
"Leinzell","35 - 40 Jahre",123,73,50
"Leinzell","40 - 45 Jahre",167,77,90
"Leinzell","45 - 50 Jahre",180,89,91
"Leinzell","50 - 55 Jahre",163,70,93
"Leinzell","55 - 60 Jahre",157,69,88
"Leinzell","60 - 65 Jahre",138,74,64
"Leinzell","65 - 75 Jahre",227,111,116
"Leinzell","75 und mehr Jahre",199,72,127
"Leinzell","Insgesamt",2084,997,1087
"Lorch, Stadt","unter 3 Jahre",232,109,123
"Lorch, Stadt","3 -  6 Jahre",280,144,136
"Lorch, Stadt","6 - 10 Jahre",396,206,190
"Lorch, Stadt","10 - 15 Jahre",606,309,297
"Lorch, Stadt","15 - 18 Jahre",419,216,203
"Lorch, Stadt","18 - 20 Jahre",267,131,136
"Lorch, Stadt","20 - 25 Jahre",610,293,317
"Lorch, Stadt","25 - 30 Jahre",636,332,304
"Lorch, Stadt","30 - 35 Jahre",579,322,257
"Lorch, Stadt","35 - 40 Jahre",661,356,305
"Lorch, Stadt","40 - 45 Jahre",889,442,447
"Lorch, Stadt","45 - 50 Jahre",1038,560,478
"Lorch, Stadt","50 - 55 Jahre",896,447,449
"Lorch, Stadt","55 - 60 Jahre",732,359,373
"Lorch, Stadt","60 - 65 Jahre",643,315,328
"Lorch, Stadt","65 - 75 Jahre",1194,586,608
"Lorch, Stadt","75 und mehr Jahre",996,395,601
"Lorch, Stadt","Insgesamt",11074,5522,5552
"Mögglingen","unter 3 Jahre",113,52,61
"Mögglingen","3 -  6 Jahre",131,64,67
"Mögglingen","6 - 10 Jahre",176,77,99
"Mögglingen","10 - 15 Jahre",240,122,118
"Mögglingen","15 - 18 Jahre",172,94,78
"Mögglingen","18 - 20 Jahre",100,47,53
"Mögglingen","20 - 25 Jahre",244,128,116
"Mögglingen","25 - 30 Jahre",244,118,126
"Mögglingen","30 - 35 Jahre",243,115,128
"Mögglingen","35 - 40 Jahre",272,138,134
"Mögglingen","40 - 45 Jahre",328,186,142
"Mögglingen","45 - 50 Jahre",346,165,181
"Mögglingen","50 - 55 Jahre",345,184,161
"Mögglingen","55 - 60 Jahre",234,108,126
"Mögglingen","60 - 65 Jahre",240,121,119
"Mögglingen","65 - 75 Jahre",427,209,218
"Mögglingen","75 und mehr Jahre",310,121,189
"Mögglingen","Insgesamt",4165,2049,2116
"Mutlangen","unter 3 Jahre",171,84,87
"Mutlangen","3 -  6 Jahre",222,118,104
"Mutlangen","6 - 10 Jahre",294,151,143
"Mutlangen","10 - 15 Jahre",466,256,210
"Mutlangen","15 - 18 Jahre",252,133,119
"Mutlangen","18 - 20 Jahre",171,90,81
"Mutlangen","20 - 25 Jahre",368,180,188
"Mutlangen","25 - 30 Jahre",308,149,159
"Mutlangen","30 - 35 Jahre",353,162,191
"Mutlangen","35 - 40 Jahre",428,227,201
"Mutlangen","40 - 45 Jahre",556,254,302
"Mutlangen","45 - 50 Jahre",560,254,306
"Mutlangen","50 - 55 Jahre",505,270,235
"Mutlangen","55 - 60 Jahre",429,217,212
"Mutlangen","60 - 65 Jahre",325,157,168
"Mutlangen","65 - 75 Jahre",622,281,341
"Mutlangen","75 und mehr Jahre",531,208,323
"Mutlangen","Insgesamt",6561,3191,3370
"Neresheim, Stadt","unter 3 Jahre",212,88,124
"Neresheim, Stadt","3 -  6 Jahre",201,100,101
"Neresheim, Stadt","6 - 10 Jahre",315,157,158
"Neresheim, Stadt","10 - 15 Jahre",500,255,245
"Neresheim, Stadt","15 - 18 Jahre",297,160,137
"Neresheim, Stadt","18 - 20 Jahre",229,108,121
"Neresheim, Stadt","20 - 25 Jahre",450,234,216
"Neresheim, Stadt","25 - 30 Jahre",431,224,207
"Neresheim, Stadt","30 - 35 Jahre",478,245,233
"Neresheim, Stadt","35 - 40 Jahre",548,282,266
"Neresheim, Stadt","40 - 45 Jahre",630,347,283
"Neresheim, Stadt","45 - 50 Jahre",687,361,326
"Neresheim, Stadt","50 - 55 Jahre",652,348,304
"Neresheim, Stadt","55 - 60 Jahre",556,280,276
"Neresheim, Stadt","60 - 65 Jahre",417,230,187
"Neresheim, Stadt","65 - 75 Jahre",724,367,357
"Neresheim, Stadt","75 und mehr Jahre",693,264,429
"Neresheim, Stadt","Insgesamt",8020,4050,3970
"Neuler","unter 3 Jahre",104,59,45
"Neuler","3 -  6 Jahre",114,49,65
"Neuler","6 - 10 Jahre",133,70,63
"Neuler","10 - 15 Jahre",182,90,92
"Neuler","15 - 18 Jahre",114,52,62
"Neuler","18 - 20 Jahre",104,58,46
"Neuler","20 - 25 Jahre",214,116,98
"Neuler","25 - 30 Jahre",188,106,82
"Neuler","30 - 35 Jahre",192,100,92
"Neuler","35 - 40 Jahre",228,111,117
"Neuler","40 - 45 Jahre",241,118,123
"Neuler","45 - 50 Jahre",296,152,144
"Neuler","50 - 55 Jahre",239,126,113
"Neuler","55 - 60 Jahre",188,94,94
"Neuler","60 - 65 Jahre",171,93,78
"Neuler","65 - 75 Jahre",269,135,134
"Neuler","75 und mehr Jahre",187,76,111
"Neuler","Insgesamt",3164,1605,1559
"Obergröningen","unter 3 Jahre",18,10,8
"Obergröningen","3 -  6 Jahre",13,8,5
"Obergröningen","6 - 10 Jahre",24,16,8
"Obergröningen","10 - 15 Jahre",34,15,19
"Obergröningen","15 - 18 Jahre",18,10,8
"Obergröningen","18 - 20 Jahre",7,6,1
"Obergröningen","20 - 25 Jahre",21,12,9
"Obergröningen","25 - 30 Jahre",12,4,8
"Obergröningen","30 - 35 Jahre",22,8,14
"Obergröningen","35 - 40 Jahre",34,18,16
"Obergröningen","40 - 45 Jahre",48,27,21
"Obergröningen","45 - 50 Jahre",37,24,13
"Obergröningen","50 - 55 Jahre",37,19,18
"Obergröningen","55 - 60 Jahre",22,11,11
"Obergröningen","60 - 65 Jahre",42,22,20
"Obergröningen","65 - 75 Jahre",44,23,21
"Obergröningen","75 und mehr Jahre",31,13,18
"Obergröningen","Insgesamt",464,246,218
"Oberkochen, Stadt","unter 3 Jahre",194,103,91
"Oberkochen, Stadt","3 -  6 Jahre",189,96,93
"Oberkochen, Stadt","6 - 10 Jahre",273,122,151
"Oberkochen, Stadt","10 - 15 Jahre",407,199,208
"Oberkochen, Stadt","15 - 18 Jahre",259,138,121
"Oberkochen, Stadt","18 - 20 Jahre",161,85,76
"Oberkochen, Stadt","20 - 25 Jahre",425,224,201
"Oberkochen, Stadt","25 - 30 Jahre",419,234,185
"Oberkochen, Stadt","30 - 35 Jahre",386,189,197
"Oberkochen, Stadt","35 - 40 Jahre",404,217,187
"Oberkochen, Stadt","40 - 45 Jahre",572,301,271
"Oberkochen, Stadt","45 - 50 Jahre",655,330,325
"Oberkochen, Stadt","50 - 55 Jahre",595,319,276
"Oberkochen, Stadt","55 - 60 Jahre",496,251,245
"Oberkochen, Stadt","60 - 65 Jahre",410,188,222
"Oberkochen, Stadt","65 - 75 Jahre",983,445,538
"Oberkochen, Stadt","75 und mehr Jahre",971,383,588
"Oberkochen, Stadt","Insgesamt",7799,3824,3975
"Rosenberg","unter 3 Jahre",75,39,36
"Rosenberg","3 -  6 Jahre",81,42,39
"Rosenberg","6 - 10 Jahre",119,72,47
"Rosenberg","10 - 15 Jahre",171,86,85
"Rosenberg","15 - 18 Jahre",122,65,57
"Rosenberg","18 - 20 Jahre",86,45,41
"Rosenberg","20 - 25 Jahre",152,89,63
"Rosenberg","25 - 30 Jahre",148,78,70
"Rosenberg","30 - 35 Jahre",143,71,72
"Rosenberg","35 - 40 Jahre",126,74,52
"Rosenberg","40 - 45 Jahre",192,94,98
"Rosenberg","45 - 50 Jahre",253,137,116
"Rosenberg","50 - 55 Jahre",209,109,100
"Rosenberg","55 - 60 Jahre",179,93,86
"Rosenberg","60 - 65 Jahre",116,65,51
"Rosenberg","65 - 75 Jahre",206,110,96
"Rosenberg","75 und mehr Jahre",215,85,130
"Rosenberg","Insgesamt",2593,1354,1239
"Ruppertshofen","unter 3 Jahre",48,28,20
"Ruppertshofen","3 -  6 Jahre",55,35,20
"Ruppertshofen","6 - 10 Jahre",85,39,46
"Ruppertshofen","10 - 15 Jahre",117,59,58
"Ruppertshofen","15 - 18 Jahre",96,58,38
"Ruppertshofen","18 - 20 Jahre",68,43,25
"Ruppertshofen","20 - 25 Jahre",116,56,60
"Ruppertshofen","25 - 30 Jahre",100,48,52
"Ruppertshofen","30 - 35 Jahre",96,48,48
"Ruppertshofen","35 - 40 Jahre",102,53,49
"Ruppertshofen","40 - 45 Jahre",165,71,94
"Ruppertshofen","45 - 50 Jahre",170,86,84
"Ruppertshofen","50 - 55 Jahre",159,86,73
"Ruppertshofen","55 - 60 Jahre",128,71,57
"Ruppertshofen","60 - 65 Jahre",73,42,31
"Ruppertshofen","65 - 75 Jahre",135,63,72
"Ruppertshofen","75 und mehr Jahre",120,49,71
"Ruppertshofen","Insgesamt",1833,935,898
"Schechingen","unter 3 Jahre",67,38,29
"Schechingen","3 -  6 Jahre",45,23,22
"Schechingen","6 - 10 Jahre",95,47,48
"Schechingen","10 - 15 Jahre",161,76,85
"Schechingen","15 - 18 Jahre",102,52,50
"Schechingen","18 - 20 Jahre",86,41,45
"Schechingen","20 - 25 Jahre",150,80,70
"Schechingen","25 - 30 Jahre",133,71,62
"Schechingen","30 - 35 Jahre",131,55,76
"Schechingen","35 - 40 Jahre",143,77,66
"Schechingen","40 - 45 Jahre",190,86,104
"Schechingen","45 - 50 Jahre",235,113,122
"Schechingen","50 - 55 Jahre",201,101,100
"Schechingen","55 - 60 Jahre",154,77,77
"Schechingen","60 - 65 Jahre",124,69,55
"Schechingen","65 - 75 Jahre",178,81,97
"Schechingen","75 und mehr Jahre",175,51,124
"Schechingen","Insgesamt",2370,1138,1232
"Schwäbisch Gmünd, Stadt","unter 3 Jahre",1484,785,699
"Schwäbisch Gmünd, Stadt","3 -  6 Jahre",1614,802,812
"Schwäbisch Gmünd, Stadt","6 - 10 Jahre",2189,1132,1057
"Schwäbisch Gmünd, Stadt","10 - 15 Jahre",3056,1564,1492
"Schwäbisch Gmünd, Stadt","15 - 18 Jahre",2021,1033,988
"Schwäbisch Gmünd, Stadt","18 - 20 Jahre",1388,682,706
"Schwäbisch Gmünd, Stadt","20 - 25 Jahre",3943,1937,2006
"Schwäbisch Gmünd, Stadt","25 - 30 Jahre",3645,1846,1799
"Schwäbisch Gmünd, Stadt","30 - 35 Jahre",3392,1716,1676
"Schwäbisch Gmünd, Stadt","35 - 40 Jahre",3714,1916,1798
"Schwäbisch Gmünd, Stadt","40 - 45 Jahre",4441,2287,2154
"Schwäbisch Gmünd, Stadt","45 - 50 Jahre",4596,2340,2256
"Schwäbisch Gmünd, Stadt","50 - 55 Jahre",4395,2161,2234
"Schwäbisch Gmünd, Stadt","55 - 60 Jahre",3758,1783,1975
"Schwäbisch Gmünd, Stadt","60 - 65 Jahre",3441,1676,1765
"Schwäbisch Gmünd, Stadt","65 - 75 Jahre",6678,3121,3557
"Schwäbisch Gmünd, Stadt","75 und mehr Jahre",5899,2151,3748
"Schwäbisch Gmünd, Stadt","Insgesamt",59654,28932,30722
"Spraitbach","unter 3 Jahre",72,36,36
"Spraitbach","3 -  6 Jahre",79,46,33
"Spraitbach","6 - 10 Jahre",114,53,61
"Spraitbach","10 - 15 Jahre",207,90,117
"Spraitbach","15 - 18 Jahre",114,61,53
"Spraitbach","18 - 20 Jahre",91,47,44
"Spraitbach","20 - 25 Jahre",205,104,101
"Spraitbach","25 - 30 Jahre",153,82,71
"Spraitbach","30 - 35 Jahre",145,67,78
"Spraitbach","35 - 40 Jahre",209,110,99
"Spraitbach","40 - 45 Jahre",281,138,143
"Spraitbach","45 - 50 Jahre",300,168,132
"Spraitbach","50 - 55 Jahre",289,134,155
"Spraitbach","55 - 60 Jahre",214,105,109
"Spraitbach","60 - 65 Jahre",223,107,116
"Spraitbach","65 - 75 Jahre",380,190,190
"Spraitbach","75 und mehr Jahre",292,112,180
"Spraitbach","Insgesamt",3368,1650,1718
"Stödtlen","unter 3 Jahre",60,29,31
"Stödtlen","3 -  6 Jahre",48,23,25
"Stödtlen","6 - 10 Jahre",92,48,44
"Stödtlen","10 - 15 Jahre",128,50,78
"Stödtlen","15 - 18 Jahre",79,50,29
"Stödtlen","18 - 20 Jahre",50,24,26
"Stödtlen","20 - 25 Jahre",100,48,52
"Stödtlen","25 - 30 Jahre",90,42,48
"Stödtlen","30 - 35 Jahre",128,67,61
"Stödtlen","35 - 40 Jahre",126,60,66
"Stödtlen","40 - 45 Jahre",187,94,93
"Stödtlen","45 - 50 Jahre",181,95,86
"Stödtlen","50 - 55 Jahre",132,78,54
"Stödtlen","55 - 60 Jahre",120,55,65
"Stödtlen","60 - 65 Jahre",114,61,53
"Stödtlen","65 - 75 Jahre",154,84,70
"Stödtlen","75 und mehr Jahre",192,71,121
"Stödtlen","Insgesamt",1981,979,1002
"Täferrot","unter 3 Jahre",34,23,11
"Täferrot","3 -  6 Jahre",37,21,16
"Täferrot","6 - 10 Jahre",57,28,29
"Täferrot","10 - 15 Jahre",65,28,37
"Täferrot","15 - 18 Jahre",46,27,19
"Täferrot","18 - 20 Jahre",23,7,16
"Täferrot","20 - 25 Jahre",50,26,24
"Täferrot","25 - 30 Jahre",48,26,22
"Täferrot","30 - 35 Jahre",49,27,22
"Täferrot","35 - 40 Jahre",86,38,48
"Täferrot","40 - 45 Jahre",96,59,37
"Täferrot","45 - 50 Jahre",98,47,51
"Täferrot","50 - 55 Jahre",64,30,34
"Täferrot","55 - 60 Jahre",51,24,27
"Täferrot","60 - 65 Jahre",55,29,26
"Täferrot","65 - 75 Jahre",107,58,49
"Täferrot","75 und mehr Jahre",81,35,46
"Täferrot","Insgesamt",1047,533,514
"Tannhausen","unter 3 Jahre",44,18,26
"Tannhausen","3 -  6 Jahre",48,24,24
"Tannhausen","6 - 10 Jahre",85,42,43
"Tannhausen","10 - 15 Jahre",136,76,60
"Tannhausen","15 - 18 Jahre",61,28,33
"Tannhausen","18 - 20 Jahre",59,30,29
"Tannhausen","20 - 25 Jahre",118,61,57
"Tannhausen","25 - 30 Jahre",114,69,45
"Tannhausen","30 - 35 Jahre",94,51,43
"Tannhausen","35 - 40 Jahre",104,51,53
"Tannhausen","40 - 45 Jahre",133,63,70
"Tannhausen","45 - 50 Jahre",164,93,71
"Tannhausen","50 - 55 Jahre",110,56,54
"Tannhausen","55 - 60 Jahre",106,50,56
"Tannhausen","60 - 65 Jahre",90,50,40
"Tannhausen","65 - 75 Jahre",174,87,87
"Tannhausen","75 und mehr Jahre",195,63,132
"Tannhausen","Insgesamt",1835,912,923
"Unterschneidheim","unter 3 Jahre",152,90,62
"Unterschneidheim","3 -  6 Jahre",156,90,66
"Unterschneidheim","6 - 10 Jahre",221,104,117
"Unterschneidheim","10 - 15 Jahre",276,140,136
"Unterschneidheim","15 - 18 Jahre",160,94,66
"Unterschneidheim","18 - 20 Jahre",131,76,55
"Unterschneidheim","20 - 25 Jahre",310,174,136
"Unterschneidheim","25 - 30 Jahre",248,129,119
"Unterschneidheim","30 - 35 Jahre",278,139,139
"Unterschneidheim","35 - 40 Jahre",335,171,164
"Unterschneidheim","40 - 45 Jahre",341,193,148
"Unterschneidheim","45 - 50 Jahre",371,181,190
"Unterschneidheim","50 - 55 Jahre",344,186,158
"Unterschneidheim","55 - 60 Jahre",315,170,145
"Unterschneidheim","60 - 65 Jahre",229,116,113
"Unterschneidheim","65 - 75 Jahre",409,204,205
"Unterschneidheim","75 und mehr Jahre",324,133,191
"Unterschneidheim","Insgesamt",4600,2390,2210
"Waldstetten","unter 3 Jahre",176,89,87
"Waldstetten","3 -  6 Jahre",197,99,98
"Waldstetten","6 - 10 Jahre",276,146,130
"Waldstetten","10 - 15 Jahre",451,224,227
"Waldstetten","15 - 18 Jahre",289,140,149
"Waldstetten","18 - 20 Jahre",174,98,76
"Waldstetten","20 - 25 Jahre",360,194,166
"Waldstetten","25 - 30 Jahre",379,203,176
"Waldstetten","30 - 35 Jahre",324,155,169
"Waldstetten","35 - 40 Jahre",437,215,222
"Waldstetten","40 - 45 Jahre",627,324,303
"Waldstetten","45 - 50 Jahre",611,323,288
"Waldstetten","50 - 55 Jahre",515,235,280
"Waldstetten","55 - 60 Jahre",468,248,220
"Waldstetten","60 - 65 Jahre",430,204,226
"Waldstetten","65 - 75 Jahre",826,380,446
"Waldstetten","75 und mehr Jahre",600,253,347
"Waldstetten","Insgesamt",7140,3530,3610
"Westhausen","unter 3 Jahre",158,82,76
"Westhausen","3 -  6 Jahre",153,73,80
"Westhausen","6 - 10 Jahre",264,151,113
"Westhausen","10 - 15 Jahre",369,174,195
"Westhausen","15 - 18 Jahre",239,130,109
"Westhausen","18 - 20 Jahre",125,62,63
"Westhausen","20 - 25 Jahre",329,171,158
"Westhausen","25 - 30 Jahre",317,165,152
"Westhausen","30 - 35 Jahre",372,188,184
"Westhausen","35 - 40 Jahre",391,188,203
"Westhausen","40 - 45 Jahre",523,262,261
"Westhausen","45 - 50 Jahre",479,243,236
"Westhausen","50 - 55 Jahre",398,205,193
"Westhausen","55 - 60 Jahre",368,187,181
"Westhausen","60 - 65 Jahre",306,136,170
"Westhausen","65 - 75 Jahre",635,323,312
"Westhausen","75 und mehr Jahre",436,165,271
"Westhausen","Insgesamt",5862,2905,2957
"Wört","unter 3 Jahre",36,16,20
"Wört","3 -  6 Jahre",35,18,17
"Wört","6 - 10 Jahre",58,37,21
"Wört","10 - 15 Jahre",82,39,43
"Wört","15 - 18 Jahre",54,28,26
"Wört","18 - 20 Jahre",36,17,19
"Wört","20 - 25 Jahre",88,51,37
"Wört","25 - 30 Jahre",88,34,54
"Wört","30 - 35 Jahre",69,32,37
"Wört","35 - 40 Jahre",122,64,58
"Wört","40 - 45 Jahre",96,45,51
"Wört","45 - 50 Jahre",124,65,59
"Wört","50 - 55 Jahre",132,79,53
"Wört","55 - 60 Jahre",81,41,40
"Wört","60 - 65 Jahre",74,38,36
"Wört","65 - 75 Jahre",115,48,67
"Wört","75 und mehr Jahre",96,44,52
"Wört","Insgesamt",1386,696,690
"Riesbürg","unter 3 Jahre",51,28,23
"Riesbürg","3 -  6 Jahre",62,31,31
"Riesbürg","6 - 10 Jahre",93,35,58
"Riesbürg","10 - 15 Jahre",135,72,63
"Riesbürg","15 - 18 Jahre",73,38,35
"Riesbürg","18 - 20 Jahre",63,29,34
"Riesbürg","20 - 25 Jahre",126,69,57
"Riesbürg","25 - 30 Jahre",144,73,71
"Riesbürg","30 - 35 Jahre",106,50,56
"Riesbürg","35 - 40 Jahre",110,53,57
"Riesbürg","40 - 45 Jahre",158,83,75
"Riesbürg","45 - 50 Jahre",189,104,85
"Riesbürg","50 - 55 Jahre",187,91,96
"Riesbürg","55 - 60 Jahre",157,88,69
"Riesbürg","60 - 65 Jahre",131,70,61
"Riesbürg","65 - 75 Jahre",209,97,112
"Riesbürg","75 und mehr Jahre",214,88,126
"Riesbürg","Insgesamt",2208,1099,1109
"Aalen, Stadt","unter 3 Jahre",1691,839,852
"Aalen, Stadt","3 -  6 Jahre",1732,891,841
"Aalen, Stadt","6 - 10 Jahre",2565,1343,1222
"Aalen, Stadt","10 - 15 Jahre",3746,1939,1807
"Aalen, Stadt","15 - 18 Jahre",2324,1196,1128
"Aalen, Stadt","18 - 20 Jahre",1561,805,756
"Aalen, Stadt","20 - 25 Jahre",3864,2038,1826
"Aalen, Stadt","25 - 30 Jahre",3736,1923,1813
"Aalen, Stadt","30 - 35 Jahre",3883,1990,1893
"Aalen, Stadt","35 - 40 Jahre",4194,2109,2085
"Aalen, Stadt","40 - 45 Jahre",5458,2730,2728
"Aalen, Stadt","45 - 50 Jahre",5481,2884,2597
"Aalen, Stadt","50 - 55 Jahre",4677,2338,2339
"Aalen, Stadt","55 - 60 Jahre",4106,2012,2094
"Aalen, Stadt","60 - 65 Jahre",3538,1737,1801
"Aalen, Stadt","65 - 75 Jahre",7180,3417,3763
"Aalen, Stadt","75 und mehr Jahre",6377,2441,3936
"Aalen, Stadt","Insgesamt",66113,32632,33481
"Rainau","unter 3 Jahre",81,48,33
"Rainau","3 -  6 Jahre",98,51,47
"Rainau","6 - 10 Jahre",158,81,77
"Rainau","10 - 15 Jahre",205,116,89
"Rainau","15 - 18 Jahre",153,73,80
"Rainau","18 - 20 Jahre",93,45,48
"Rainau","20 - 25 Jahre",213,101,112
"Rainau","25 - 30 Jahre",188,97,91
"Rainau","30 - 35 Jahre",185,113,72
"Rainau","35 - 40 Jahre",225,124,101
"Rainau","40 - 45 Jahre",268,131,137
"Rainau","45 - 50 Jahre",338,163,175
"Rainau","50 - 55 Jahre",244,123,121
"Rainau","55 - 60 Jahre",239,117,122
"Rainau","60 - 65 Jahre",165,82,83
"Rainau","65 - 75 Jahre",251,116,135
"Rainau","75 und mehr Jahre",196,88,108
"Rainau","Insgesamt",3300,1669,1631
"Regierungsbezirk Karlsruhe","unter 3 Jahre",67568,34722,32846
"Regierungsbezirk Karlsruhe","3 -  6 Jahre",68835,35374,33461
"Regierungsbezirk Karlsruhe","6 - 10 Jahre",96951,49897,47054
"Regierungsbezirk Karlsruhe","10 - 15 Jahre",136796,70042,66754
"Regierungsbezirk Karlsruhe","15 - 18 Jahre",85077,43867,41210
"Regierungsbezirk Karlsruhe","18 - 20 Jahre",61963,31834,30129
"Regierungsbezirk Karlsruhe","20 - 25 Jahre",171806,88110,83696
"Regierungsbezirk Karlsruhe","25 - 30 Jahre",171850,86538,85312
"Regierungsbezirk Karlsruhe","30 - 35 Jahre",164518,82681,81837
"Regierungsbezirk Karlsruhe","35 - 40 Jahre",169675,84721,84954
"Regierungsbezirk Karlsruhe","40 - 45 Jahre",226029,114964,111065
"Regierungsbezirk Karlsruhe","45 - 50 Jahre",242443,123788,118655
"Regierungsbezirk Karlsruhe","50 - 55 Jahre",209275,106324,102951
"Regierungsbezirk Karlsruhe","55 - 60 Jahre",177089,87788,89301
"Regierungsbezirk Karlsruhe","60 - 65 Jahre",154358,75804,78554
"Regierungsbezirk Karlsruhe","65 - 75 Jahre",292323,139064,153259
"Regierungsbezirk Karlsruhe","75 und mehr Jahre",247670,94213,153457
"Regierungsbezirk Karlsruhe","Insgesamt",2744226,1349731,1394495
"Stadtkreis Baden-Baden","unter 3 Jahre",1093,565,528
"Stadtkreis Baden-Baden","3 -  6 Jahre",1147,591,556
"Stadtkreis Baden-Baden","6 - 10 Jahre",1664,826,838
"Stadtkreis Baden-Baden","10 - 15 Jahre",2347,1188,1159
"Stadtkreis Baden-Baden","15 - 18 Jahre",1433,752,681
"Stadtkreis Baden-Baden","18 - 20 Jahre",1053,541,512
"Stadtkreis Baden-Baden","20 - 25 Jahre",2544,1328,1216
"Stadtkreis Baden-Baden","25 - 30 Jahre",2673,1316,1357
"Stadtkreis Baden-Baden","30 - 35 Jahre",2786,1337,1449
"Stadtkreis Baden-Baden","35 - 40 Jahre",2870,1344,1526
"Stadtkreis Baden-Baden","40 - 45 Jahre",4412,2106,2306
"Stadtkreis Baden-Baden","45 - 50 Jahre",4522,2222,2300
"Stadtkreis Baden-Baden","50 - 55 Jahre",4092,1952,2140
"Stadtkreis Baden-Baden","55 - 60 Jahre",3648,1736,1912
"Stadtkreis Baden-Baden","60 - 65 Jahre",3644,1694,1950
"Stadtkreis Baden-Baden","65 - 75 Jahre",7411,3319,4092
"Stadtkreis Baden-Baden","75 und mehr Jahre",7106,2583,4523
"Stadtkreis Baden-Baden","Insgesamt",54445,25400,29045
"Baden-Baden, Stadt","unter 3 Jahre",1093,565,528
"Baden-Baden, Stadt","3 -  6 Jahre",1147,591,556
"Baden-Baden, Stadt","6 - 10 Jahre",1664,826,838
"Baden-Baden, Stadt","10 - 15 Jahre",2347,1188,1159
"Baden-Baden, Stadt","15 - 18 Jahre",1433,752,681
"Baden-Baden, Stadt","18 - 20 Jahre",1053,541,512
"Baden-Baden, Stadt","20 - 25 Jahre",2544,1328,1216
"Baden-Baden, Stadt","25 - 30 Jahre",2673,1316,1357
"Baden-Baden, Stadt","30 - 35 Jahre",2786,1337,1449
"Baden-Baden, Stadt","35 - 40 Jahre",2870,1344,1526
"Baden-Baden, Stadt","40 - 45 Jahre",4412,2106,2306
"Baden-Baden, Stadt","45 - 50 Jahre",4522,2222,2300
"Baden-Baden, Stadt","50 - 55 Jahre",4092,1952,2140
"Baden-Baden, Stadt","55 - 60 Jahre",3648,1736,1912
"Baden-Baden, Stadt","60 - 65 Jahre",3644,1694,1950
"Baden-Baden, Stadt","65 - 75 Jahre",7411,3319,4092
"Baden-Baden, Stadt","75 und mehr Jahre",7106,2583,4523
"Baden-Baden, Stadt","Insgesamt",54445,25400,29045
"Stadtkreis Karlsruhe","unter 3 Jahre",7523,3865,3658
"Stadtkreis Karlsruhe","3 -  6 Jahre",6992,3502,3490
"Stadtkreis Karlsruhe","6 - 10 Jahre",9086,4725,4361
"Stadtkreis Karlsruhe","10 - 15 Jahre",11756,5942,5814
"Stadtkreis Karlsruhe","15 - 18 Jahre",7152,3739,3413
"Stadtkreis Karlsruhe","18 - 20 Jahre",5987,3115,2872
"Stadtkreis Karlsruhe","20 - 25 Jahre",23234,12810,10424
"Stadtkreis Karlsruhe","25 - 30 Jahre",24008,12724,11284
"Stadtkreis Karlsruhe","30 - 35 Jahre",21291,11237,10054
"Stadtkreis Karlsruhe","35 - 40 Jahre",19853,10431,9422
"Stadtkreis Karlsruhe","40 - 45 Jahre",23906,12532,11374
"Stadtkreis Karlsruhe","45 - 50 Jahre",23896,12392,11504
"Stadtkreis Karlsruhe","50 - 55 Jahre",20791,10830,9961
"Stadtkreis Karlsruhe","55 - 60 Jahre",17328,8548,8780
"Stadtkreis Karlsruhe","60 - 65 Jahre",15322,7387,7935
"Stadtkreis Karlsruhe","65 - 75 Jahre",29896,13862,16034
"Stadtkreis Karlsruhe","75 und mehr Jahre",26740,9751,16989
"Stadtkreis Karlsruhe","Insgesamt",294761,147392,147369
"Karlsruhe, Stadt","unter 3 Jahre",7523,3865,3658
"Karlsruhe, Stadt","3 -  6 Jahre",6992,3502,3490
"Karlsruhe, Stadt","6 - 10 Jahre",9086,4725,4361
"Karlsruhe, Stadt","10 - 15 Jahre",11756,5942,5814
"Karlsruhe, Stadt","15 - 18 Jahre",7152,3739,3413
"Karlsruhe, Stadt","18 - 20 Jahre",5987,3115,2872
"Karlsruhe, Stadt","20 - 25 Jahre",23234,12810,10424
"Karlsruhe, Stadt","25 - 30 Jahre",24008,12724,11284
"Karlsruhe, Stadt","30 - 35 Jahre",21291,11237,10054
"Karlsruhe, Stadt","35 - 40 Jahre",19853,10431,9422
"Karlsruhe, Stadt","40 - 45 Jahre",23906,12532,11374
"Karlsruhe, Stadt","45 - 50 Jahre",23896,12392,11504
"Karlsruhe, Stadt","50 - 55 Jahre",20791,10830,9961
"Karlsruhe, Stadt","55 - 60 Jahre",17328,8548,8780
"Karlsruhe, Stadt","60 - 65 Jahre",15322,7387,7935
"Karlsruhe, Stadt","65 - 75 Jahre",29896,13862,16034
"Karlsruhe, Stadt","75 und mehr Jahre",26740,9751,16989
"Karlsruhe, Stadt","Insgesamt",294761,147392,147369
"Landkreis Karlsruhe","unter 3 Jahre",10573,5490,5083
"Landkreis Karlsruhe","3 -  6 Jahre",11194,5770,5424
"Landkreis Karlsruhe","6 - 10 Jahre",15852,8252,7600
"Landkreis Karlsruhe","10 - 15 Jahre",23365,12113,11252
"Landkreis Karlsruhe","15 - 18 Jahre",14485,7479,7006
"Landkreis Karlsruhe","18 - 20 Jahre",10008,5152,4856
"Landkreis Karlsruhe","20 - 25 Jahre",24239,12601,11638
"Landkreis Karlsruhe","25 - 30 Jahre",23671,12100,11571
"Landkreis Karlsruhe","30 - 35 Jahre",24086,11846,12240
"Landkreis Karlsruhe","35 - 40 Jahre",26389,13076,13313
"Landkreis Karlsruhe","40 - 45 Jahre",35842,17980,17862
"Landkreis Karlsruhe","45 - 50 Jahre",38953,19833,19120
"Landkreis Karlsruhe","50 - 55 Jahre",34033,17203,16830
"Landkreis Karlsruhe","55 - 60 Jahre",29327,14547,14780
"Landkreis Karlsruhe","60 - 65 Jahre",25257,12519,12738
"Landkreis Karlsruhe","65 - 75 Jahre",46657,22342,24315
"Landkreis Karlsruhe","75 und mehr Jahre",38340,14881,23459
"Landkreis Karlsruhe","Insgesamt",432271,213184,219087
"Bretten, Stadt","unter 3 Jahre",710,391,319
"Bretten, Stadt","3 -  6 Jahre",788,420,368
"Bretten, Stadt","6 - 10 Jahre",1148,602,546
"Bretten, Stadt","10 - 15 Jahre",1631,870,761
"Bretten, Stadt","15 - 18 Jahre",1018,521,497
"Bretten, Stadt","18 - 20 Jahre",629,329,300
"Bretten, Stadt","20 - 25 Jahre",1666,864,802
"Bretten, Stadt","25 - 30 Jahre",1580,831,749
"Bretten, Stadt","30 - 35 Jahre",1680,792,888
"Bretten, Stadt","35 - 40 Jahre",1891,906,985
"Bretten, Stadt","40 - 45 Jahre",2336,1182,1154
"Bretten, Stadt","45 - 50 Jahre",2364,1207,1157
"Bretten, Stadt","50 - 55 Jahre",2070,1014,1056
"Bretten, Stadt","55 - 60 Jahre",2038,1023,1015
"Bretten, Stadt","60 - 65 Jahre",1611,803,808
"Bretten, Stadt","65 - 75 Jahre",2912,1393,1519
"Bretten, Stadt","75 und mehr Jahre",2394,959,1435
"Bretten, Stadt","Insgesamt",28466,14107,14359
"Bruchsal, Stadt","unter 3 Jahre",1074,577,497
"Bruchsal, Stadt","3 -  6 Jahre",1175,582,593
"Bruchsal, Stadt","6 - 10 Jahre",1604,844,760
"Bruchsal, Stadt","10 - 15 Jahre",2212,1152,1060
"Bruchsal, Stadt","15 - 18 Jahre",1294,668,626
"Bruchsal, Stadt","18 - 20 Jahre",938,463,475
"Bruchsal, Stadt","20 - 25 Jahre",2570,1319,1251
"Bruchsal, Stadt","25 - 30 Jahre",2657,1372,1285
"Bruchsal, Stadt","30 - 35 Jahre",2826,1455,1371
"Bruchsal, Stadt","35 - 40 Jahre",2810,1456,1354
"Bruchsal, Stadt","40 - 45 Jahre",3543,1782,1761
"Bruchsal, Stadt","45 - 50 Jahre",3657,1945,1712
"Bruchsal, Stadt","50 - 55 Jahre",3313,1763,1550
"Bruchsal, Stadt","55 - 60 Jahre",2882,1451,1431
"Bruchsal, Stadt","60 - 65 Jahre",2464,1252,1212
"Bruchsal, Stadt","65 - 75 Jahre",4449,2093,2356
"Bruchsal, Stadt","75 und mehr Jahre",3756,1367,2389
"Bruchsal, Stadt","Insgesamt",43224,21541,21683
"Ettlingen, Stadt","unter 3 Jahre",857,426,431
"Ettlingen, Stadt","3 -  6 Jahre",879,480,399
"Ettlingen, Stadt","6 - 10 Jahre",1202,629,573
"Ettlingen, Stadt","10 - 15 Jahre",1876,976,900
"Ettlingen, Stadt","15 - 18 Jahre",1198,631,567
"Ettlingen, Stadt","18 - 20 Jahre",834,426,408
"Ettlingen, Stadt","20 - 25 Jahre",1901,952,949
"Ettlingen, Stadt","25 - 30 Jahre",1820,920,900
"Ettlingen, Stadt","30 - 35 Jahre",1941,975,966
"Ettlingen, Stadt","35 - 40 Jahre",2211,1074,1137
"Ettlingen, Stadt","40 - 45 Jahre",2966,1485,1481
"Ettlingen, Stadt","45 - 50 Jahre",3487,1730,1757
"Ettlingen, Stadt","50 - 55 Jahre",2922,1440,1482
"Ettlingen, Stadt","55 - 60 Jahre",2616,1214,1402
"Ettlingen, Stadt","60 - 65 Jahre",2423,1149,1274
"Ettlingen, Stadt","65 - 75 Jahre",5249,2459,2790
"Ettlingen, Stadt","75 und mehr Jahre",4171,1646,2525
"Ettlingen, Stadt","Insgesamt",38553,18612,19941
"Forst","unter 3 Jahre",209,114,95
"Forst","3 -  6 Jahre",209,110,99
"Forst","6 - 10 Jahre",304,145,159
"Forst","10 - 15 Jahre",376,201,175
"Forst","15 - 18 Jahre",242,128,114
"Forst","18 - 20 Jahre",169,90,79
"Forst","20 - 25 Jahre",409,225,184
"Forst","25 - 30 Jahre",443,230,213
"Forst","30 - 35 Jahre",472,233,239
"Forst","35 - 40 Jahre",528,273,255
"Forst","40 - 45 Jahre",660,335,325
"Forst","45 - 50 Jahre",745,393,352
"Forst","50 - 55 Jahre",626,307,319
"Forst","55 - 60 Jahre",536,272,264
"Forst","60 - 65 Jahre",489,251,238
"Forst","65 - 75 Jahre",791,378,413
"Forst","75 und mehr Jahre",628,258,370
"Forst","Insgesamt",7836,3943,3893
"Gondelsheim","unter 3 Jahre",87,43,44
"Gondelsheim","3 -  6 Jahre",84,39,45
"Gondelsheim","6 - 10 Jahre",113,62,51
"Gondelsheim","10 - 15 Jahre",210,122,88
"Gondelsheim","15 - 18 Jahre",123,58,65
"Gondelsheim","18 - 20 Jahre",79,36,43
"Gondelsheim","20 - 25 Jahre",192,112,80
"Gondelsheim","25 - 30 Jahre",217,115,102
"Gondelsheim","30 - 35 Jahre",179,96,83
"Gondelsheim","35 - 40 Jahre",223,97,126
"Gondelsheim","40 - 45 Jahre",271,136,135
"Gondelsheim","45 - 50 Jahre",289,151,138
"Gondelsheim","50 - 55 Jahre",271,150,121
"Gondelsheim","55 - 60 Jahre",234,117,117
"Gondelsheim","60 - 65 Jahre",192,93,99
"Gondelsheim","65 - 75 Jahre",323,143,180
"Gondelsheim","75 und mehr Jahre",224,92,132
"Gondelsheim","Insgesamt",3311,1662,1649
"Hambrücken","unter 3 Jahre",142,66,76
"Hambrücken","3 -  6 Jahre",161,86,75
"Hambrücken","6 - 10 Jahre",233,118,115
"Hambrücken","10 - 15 Jahre",328,167,161
"Hambrücken","15 - 18 Jahre",192,101,91
"Hambrücken","18 - 20 Jahre",148,67,81
"Hambrücken","20 - 25 Jahre",319,166,153
"Hambrücken","25 - 30 Jahre",298,162,136
"Hambrücken","30 - 35 Jahre",352,157,195
"Hambrücken","35 - 40 Jahre",372,182,190
"Hambrücken","40 - 45 Jahre",481,236,245
"Hambrücken","45 - 50 Jahre",515,261,254
"Hambrücken","50 - 55 Jahre",466,248,218
"Hambrücken","55 - 60 Jahre",346,174,172
"Hambrücken","60 - 65 Jahre",293,158,135
"Hambrücken","65 - 75 Jahre",483,241,242
"Hambrücken","75 und mehr Jahre",327,133,194
"Hambrücken","Insgesamt",5456,2723,2733
"Kronau","unter 3 Jahre",147,79,68
"Kronau","3 -  6 Jahre",127,65,62
"Kronau","6 - 10 Jahre",194,105,89
"Kronau","10 - 15 Jahre",284,139,145
"Kronau","15 - 18 Jahre",206,111,95
"Kronau","18 - 20 Jahre",143,60,83
"Kronau","20 - 25 Jahre",357,200,157
"Kronau","25 - 30 Jahre",315,143,172
"Kronau","30 - 35 Jahre",321,165,156
"Kronau","35 - 40 Jahre",321,147,174
"Kronau","40 - 45 Jahre",486,247,239
"Kronau","45 - 50 Jahre",517,257,260
"Kronau","50 - 55 Jahre",481,239,242
"Kronau","55 - 60 Jahre",419,209,210
"Kronau","60 - 65 Jahre",331,176,155
"Kronau","65 - 75 Jahre",509,244,265
"Kronau","75 und mehr Jahre",408,155,253
"Kronau","Insgesamt",5566,2741,2825
"Kürnbach","unter 3 Jahre",49,27,22
"Kürnbach","3 -  6 Jahre",53,27,26
"Kürnbach","6 - 10 Jahre",69,29,40
"Kürnbach","10 - 15 Jahre",111,62,49
"Kürnbach","15 - 18 Jahre",71,44,27
"Kürnbach","18 - 20 Jahre",52,22,30
"Kürnbach","20 - 25 Jahre",123,64,59
"Kürnbach","25 - 30 Jahre",122,78,44
"Kürnbach","30 - 35 Jahre",102,49,53
"Kürnbach","35 - 40 Jahre",114,50,64
"Kürnbach","40 - 45 Jahre",187,103,84
"Kürnbach","45 - 50 Jahre",209,105,104
"Kürnbach","50 - 55 Jahre",177,95,82
"Kürnbach","55 - 60 Jahre",158,74,84
"Kürnbach","60 - 65 Jahre",145,74,71
"Kürnbach","65 - 75 Jahre",248,119,129
"Kürnbach","75 und mehr Jahre",287,111,176
"Kürnbach","Insgesamt",2277,1133,1144
"Malsch","unter 3 Jahre",341,181,160
"Malsch","3 -  6 Jahre",395,197,198
"Malsch","6 - 10 Jahre",556,291,265
"Malsch","10 - 15 Jahre",801,422,379
"Malsch","15 - 18 Jahre",517,265,252
"Malsch","18 - 20 Jahre",318,175,143
"Malsch","20 - 25 Jahre",781,392,389
"Malsch","25 - 30 Jahre",721,369,352
"Malsch","30 - 35 Jahre",755,371,384
"Malsch","35 - 40 Jahre",837,391,446
"Malsch","40 - 45 Jahre",1319,651,668
"Malsch","45 - 50 Jahre",1413,732,681
"Malsch","50 - 55 Jahre",1178,593,585
"Malsch","55 - 60 Jahre",963,480,483
"Malsch","60 - 65 Jahre",839,419,420
"Malsch","65 - 75 Jahre",1482,718,764
"Malsch","75 und mehr Jahre",1272,502,770
"Malsch","Insgesamt",14488,7149,7339
"Marxzell","unter 3 Jahre",103,53,50
"Marxzell","3 -  6 Jahre",109,53,56
"Marxzell","6 - 10 Jahre",174,99,75
"Marxzell","10 - 15 Jahre",244,138,106
"Marxzell","15 - 18 Jahre",186,99,87
"Marxzell","18 - 20 Jahre",126,67,59
"Marxzell","20 - 25 Jahre",307,166,141
"Marxzell","25 - 30 Jahre",231,117,114
"Marxzell","30 - 35 Jahre",247,115,132
"Marxzell","35 - 40 Jahre",274,150,124
"Marxzell","40 - 45 Jahre",408,210,198
"Marxzell","45 - 50 Jahre",493,230,263
"Marxzell","50 - 55 Jahre",473,239,234
"Marxzell","55 - 60 Jahre",365,195,170
"Marxzell","60 - 65 Jahre",316,172,144
"Marxzell","65 - 75 Jahre",613,305,308
"Marxzell","75 und mehr Jahre",689,261,428
"Marxzell","Insgesamt",5358,2669,2689
"Oberderdingen","unter 3 Jahre",264,128,136
"Oberderdingen","3 -  6 Jahre",317,165,152
"Oberderdingen","6 - 10 Jahre",447,238,209
"Oberderdingen","10 - 15 Jahre",645,338,307
"Oberderdingen","15 - 18 Jahre",411,232,179
"Oberderdingen","18 - 20 Jahre",275,146,129
"Oberderdingen","20 - 25 Jahre",612,303,309
"Oberderdingen","25 - 30 Jahre",605,300,305
"Oberderdingen","30 - 35 Jahre",612,295,317
"Oberderdingen","35 - 40 Jahre",663,339,324
"Oberderdingen","40 - 45 Jahre",921,437,484
"Oberderdingen","45 - 50 Jahre",911,478,433
"Oberderdingen","50 - 55 Jahre",777,402,375
"Oberderdingen","55 - 60 Jahre",650,325,325
"Oberderdingen","60 - 65 Jahre",513,241,272
"Oberderdingen","65 - 75 Jahre",962,458,504
"Oberderdingen","75 und mehr Jahre",889,327,562
"Oberderdingen","Insgesamt",10474,5152,5322
"Östringen, Stadt","unter 3 Jahre",300,161,139
"Östringen, Stadt","3 -  6 Jahre",337,192,145
"Östringen, Stadt","6 - 10 Jahre",517,269,248
"Östringen, Stadt","10 - 15 Jahre",750,359,391
"Östringen, Stadt","15 - 18 Jahre",433,221,212
"Östringen, Stadt","18 - 20 Jahre",326,179,147
"Östringen, Stadt","20 - 25 Jahre",799,417,382
"Östringen, Stadt","25 - 30 Jahre",750,387,363
"Östringen, Stadt","30 - 35 Jahre",664,331,333
"Östringen, Stadt","35 - 40 Jahre",815,417,398
"Östringen, Stadt","40 - 45 Jahre",1084,560,524
"Östringen, Stadt","45 - 50 Jahre",1187,601,586
"Östringen, Stadt","50 - 55 Jahre",1008,506,502
"Östringen, Stadt","55 - 60 Jahre",849,429,420
"Östringen, Stadt","60 - 65 Jahre",765,392,373
"Östringen, Stadt","65 - 75 Jahre",1231,594,637
"Östringen, Stadt","75 und mehr Jahre",1016,424,592
"Östringen, Stadt","Insgesamt",12831,6439,6392
"Philippsburg, Stadt","unter 3 Jahre",320,168,152
"Philippsburg, Stadt","3 -  6 Jahre",363,184,179
"Philippsburg, Stadt","6 - 10 Jahre",511,268,243
"Philippsburg, Stadt","10 - 15 Jahre",739,399,340
"Philippsburg, Stadt","15 - 18 Jahre",398,225,173
"Philippsburg, Stadt","18 - 20 Jahre",326,177,149
"Philippsburg, Stadt","20 - 25 Jahre",745,381,364
"Philippsburg, Stadt","25 - 30 Jahre",754,402,352
"Philippsburg, Stadt","30 - 35 Jahre",782,400,382
"Philippsburg, Stadt","35 - 40 Jahre",765,377,388
"Philippsburg, Stadt","40 - 45 Jahre",944,473,471
"Philippsburg, Stadt","45 - 50 Jahre",1020,531,489
"Philippsburg, Stadt","50 - 55 Jahre",923,470,453
"Philippsburg, Stadt","55 - 60 Jahre",879,424,455
"Philippsburg, Stadt","60 - 65 Jahre",737,396,341
"Philippsburg, Stadt","65 - 75 Jahre",1250,602,648
"Philippsburg, Stadt","75 und mehr Jahre",962,350,612
"Philippsburg, Stadt","Insgesamt",12418,6227,6191
"Sulzfeld","unter 3 Jahre",106,63,43
"Sulzfeld","3 -  6 Jahre",108,56,52
"Sulzfeld","6 - 10 Jahre",182,103,79
"Sulzfeld","10 - 15 Jahre",266,159,107
"Sulzfeld","15 - 18 Jahre",195,95,100
"Sulzfeld","18 - 20 Jahre",121,56,65
"Sulzfeld","20 - 25 Jahre",286,141,145
"Sulzfeld","25 - 30 Jahre",246,129,117
"Sulzfeld","30 - 35 Jahre",226,119,107
"Sulzfeld","35 - 40 Jahre",283,150,133
"Sulzfeld","40 - 45 Jahre",385,194,191
"Sulzfeld","45 - 50 Jahre",446,212,234
"Sulzfeld","50 - 55 Jahre",350,193,157
"Sulzfeld","55 - 60 Jahre",270,139,131
"Sulzfeld","60 - 65 Jahre",227,99,128
"Sulzfeld","65 - 75 Jahre",529,252,277
"Sulzfeld","75 und mehr Jahre",414,185,229
"Sulzfeld","Insgesamt",4640,2345,2295
"Ubstadt-Weiher","unter 3 Jahre",324,169,155
"Ubstadt-Weiher","3 -  6 Jahre",327,178,149
"Ubstadt-Weiher","6 - 10 Jahre",484,242,242
"Ubstadt-Weiher","10 - 15 Jahre",733,394,339
"Ubstadt-Weiher","15 - 18 Jahre",410,220,190
"Ubstadt-Weiher","18 - 20 Jahre",332,180,152
"Ubstadt-Weiher","20 - 25 Jahre",828,451,377
"Ubstadt-Weiher","25 - 30 Jahre",763,357,406
"Ubstadt-Weiher","30 - 35 Jahre",737,383,354
"Ubstadt-Weiher","35 - 40 Jahre",805,401,404
"Ubstadt-Weiher","40 - 45 Jahre",1056,530,526
"Ubstadt-Weiher","45 - 50 Jahre",1214,622,592
"Ubstadt-Weiher","50 - 55 Jahre",1068,520,548
"Ubstadt-Weiher","55 - 60 Jahre",846,433,413
"Ubstadt-Weiher","60 - 65 Jahre",662,339,323
"Ubstadt-Weiher","65 - 75 Jahre",1241,593,648
"Ubstadt-Weiher","75 und mehr Jahre",1084,422,662
"Ubstadt-Weiher","Insgesamt",12914,6434,6480
"Walzbachtal","unter 3 Jahre",224,120,104
"Walzbachtal","3 -  6 Jahre",216,102,114
"Walzbachtal","6 - 10 Jahre",351,186,165
"Walzbachtal","10 - 15 Jahre",517,248,269
"Walzbachtal","15 - 18 Jahre",359,185,174
"Walzbachtal","18 - 20 Jahre",222,101,121
"Walzbachtal","20 - 25 Jahre",486,246,240
"Walzbachtal","25 - 30 Jahre",505,241,264
"Walzbachtal","30 - 35 Jahre",481,244,237
"Walzbachtal","35 - 40 Jahre",524,266,258
"Walzbachtal","40 - 45 Jahre",802,361,441
"Walzbachtal","45 - 50 Jahre",829,419,410
"Walzbachtal","50 - 55 Jahre",754,367,387
"Walzbachtal","55 - 60 Jahre",619,321,298
"Walzbachtal","60 - 65 Jahre",507,236,271
"Walzbachtal","65 - 75 Jahre",936,462,474
"Walzbachtal","75 und mehr Jahre",809,311,498
"Walzbachtal","Insgesamt",9141,4416,4725
"Weingarten (Baden)","unter 3 Jahre",303,163,140
"Weingarten (Baden)","3 -  6 Jahre",302,166,136
"Weingarten (Baden)","6 - 10 Jahre",400,196,204
"Weingarten (Baden)","10 - 15 Jahre",547,286,261
"Weingarten (Baden)","15 - 18 Jahre",334,177,157
"Weingarten (Baden)","18 - 20 Jahre",188,94,94
"Weingarten (Baden)","20 - 25 Jahre",485,269,216
"Weingarten (Baden)","25 - 30 Jahre",508,261,247
"Weingarten (Baden)","30 - 35 Jahre",570,265,305
"Weingarten (Baden)","35 - 40 Jahre",660,319,341
"Weingarten (Baden)","40 - 45 Jahre",892,446,446
"Weingarten (Baden)","45 - 50 Jahre",929,478,451
"Weingarten (Baden)","50 - 55 Jahre",651,316,335
"Weingarten (Baden)","55 - 60 Jahre",624,310,314
"Weingarten (Baden)","60 - 65 Jahre",518,252,266
"Weingarten (Baden)","65 - 75 Jahre",1054,489,565
"Weingarten (Baden)","75 und mehr Jahre",984,363,621
"Weingarten (Baden)","Insgesamt",9949,4850,5099
"Zaisenhausen","unter 3 Jahre",45,24,21
"Zaisenhausen","3 -  6 Jahre",47,21,26
"Zaisenhausen","6 - 10 Jahre",63,37,26
"Zaisenhausen","10 - 15 Jahre",102,62,40
"Zaisenhausen","15 - 18 Jahre",61,35,26
"Zaisenhausen","18 - 20 Jahre",40,29,11
"Zaisenhausen","20 - 25 Jahre",120,61,59
"Zaisenhausen","25 - 30 Jahre",120,60,60
"Zaisenhausen","30 - 35 Jahre",74,41,33
"Zaisenhausen","35 - 40 Jahre",95,53,42
"Zaisenhausen","40 - 45 Jahre",147,80,67
"Zaisenhausen","45 - 50 Jahre",162,81,81
"Zaisenhausen","50 - 55 Jahre",135,69,66
"Zaisenhausen","55 - 60 Jahre",89,44,45
"Zaisenhausen","60 - 65 Jahre",86,46,40
"Zaisenhausen","65 - 75 Jahre",192,90,102
"Zaisenhausen","75 und mehr Jahre",133,44,89
"Zaisenhausen","Insgesamt",1711,877,834
"Karlsbad","unter 3 Jahre",381,182,199
"Karlsbad","3 -  6 Jahre",366,189,177
"Karlsbad","6 - 10 Jahre",557,286,271
"Karlsbad","10 - 15 Jahre",890,442,448
"Karlsbad","15 - 18 Jahre",551,287,264
"Karlsbad","18 - 20 Jahre",404,219,185
"Karlsbad","20 - 25 Jahre",887,481,406
"Karlsbad","25 - 30 Jahre",832,423,409
"Karlsbad","30 - 35 Jahre",855,398,457
"Karlsbad","35 - 40 Jahre",901,421,480
"Karlsbad","40 - 45 Jahre",1292,617,675
"Karlsbad","45 - 50 Jahre",1405,685,720
"Karlsbad","50 - 55 Jahre",1284,615,669
"Karlsbad","55 - 60 Jahre",1166,545,621
"Karlsbad","60 - 65 Jahre",970,518,452
"Karlsbad","65 - 75 Jahre",1699,837,862
"Karlsbad","75 und mehr Jahre",1368,543,825
"Karlsbad","Insgesamt",15808,7688,8120
"Kraichtal, Stadt","unter 3 Jahre",361,186,175
"Kraichtal, Stadt","3 -  6 Jahre",427,220,207
"Kraichtal, Stadt","6 - 10 Jahre",564,292,272
"Kraichtal, Stadt","10 - 15 Jahre",862,455,407
"Kraichtal, Stadt","15 - 18 Jahre",571,294,277
"Kraichtal, Stadt","18 - 20 Jahre",371,186,185
"Kraichtal, Stadt","20 - 25 Jahre",861,439,422
"Kraichtal, Stadt","25 - 30 Jahre",775,416,359
"Kraichtal, Stadt","30 - 35 Jahre",804,386,418
"Kraichtal, Stadt","35 - 40 Jahre",960,485,475
"Kraichtal, Stadt","40 - 45 Jahre",1226,636,590
"Kraichtal, Stadt","45 - 50 Jahre",1422,725,697
"Kraichtal, Stadt","50 - 55 Jahre",1172,597,575
"Kraichtal, Stadt","55 - 60 Jahre",943,484,459
"Kraichtal, Stadt","60 - 65 Jahre",826,400,426
"Kraichtal, Stadt","65 - 75 Jahre",1478,703,775
"Kraichtal, Stadt","75 und mehr Jahre",1216,470,746
"Kraichtal, Stadt","Insgesamt",14839,7374,7465
"Graben-Neudorf","unter 3 Jahre",288,152,136
"Graben-Neudorf","3 -  6 Jahre",293,158,135
"Graben-Neudorf","6 - 10 Jahre",434,210,224
"Graben-Neudorf","10 - 15 Jahre",606,320,286
"Graben-Neudorf","15 - 18 Jahre",414,210,204
"Graben-Neudorf","18 - 20 Jahre",297,157,140
"Graben-Neudorf","20 - 25 Jahre",740,396,344
"Graben-Neudorf","25 - 30 Jahre",700,364,336
"Graben-Neudorf","30 - 35 Jahre",618,323,295
"Graben-Neudorf","35 - 40 Jahre",616,302,314
"Graben-Neudorf","40 - 45 Jahre",943,469,474
"Graben-Neudorf","45 - 50 Jahre",1113,572,541
"Graben-Neudorf","50 - 55 Jahre",1033,512,521
"Graben-Neudorf","55 - 60 Jahre",819,429,390
"Graben-Neudorf","60 - 65 Jahre",635,331,304
"Graben-Neudorf","65 - 75 Jahre",1127,532,595
"Graben-Neudorf","75 und mehr Jahre",935,352,583
"Graben-Neudorf","Insgesamt",11611,5789,5822
"Bad Schönborn","unter 3 Jahre",317,157,160
"Bad Schönborn","3 -  6 Jahre",354,175,179
"Bad Schönborn","6 - 10 Jahre",514,272,242
"Bad Schönborn","10 - 15 Jahre",759,396,363
"Bad Schönborn","15 - 18 Jahre",444,229,215
"Bad Schönborn","18 - 20 Jahre",286,139,147
"Bad Schönborn","20 - 25 Jahre",733,358,375
"Bad Schönborn","25 - 30 Jahre",808,411,397
"Bad Schönborn","30 - 35 Jahre",760,354,406
"Bad Schönborn","35 - 40 Jahre",736,367,369
"Bad Schönborn","40 - 45 Jahre",986,513,473
"Bad Schönborn","45 - 50 Jahre",1064,558,506
"Bad Schönborn","50 - 55 Jahre",922,474,448
"Bad Schönborn","55 - 60 Jahre",786,390,396
"Bad Schönborn","60 - 65 Jahre",667,330,337
"Bad Schönborn","65 - 75 Jahre",1148,577,571
"Bad Schönborn","75 und mehr Jahre",1246,429,817
"Bad Schönborn","Insgesamt",12530,6129,6401
"Pfinztal","unter 3 Jahre",431,220,211
"Pfinztal","3 -  6 Jahre",449,224,225
"Pfinztal","6 - 10 Jahre",642,340,302
"Pfinztal","10 - 15 Jahre",976,510,466
"Pfinztal","15 - 18 Jahre",565,268,297
"Pfinztal","18 - 20 Jahre",439,226,213
"Pfinztal","20 - 25 Jahre",1046,534,512
"Pfinztal","25 - 30 Jahre",925,489,436
"Pfinztal","30 - 35 Jahre",894,436,458
"Pfinztal","35 - 40 Jahre",1012,508,504
"Pfinztal","40 - 45 Jahre",1463,728,735
"Pfinztal","45 - 50 Jahre",1595,792,803
"Pfinztal","50 - 55 Jahre",1389,690,699
"Pfinztal","55 - 60 Jahre",1250,645,605
"Pfinztal","60 - 65 Jahre",1078,518,560
"Pfinztal","65 - 75 Jahre",2041,967,1074
"Pfinztal","75 und mehr Jahre",1712,653,1059
"Pfinztal","Insgesamt",17907,8748,9159
"Eggenstein-Leopoldshafen","unter 3 Jahre",397,215,182
"Eggenstein-Leopoldshafen","3 -  6 Jahre",399,191,208
"Eggenstein-Leopoldshafen","6 - 10 Jahre",545,284,261
"Eggenstein-Leopoldshafen","10 - 15 Jahre",832,424,408
"Eggenstein-Leopoldshafen","15 - 18 Jahre",452,231,221
"Eggenstein-Leopoldshafen","18 - 20 Jahre",349,180,169
"Eggenstein-Leopoldshafen","20 - 25 Jahre",736,366,370
"Eggenstein-Leopoldshafen","25 - 30 Jahre",871,442,429
"Eggenstein-Leopoldshafen","30 - 35 Jahre",931,431,500
"Eggenstein-Leopoldshafen","35 - 40 Jahre",965,466,499
"Eggenstein-Leopoldshafen","40 - 45 Jahre",1357,698,659
"Eggenstein-Leopoldshafen","45 - 50 Jahre",1395,717,678
"Eggenstein-Leopoldshafen","50 - 55 Jahre",1238,612,626
"Eggenstein-Leopoldshafen","55 - 60 Jahre",1051,511,540
"Eggenstein-Leopoldshafen","60 - 65 Jahre",988,450,538
"Eggenstein-Leopoldshafen","65 - 75 Jahre",1930,911,1019
"Eggenstein-Leopoldshafen","75 und mehr Jahre",1384,592,792
"Eggenstein-Leopoldshafen","Insgesamt",15820,7721,8099
"Karlsdorf-Neuthard","unter 3 Jahre",276,144,132
"Karlsdorf-Neuthard","3 -  6 Jahre",255,123,132
"Karlsdorf-Neuthard","6 - 10 Jahre",371,192,179
"Karlsdorf-Neuthard","10 - 15 Jahre",545,272,273
"Karlsdorf-Neuthard","15 - 18 Jahre",381,192,189
"Karlsdorf-Neuthard","18 - 20 Jahre",234,121,113
"Karlsdorf-Neuthard","20 - 25 Jahre",529,276,253
"Karlsdorf-Neuthard","25 - 30 Jahre",555,293,262
"Karlsdorf-Neuthard","30 - 35 Jahre",594,292,302
"Karlsdorf-Neuthard","35 - 40 Jahre",671,334,337
"Karlsdorf-Neuthard","40 - 45 Jahre",923,487,436
"Karlsdorf-Neuthard","45 - 50 Jahre",878,466,412
"Karlsdorf-Neuthard","50 - 55 Jahre",794,407,387
"Karlsdorf-Neuthard","55 - 60 Jahre",629,313,316
"Karlsdorf-Neuthard","60 - 65 Jahre",565,282,283
"Karlsdorf-Neuthard","65 - 75 Jahre",1049,517,532
"Karlsdorf-Neuthard","75 und mehr Jahre",723,258,465
"Karlsdorf-Neuthard","Insgesamt",9972,4969,5003
"Linkenheim-Hochstetten","unter 3 Jahre",281,143,138
"Linkenheim-Hochstetten","3 -  6 Jahre",325,174,151
"Linkenheim-Hochstetten","6 - 10 Jahre",416,214,202
"Linkenheim-Hochstetten","10 - 15 Jahre",685,348,337
"Linkenheim-Hochstetten","15 - 18 Jahre",471,234,237
"Linkenheim-Hochstetten","18 - 20 Jahre",287,151,136
"Linkenheim-Hochstetten","20 - 25 Jahre",618,318,300
"Linkenheim-Hochstetten","25 - 30 Jahre",596,302,294
"Linkenheim-Hochstetten","30 - 35 Jahre",651,327,324
"Linkenheim-Hochstetten","35 - 40 Jahre",744,365,379
"Linkenheim-Hochstetten","40 - 45 Jahre",1095,542,553
"Linkenheim-Hochstetten","45 - 50 Jahre",1097,554,543
"Linkenheim-Hochstetten","50 - 55 Jahre",965,493,472
"Linkenheim-Hochstetten","55 - 60 Jahre",817,420,397
"Linkenheim-Hochstetten","60 - 65 Jahre",692,338,354
"Linkenheim-Hochstetten","65 - 75 Jahre",1208,576,632
"Linkenheim-Hochstetten","75 und mehr Jahre",996,396,600
"Linkenheim-Hochstetten","Insgesamt",11944,5895,6049
"Waghäusel, Stadt","unter 3 Jahre",570,296,274
"Waghäusel, Stadt","3 -  6 Jahre",529,290,239
"Waghäusel, Stadt","6 - 10 Jahre",753,387,366
"Waghäusel, Stadt","10 - 15 Jahre",1057,530,527
"Waghäusel, Stadt","15 - 18 Jahre",670,348,322
"Waghäusel, Stadt","18 - 20 Jahre",426,205,221
"Waghäusel, Stadt","20 - 25 Jahre",1233,628,605
"Waghäusel, Stadt","25 - 30 Jahre",1272,626,646
"Waghäusel, Stadt","30 - 35 Jahre",1244,632,612
"Waghäusel, Stadt","35 - 40 Jahre",1384,698,686
"Waghäusel, Stadt","40 - 45 Jahre",1755,884,871
"Waghäusel, Stadt","45 - 50 Jahre",1773,902,871
"Waghäusel, Stadt","50 - 55 Jahre",1581,776,805
"Waghäusel, Stadt","55 - 60 Jahre",1406,710,696
"Waghäusel, Stadt","60 - 65 Jahre",1170,570,600
"Waghäusel, Stadt","65 - 75 Jahre",2154,1056,1098
"Waghäusel, Stadt","75 und mehr Jahre",1643,630,1013
"Waghäusel, Stadt","Insgesamt",20620,10168,10452
"Oberhausen-Rheinhausen","unter 3 Jahre",221,107,114
"Oberhausen-Rheinhausen","3 -  6 Jahre",210,107,103
"Oberhausen-Rheinhausen","6 - 10 Jahre",269,141,128
"Oberhausen-Rheinhausen","10 - 15 Jahre",470,205,265
"Oberhausen-Rheinhausen","15 - 18 Jahre",313,139,174
"Oberhausen-Rheinhausen","18 - 20 Jahre",235,127,108
"Oberhausen-Rheinhausen","20 - 25 Jahre",574,313,261
"Oberhausen-Rheinhausen","25 - 30 Jahre",510,264,246
"Oberhausen-Rheinhausen","30 - 35 Jahre",499,237,262
"Oberhausen-Rheinhausen","35 - 40 Jahre",537,262,275
"Oberhausen-Rheinhausen","40 - 45 Jahre",743,374,369
"Oberhausen-Rheinhausen","45 - 50 Jahre",925,466,459
"Oberhausen-Rheinhausen","50 - 55 Jahre",870,465,405
"Oberhausen-Rheinhausen","55 - 60 Jahre",680,330,350
"Oberhausen-Rheinhausen","60 - 65 Jahre",607,302,305
"Oberhausen-Rheinhausen","65 - 75 Jahre",1000,495,505
"Oberhausen-Rheinhausen","75 und mehr Jahre",927,353,574
"Oberhausen-Rheinhausen","Insgesamt",9590,4687,4903
"Rheinstetten, Stadt","unter 3 Jahre",433,227,206
"Rheinstetten, Stadt","3 -  6 Jahre",487,257,230
"Rheinstetten, Stadt","6 - 10 Jahre",667,334,333
"Rheinstetten, Stadt","10 - 15 Jahre",1048,546,502
"Rheinstetten, Stadt","15 - 18 Jahre",678,342,336
"Rheinstetten, Stadt","18 - 20 Jahre",486,255,231
"Rheinstetten, Stadt","20 - 25 Jahre",1051,549,502
"Rheinstetten, Stadt","25 - 30 Jahre",1032,511,521
"Rheinstetten, Stadt","30 - 35 Jahre",1006,474,532
"Rheinstetten, Stadt","35 - 40 Jahre",1169,570,599
"Rheinstetten, Stadt","40 - 45 Jahre",1697,837,860
"Rheinstetten, Stadt","45 - 50 Jahre",1918,940,978
"Rheinstetten, Stadt","50 - 55 Jahre",1643,835,808
"Rheinstetten, Stadt","55 - 60 Jahre",1375,674,701
"Rheinstetten, Stadt","60 - 65 Jahre",1279,596,683
"Rheinstetten, Stadt","65 - 75 Jahre",2585,1196,1389
"Rheinstetten, Stadt","75 und mehr Jahre",1998,775,1223
"Rheinstetten, Stadt","Insgesamt",20552,9918,10634
"Stutensee, Stadt","unter 3 Jahre",584,279,305
"Stutensee, Stadt","3 -  6 Jahre",661,322,339
"Stutensee, Stadt","6 - 10 Jahre",916,487,429
"Stutensee, Stadt","10 - 15 Jahre",1337,672,665
"Stutensee, Stadt","15 - 18 Jahre",766,390,376
"Stutensee, Stadt","18 - 20 Jahre",534,292,242
"Stutensee, Stadt","20 - 25 Jahre",1267,673,594
"Stutensee, Stadt","25 - 30 Jahre",1237,633,604
"Stutensee, Stadt","30 - 35 Jahre",1277,606,671
"Stutensee, Stadt","35 - 40 Jahre",1409,715,694
"Stutensee, Stadt","40 - 45 Jahre",2019,1026,993
"Stutensee, Stadt","45 - 50 Jahre",2252,1152,1100
"Stutensee, Stadt","50 - 55 Jahre",1882,966,916
"Stutensee, Stadt","55 - 60 Jahre",1689,802,887
"Stutensee, Stadt","60 - 65 Jahre",1448,734,714
"Stutensee, Stadt","65 - 75 Jahre",2482,1219,1263
"Stutensee, Stadt","75 und mehr Jahre",1823,715,1108
"Stutensee, Stadt","Insgesamt",23583,11683,11900
"Waldbronn","unter 3 Jahre",282,146,136
"Waldbronn","3 -  6 Jahre",316,155,161
"Waldbronn","6 - 10 Jahre",442,234,208
"Waldbronn","10 - 15 Jahre",566,300,266
"Waldbronn","15 - 18 Jahre",350,187,163
"Waldbronn","18 - 20 Jahre",246,124,122
"Waldbronn","20 - 25 Jahre",566,326,240
"Waldbronn","25 - 30 Jahre",614,297,317
"Waldbronn","30 - 35 Jahre",620,316,304
"Waldbronn","35 - 40 Jahre",721,349,372
"Waldbronn","40 - 45 Jahre",957,474,483
"Waldbronn","45 - 50 Jahre",1092,561,531
"Waldbronn","50 - 55 Jahre",983,488,495
"Waldbronn","55 - 60 Jahre",828,408,420
"Waldbronn","60 - 65 Jahre",770,377,393
"Waldbronn","65 - 75 Jahre",1634,790,844
"Waldbronn","75 und mehr Jahre",1399,603,796
"Waldbronn","Insgesamt",12386,6135,6251
"Dettenheim","unter 3 Jahre",146,83,63
"Dettenheim","3 -  6 Jahre",126,62,64
"Dettenheim","6 - 10 Jahre",210,116,94
"Dettenheim","10 - 15 Jahre",360,199,161
"Dettenheim","15 - 18 Jahre",211,112,99
"Dettenheim","18 - 20 Jahre",148,73,75
"Dettenheim","20 - 25 Jahre",412,215,197
"Dettenheim","25 - 30 Jahre",289,155,134
"Dettenheim","30 - 35 Jahre",312,148,164
"Dettenheim","35 - 40 Jahre",373,186,187
"Dettenheim","40 - 45 Jahre",498,247,251
"Dettenheim","45 - 50 Jahre",637,310,327
"Dettenheim","50 - 55 Jahre",634,342,292
"Dettenheim","55 - 60 Jahre",505,252,253
"Dettenheim","60 - 65 Jahre",444,225,219
"Dettenheim","65 - 75 Jahre",668,333,335
"Dettenheim","75 und mehr Jahre",523,202,321
"Dettenheim","Insgesamt",6496,3260,3236
"Landkreis Rastatt","unter 3 Jahre",5240,2749,2491
"Landkreis Rastatt","3 -  6 Jahre",5621,2896,2725
"Landkreis Rastatt","6 - 10 Jahre",8410,4318,4092
"Landkreis Rastatt","10 - 15 Jahre",11980,6125,5855
"Landkreis Rastatt","15 - 18 Jahre",7691,3980,3711
"Landkreis Rastatt","18 - 20 Jahre",5264,2734,2530
"Landkreis Rastatt","20 - 25 Jahre",12640,6604,6036
"Landkreis Rastatt","25 - 30 Jahre",12500,6289,6211
"Landkreis Rastatt","30 - 35 Jahre",12121,5967,6154
"Landkreis Rastatt","35 - 40 Jahre",13461,6574,6887
"Landkreis Rastatt","40 - 45 Jahre",18445,9286,9159
"Landkreis Rastatt","45 - 50 Jahre",20445,10406,10039
"Landkreis Rastatt","50 - 55 Jahre",18263,9320,8943
"Landkreis Rastatt","55 - 60 Jahre",15773,7870,7903
"Landkreis Rastatt","60 - 65 Jahre",12767,6387,6380
"Landkreis Rastatt","65 - 75 Jahre",24770,11714,13056
"Landkreis Rastatt","75 und mehr Jahre",21398,8322,13076
"Landkreis Rastatt","Insgesamt",226789,111541,115248
"Au am Rhein","unter 3 Jahre",83,43,40
"Au am Rhein","3 -  6 Jahre",68,35,33
"Au am Rhein","6 - 10 Jahre",122,63,59
"Au am Rhein","10 - 15 Jahre",205,108,97
"Au am Rhein","15 - 18 Jahre",143,69,74
"Au am Rhein","18 - 20 Jahre",76,36,40
"Au am Rhein","20 - 25 Jahre",169,84,85
"Au am Rhein","25 - 30 Jahre",151,86,65
"Au am Rhein","30 - 35 Jahre",177,86,91
"Au am Rhein","35 - 40 Jahre",193,82,111
"Au am Rhein","40 - 45 Jahre",310,168,142
"Au am Rhein","45 - 50 Jahre",344,163,181
"Au am Rhein","50 - 55 Jahre",314,165,149
"Au am Rhein","55 - 60 Jahre",203,107,96
"Au am Rhein","60 - 65 Jahre",184,95,89
"Au am Rhein","65 - 75 Jahre",336,148,188
"Au am Rhein","75 und mehr Jahre",272,108,164
"Au am Rhein","Insgesamt",3350,1646,1704
"Bietigheim","unter 3 Jahre",143,80,63
"Bietigheim","3 -  6 Jahre",146,69,77
"Bietigheim","6 - 10 Jahre",197,106,91
"Bietigheim","10 - 15 Jahre",299,152,147
"Bietigheim","15 - 18 Jahre",187,88,99
"Bietigheim","18 - 20 Jahre",138,69,69
"Bietigheim","20 - 25 Jahre",343,177,166
"Bietigheim","25 - 30 Jahre",336,164,172
"Bietigheim","30 - 35 Jahre",308,152,156
"Bietigheim","35 - 40 Jahre",338,181,157
"Bietigheim","40 - 45 Jahre",539,269,270
"Bietigheim","45 - 50 Jahre",517,256,261
"Bietigheim","50 - 55 Jahre",502,241,261
"Bietigheim","55 - 60 Jahre",425,221,204
"Bietigheim","60 - 65 Jahre",355,177,178
"Bietigheim","65 - 75 Jahre",614,279,335
"Bietigheim","75 und mehr Jahre",589,205,384
"Bietigheim","Insgesamt",5976,2886,3090
"Bischweier","unter 3 Jahre",64,28,36
"Bischweier","3 -  6 Jahre",70,33,37
"Bischweier","6 - 10 Jahre",115,62,53
"Bischweier","10 - 15 Jahre",175,83,92
"Bischweier","15 - 18 Jahre",104,49,55
"Bischweier","18 - 20 Jahre",66,33,33
"Bischweier","20 - 25 Jahre",138,76,62
"Bischweier","25 - 30 Jahre",182,90,92
"Bischweier","30 - 35 Jahre",165,80,85
"Bischweier","35 - 40 Jahre",199,82,117
"Bischweier","40 - 45 Jahre",309,147,162
"Bischweier","45 - 50 Jahre",299,156,143
"Bischweier","50 - 55 Jahre",223,108,115
"Bischweier","55 - 60 Jahre",229,116,113
"Bischweier","60 - 65 Jahre",163,79,84
"Bischweier","65 - 75 Jahre",336,160,176
"Bischweier","75 und mehr Jahre",263,121,142
"Bischweier","Insgesamt",3100,1503,1597
"Bühl, Stadt","unter 3 Jahre",698,373,325
"Bühl, Stadt","3 -  6 Jahre",759,388,371
"Bühl, Stadt","6 - 10 Jahre",1138,569,569
"Bühl, Stadt","10 - 15 Jahre",1668,852,816
"Bühl, Stadt","15 - 18 Jahre",1074,554,520
"Bühl, Stadt","18 - 20 Jahre",684,362,322
"Bühl, Stadt","20 - 25 Jahre",1516,799,717
"Bühl, Stadt","25 - 30 Jahre",1575,811,764
"Bühl, Stadt","30 - 35 Jahre",1609,799,810
"Bühl, Stadt","35 - 40 Jahre",1892,904,988
"Bühl, Stadt","40 - 45 Jahre",2460,1234,1226
"Bühl, Stadt","45 - 50 Jahre",2709,1339,1370
"Bühl, Stadt","50 - 55 Jahre",2253,1132,1121
"Bühl, Stadt","55 - 60 Jahre",1977,952,1025
"Bühl, Stadt","60 - 65 Jahre",1625,813,812
"Bühl, Stadt","65 - 75 Jahre",3065,1474,1591
"Bühl, Stadt","75 und mehr Jahre",2750,1026,1724
"Bühl, Stadt","Insgesamt",29452,14381,15071
"Bühlertal","unter 3 Jahre",187,91,96
"Bühlertal","3 -  6 Jahre",197,100,97
"Bühlertal","6 - 10 Jahre",283,156,127
"Bühlertal","10 - 15 Jahre",374,189,185
"Bühlertal","15 - 18 Jahre",237,111,126
"Bühlertal","18 - 20 Jahre",159,87,72
"Bühlertal","20 - 25 Jahre",439,218,221
"Bühlertal","25 - 30 Jahre",447,240,207
"Bühlertal","30 - 35 Jahre",438,225,213
"Bühlertal","35 - 40 Jahre",452,224,228
"Bühlertal","40 - 45 Jahre",622,341,281
"Bühlertal","45 - 50 Jahre",746,373,373
"Bühlertal","50 - 55 Jahre",635,312,323
"Bühlertal","55 - 60 Jahre",568,302,266
"Bühlertal","60 - 65 Jahre",443,242,201
"Bühlertal","65 - 75 Jahre",920,441,479
"Bühlertal","75 und mehr Jahre",799,304,495
"Bühlertal","Insgesamt",7946,3956,3990
"Durmersheim","unter 3 Jahre",303,149,154
"Durmersheim","3 -  6 Jahre",312,166,146
"Durmersheim","6 - 10 Jahre",476,245,231
"Durmersheim","10 - 15 Jahre",648,347,301
"Durmersheim","15 - 18 Jahre",373,199,174
"Durmersheim","18 - 20 Jahre",239,128,111
"Durmersheim","20 - 25 Jahre",639,314,325
"Durmersheim","25 - 30 Jahre",664,325,339
"Durmersheim","30 - 35 Jahre",642,311,331
"Durmersheim","35 - 40 Jahre",858,422,436
"Durmersheim","40 - 45 Jahre",1062,531,531
"Durmersheim","45 - 50 Jahre",1151,577,574
"Durmersheim","50 - 55 Jahre",1008,510,498
"Durmersheim","55 - 60 Jahre",810,377,433
"Durmersheim","60 - 65 Jahre",734,381,353
"Durmersheim","65 - 75 Jahre",1258,605,653
"Durmersheim","75 und mehr Jahre",1012,434,578
"Durmersheim","Insgesamt",12189,6021,6168
"Elchesheim-Illingen","unter 3 Jahre",83,43,40
"Elchesheim-Illingen","3 -  6 Jahre",90,57,33
"Elchesheim-Illingen","6 - 10 Jahre",123,48,75
"Elchesheim-Illingen","10 - 15 Jahre",211,109,102
"Elchesheim-Illingen","15 - 18 Jahre",108,56,52
"Elchesheim-Illingen","18 - 20 Jahre",80,44,36
"Elchesheim-Illingen","20 - 25 Jahre",159,85,74
"Elchesheim-Illingen","25 - 30 Jahre",173,80,93
"Elchesheim-Illingen","30 - 35 Jahre",160,72,88
"Elchesheim-Illingen","35 - 40 Jahre",205,100,105
"Elchesheim-Illingen","40 - 45 Jahre",283,137,146
"Elchesheim-Illingen","45 - 50 Jahre",277,144,133
"Elchesheim-Illingen","50 - 55 Jahre",311,147,164
"Elchesheim-Illingen","55 - 60 Jahre",241,132,109
"Elchesheim-Illingen","60 - 65 Jahre",181,97,84
"Elchesheim-Illingen","65 - 75 Jahre",327,162,165
"Elchesheim-Illingen","75 und mehr Jahre",278,117,161
"Elchesheim-Illingen","Insgesamt",3290,1630,1660
"Forbach","unter 3 Jahre",82,44,38
"Forbach","3 -  6 Jahre",102,46,56
"Forbach","6 - 10 Jahre",172,91,81
"Forbach","10 - 15 Jahre",312,166,146
"Forbach","15 - 18 Jahre",182,92,90
"Forbach","18 - 20 Jahre",143,83,60
"Forbach","20 - 25 Jahre",265,151,114
"Forbach","25 - 30 Jahre",235,105,130
"Forbach","30 - 35 Jahre",230,128,102
"Forbach","35 - 40 Jahre",286,126,160
"Forbach","40 - 45 Jahre",440,214,226
"Forbach","45 - 50 Jahre",509,265,244
"Forbach","50 - 55 Jahre",422,230,192
"Forbach","55 - 60 Jahre",383,196,187
"Forbach","60 - 65 Jahre",278,136,142
"Forbach","65 - 75 Jahre",661,316,345
"Forbach","75 und mehr Jahre",589,223,366
"Forbach","Insgesamt",5291,2612,2679
"Gaggenau, Stadt","unter 3 Jahre",609,342,267
"Gaggenau, Stadt","3 -  6 Jahre",693,347,346
"Gaggenau, Stadt","6 - 10 Jahre",1057,533,524
"Gaggenau, Stadt","10 - 15 Jahre",1452,723,729
"Gaggenau, Stadt","15 - 18 Jahre",975,509,466
"Gaggenau, Stadt","18 - 20 Jahre",622,315,307
"Gaggenau, Stadt","20 - 25 Jahre",1473,748,725
"Gaggenau, Stadt","25 - 30 Jahre",1426,713,713
"Gaggenau, Stadt","30 - 35 Jahre",1522,754,768
"Gaggenau, Stadt","35 - 40 Jahre",1658,836,822
"Gaggenau, Stadt","40 - 45 Jahre",2287,1136,1151
"Gaggenau, Stadt","45 - 50 Jahre",2523,1274,1249
"Gaggenau, Stadt","50 - 55 Jahre",2149,1083,1066
"Gaggenau, Stadt","55 - 60 Jahre",1982,963,1019
"Gaggenau, Stadt","60 - 65 Jahre",1824,918,906
"Gaggenau, Stadt","65 - 75 Jahre",3671,1724,1947
"Gaggenau, Stadt","75 und mehr Jahre",3109,1188,1921
"Gaggenau, Stadt","Insgesamt",29032,14106,14926
"Gernsbach, Stadt","unter 3 Jahre",276,155,121
"Gernsbach, Stadt","3 -  6 Jahre",312,176,136
"Gernsbach, Stadt","6 - 10 Jahre",486,263,223
"Gernsbach, Stadt","10 - 15 Jahre",713,364,349
"Gernsbach, Stadt","15 - 18 Jahre",460,219,241
"Gernsbach, Stadt","18 - 20 Jahre",334,177,157
"Gernsbach, Stadt","20 - 25 Jahre",778,400,378
"Gernsbach, Stadt","25 - 30 Jahre",693,380,313
"Gernsbach, Stadt","30 - 35 Jahre",684,330,354
"Gernsbach, Stadt","35 - 40 Jahre",814,415,399
"Gernsbach, Stadt","40 - 45 Jahre",1163,543,620
"Gernsbach, Stadt","45 - 50 Jahre",1289,686,603
"Gernsbach, Stadt","50 - 55 Jahre",1166,586,580
"Gernsbach, Stadt","55 - 60 Jahre",1007,497,510
"Gernsbach, Stadt","60 - 65 Jahre",878,426,452
"Gernsbach, Stadt","65 - 75 Jahre",1758,843,915
"Gernsbach, Stadt","75 und mehr Jahre",1478,569,909
"Gernsbach, Stadt","Insgesamt",14289,7029,7260
"Hügelsheim","unter 3 Jahre",143,71,72
"Hügelsheim","3 -  6 Jahre",150,86,64
"Hügelsheim","6 - 10 Jahre",221,133,88
"Hügelsheim","10 - 15 Jahre",367,187,180
"Hügelsheim","15 - 18 Jahre",210,103,107
"Hügelsheim","18 - 20 Jahre",140,69,71
"Hügelsheim","20 - 25 Jahre",313,162,151
"Hügelsheim","25 - 30 Jahre",350,178,172
"Hügelsheim","30 - 35 Jahre",298,139,159
"Hügelsheim","35 - 40 Jahre",344,153,191
"Hügelsheim","40 - 45 Jahre",403,202,201
"Hügelsheim","45 - 50 Jahre",501,256,245
"Hügelsheim","50 - 55 Jahre",445,235,210
"Hügelsheim","55 - 60 Jahre",295,149,146
"Hügelsheim","60 - 65 Jahre",166,80,86
"Hügelsheim","65 - 75 Jahre",311,152,159
"Hügelsheim","75 und mehr Jahre",234,101,133
"Hügelsheim","Insgesamt",4891,2456,2435
"Iffezheim","unter 3 Jahre",99,49,50
"Iffezheim","3 -  6 Jahre",104,66,38
"Iffezheim","6 - 10 Jahre",173,82,91
"Iffezheim","10 - 15 Jahre",259,148,111
"Iffezheim","15 - 18 Jahre",188,91,97
"Iffezheim","18 - 20 Jahre",123,63,60
"Iffezheim","20 - 25 Jahre",314,154,160
"Iffezheim","25 - 30 Jahre",297,149,148
"Iffezheim","30 - 35 Jahre",257,127,130
"Iffezheim","35 - 40 Jahre",277,144,133
"Iffezheim","40 - 45 Jahre",409,200,209
"Iffezheim","45 - 50 Jahre",492,243,249
"Iffezheim","50 - 55 Jahre",425,224,201
"Iffezheim","55 - 60 Jahre",367,192,175
"Iffezheim","60 - 65 Jahre",237,122,115
"Iffezheim","65 - 75 Jahre",480,231,249
"Iffezheim","75 und mehr Jahre",396,156,240
"Iffezheim","Insgesamt",4897,2441,2456
"Kuppenheim, Stadt","unter 3 Jahre",190,95,95
"Kuppenheim, Stadt","3 -  6 Jahre",213,110,103
"Kuppenheim, Stadt","6 - 10 Jahre",257,125,132
"Kuppenheim, Stadt","10 - 15 Jahre",378,205,173
"Kuppenheim, Stadt","15 - 18 Jahre",253,134,119
"Kuppenheim, Stadt","18 - 20 Jahre",172,87,85
"Kuppenheim, Stadt","20 - 25 Jahre",418,227,191
"Kuppenheim, Stadt","25 - 30 Jahre",424,205,219
"Kuppenheim, Stadt","30 - 35 Jahre",425,225,200
"Kuppenheim, Stadt","35 - 40 Jahre",519,264,255
"Kuppenheim, Stadt","40 - 45 Jahre",642,334,308
"Kuppenheim, Stadt","45 - 50 Jahre",675,346,329
"Kuppenheim, Stadt","50 - 55 Jahre",575,275,300
"Kuppenheim, Stadt","55 - 60 Jahre",536,268,268
"Kuppenheim, Stadt","60 - 65 Jahre",478,235,243
"Kuppenheim, Stadt","65 - 75 Jahre",938,431,507
"Kuppenheim, Stadt","75 und mehr Jahre",746,298,448
"Kuppenheim, Stadt","Insgesamt",7839,3864,3975
"Lichtenau, Stadt","unter 3 Jahre",107,52,55
"Lichtenau, Stadt","3 -  6 Jahre",139,82,57
"Lichtenau, Stadt","6 - 10 Jahre",225,112,113
"Lichtenau, Stadt","10 - 15 Jahre",270,129,141
"Lichtenau, Stadt","15 - 18 Jahre",206,111,95
"Lichtenau, Stadt","18 - 20 Jahre",135,70,65
"Lichtenau, Stadt","20 - 25 Jahre",287,150,137
"Lichtenau, Stadt","25 - 30 Jahre",253,124,129
"Lichtenau, Stadt","30 - 35 Jahre",266,133,133
"Lichtenau, Stadt","35 - 40 Jahre",313,147,166
"Lichtenau, Stadt","40 - 45 Jahre",424,208,216
"Lichtenau, Stadt","45 - 50 Jahre",463,234,229
"Lichtenau, Stadt","50 - 55 Jahre",444,227,217
"Lichtenau, Stadt","55 - 60 Jahre",328,163,165
"Lichtenau, Stadt","60 - 65 Jahre",281,151,130
"Lichtenau, Stadt","65 - 75 Jahre",469,234,235
"Lichtenau, Stadt","75 und mehr Jahre",370,147,223
"Lichtenau, Stadt","Insgesamt",4980,2474,2506
"Loffenau","unter 3 Jahre",49,23,26
"Loffenau","3 -  6 Jahre",47,23,24
"Loffenau","6 - 10 Jahre",94,42,52
"Loffenau","10 - 15 Jahre",149,79,70
"Loffenau","15 - 18 Jahre",100,48,52
"Loffenau","18 - 20 Jahre",64,31,33
"Loffenau","20 - 25 Jahre",157,86,71
"Loffenau","25 - 30 Jahre",117,53,64
"Loffenau","30 - 35 Jahre",85,49,36
"Loffenau","35 - 40 Jahre",145,71,74
"Loffenau","40 - 45 Jahre",239,116,123
"Loffenau","45 - 50 Jahre",268,147,121
"Loffenau","50 - 55 Jahre",213,120,93
"Loffenau","55 - 60 Jahre",165,87,78
"Loffenau","60 - 65 Jahre",149,83,66
"Loffenau","65 - 75 Jahre",313,146,167
"Loffenau","75 und mehr Jahre",221,100,121
"Loffenau","Insgesamt",2575,1304,1271
"Muggensturm","unter 3 Jahre",136,71,65
"Muggensturm","3 -  6 Jahre",171,81,90
"Muggensturm","6 - 10 Jahre",232,125,107
"Muggensturm","10 - 15 Jahre",326,151,175
"Muggensturm","15 - 18 Jahre",187,93,94
"Muggensturm","18 - 20 Jahre",155,76,79
"Muggensturm","20 - 25 Jahre",344,175,169
"Muggensturm","25 - 30 Jahre",325,179,146
"Muggensturm","30 - 35 Jahre",325,149,176
"Muggensturm","35 - 40 Jahre",356,193,163
"Muggensturm","40 - 45 Jahre",509,259,250
"Muggensturm","45 - 50 Jahre",568,277,291
"Muggensturm","50 - 55 Jahre",541,263,278
"Muggensturm","55 - 60 Jahre",463,235,228
"Muggensturm","60 - 65 Jahre",355,182,173
"Muggensturm","65 - 75 Jahre",652,316,336
"Muggensturm","75 und mehr Jahre",494,194,300
"Muggensturm","Insgesamt",6139,3019,3120
"Ötigheim","unter 3 Jahre",113,61,52
"Ötigheim","3 -  6 Jahre",104,50,54
"Ötigheim","6 - 10 Jahre",158,87,71
"Ötigheim","10 - 15 Jahre",260,132,128
"Ötigheim","15 - 18 Jahre",161,94,67
"Ötigheim","18 - 20 Jahre",103,51,52
"Ötigheim","20 - 25 Jahre",247,131,116
"Ötigheim","25 - 30 Jahre",288,146,142
"Ötigheim","30 - 35 Jahre",220,106,114
"Ötigheim","35 - 40 Jahre",272,129,143
"Ötigheim","40 - 45 Jahre",394,193,201
"Ötigheim","45 - 50 Jahre",362,173,189
"Ötigheim","50 - 55 Jahre",364,192,172
"Ötigheim","55 - 60 Jahre",333,154,179
"Ötigheim","60 - 65 Jahre",295,149,146
"Ötigheim","65 - 75 Jahre",463,233,230
"Ötigheim","75 und mehr Jahre",356,152,204
"Ötigheim","Insgesamt",4493,2233,2260
"Ottersweier","unter 3 Jahre",116,50,66
"Ottersweier","3 -  6 Jahre",166,79,87
"Ottersweier","6 - 10 Jahre",238,132,106
"Ottersweier","10 - 15 Jahre",358,185,173
"Ottersweier","15 - 18 Jahre",219,109,110
"Ottersweier","18 - 20 Jahre",167,83,84
"Ottersweier","20 - 25 Jahre",362,204,158
"Ottersweier","25 - 30 Jahre",276,134,142
"Ottersweier","30 - 35 Jahre",297,149,148
"Ottersweier","35 - 40 Jahre",342,184,158
"Ottersweier","40 - 45 Jahre",529,259,270
"Ottersweier","45 - 50 Jahre",577,309,268
"Ottersweier","50 - 55 Jahre",520,265,255
"Ottersweier","55 - 60 Jahre",435,231,204
"Ottersweier","60 - 65 Jahre",360,174,186
"Ottersweier","65 - 75 Jahre",623,323,300
"Ottersweier","75 und mehr Jahre",550,210,340
"Ottersweier","Insgesamt",6135,3080,3055
"Rastatt, Stadt","unter 3 Jahre",1235,663,572
"Rastatt, Stadt","3 -  6 Jahre",1230,625,605
"Rastatt, Stadt","6 - 10 Jahre",1749,895,854
"Rastatt, Stadt","10 - 15 Jahre",2125,1089,1036
"Rastatt, Stadt","15 - 18 Jahre",1456,771,685
"Rastatt, Stadt","18 - 20 Jahre",1088,573,515
"Rastatt, Stadt","20 - 25 Jahre",2994,1589,1405
"Rastatt, Stadt","25 - 30 Jahre",3119,1522,1597
"Rastatt, Stadt","30 - 35 Jahre",2792,1373,1419
"Rastatt, Stadt","35 - 40 Jahre",2651,1295,1356
"Rastatt, Stadt","40 - 45 Jahre",3250,1729,1521
"Rastatt, Stadt","45 - 50 Jahre",3856,1976,1880
"Rastatt, Stadt","50 - 55 Jahre",3826,1995,1831
"Rastatt, Stadt","55 - 60 Jahre",3385,1689,1696
"Rastatt, Stadt","60 - 65 Jahre",2570,1226,1344
"Rastatt, Stadt","65 - 75 Jahre",5254,2378,2876
"Rastatt, Stadt","75 und mehr Jahre",4974,1910,3064
"Rastatt, Stadt","Insgesamt",47554,23298,24256
"Sinzheim","unter 3 Jahre",259,112,147
"Sinzheim","3 -  6 Jahre",268,132,136
"Sinzheim","6 - 10 Jahre",432,219,213
"Sinzheim","10 - 15 Jahre",652,339,313
"Sinzheim","15 - 18 Jahre",385,220,165
"Sinzheim","18 - 20 Jahre",263,137,126
"Sinzheim","20 - 25 Jahre",575,294,281
"Sinzheim","25 - 30 Jahre",558,285,273
"Sinzheim","30 - 35 Jahre",575,263,312
"Sinzheim","35 - 40 Jahre",630,268,362
"Sinzheim","40 - 45 Jahre",1068,517,551
"Sinzheim","45 - 50 Jahre",1116,570,546
"Sinzheim","50 - 55 Jahre",932,446,486
"Sinzheim","55 - 60 Jahre",787,416,371
"Sinzheim","60 - 65 Jahre",605,294,311
"Sinzheim","65 - 75 Jahre",1163,570,593
"Sinzheim","75 und mehr Jahre",954,365,589
"Sinzheim","Insgesamt",11222,5447,5775
"Steinmauern","unter 3 Jahre",52,32,20
"Steinmauern","3 -  6 Jahre",73,38,35
"Steinmauern","6 - 10 Jahre",96,54,42
"Steinmauern","10 - 15 Jahre",182,87,95
"Steinmauern","15 - 18 Jahre",140,85,55
"Steinmauern","18 - 20 Jahre",74,37,37
"Steinmauern","20 - 25 Jahre",173,84,89
"Steinmauern","25 - 30 Jahre",134,67,67
"Steinmauern","30 - 35 Jahre",170,93,77
"Steinmauern","35 - 40 Jahre",173,83,90
"Steinmauern","40 - 45 Jahre",265,123,142
"Steinmauern","45 - 50 Jahre",308,155,153
"Steinmauern","50 - 55 Jahre",252,137,115
"Steinmauern","55 - 60 Jahre",181,94,87
"Steinmauern","60 - 65 Jahre",151,81,70
"Steinmauern","65 - 75 Jahre",274,126,148
"Steinmauern","75 und mehr Jahre",244,91,153
"Steinmauern","Insgesamt",2942,1467,1475
"Weisenbach","unter 3 Jahre",43,20,23
"Weisenbach","3 -  6 Jahre",48,22,26
"Weisenbach","6 - 10 Jahre",93,42,51
"Weisenbach","10 - 15 Jahre",168,87,81
"Weisenbach","15 - 18 Jahre",91,45,46
"Weisenbach","18 - 20 Jahre",81,43,38
"Weisenbach","20 - 25 Jahre",154,89,65
"Weisenbach","25 - 30 Jahre",127,70,57
"Weisenbach","30 - 35 Jahre",110,57,53
"Weisenbach","35 - 40 Jahre",131,75,56
"Weisenbach","40 - 45 Jahre",214,95,119
"Weisenbach","45 - 50 Jahre",246,137,109
"Weisenbach","50 - 55 Jahre",224,132,92
"Weisenbach","55 - 60 Jahre",181,74,107
"Weisenbach","60 - 65 Jahre",134,86,48
"Weisenbach","65 - 75 Jahre",274,122,152
"Weisenbach","75 und mehr Jahre",242,106,136
"Weisenbach","Insgesamt",2561,1302,1259
"Rheinmünster","unter 3 Jahre",170,102,68
"Rheinmünster","3 -  6 Jahre",159,85,74
"Rheinmünster","6 - 10 Jahre",273,134,139
"Rheinmünster","10 - 15 Jahre",429,214,215
"Rheinmünster","15 - 18 Jahre",252,130,122
"Rheinmünster","18 - 20 Jahre",158,80,78
"Rheinmünster","20 - 25 Jahre",383,207,176
"Rheinmünster","25 - 30 Jahre",350,183,167
"Rheinmünster","30 - 35 Jahre",366,167,199
"Rheinmünster","35 - 40 Jahre",413,196,217
"Rheinmünster","40 - 45 Jahre",624,331,293
"Rheinmünster","45 - 50 Jahre",649,350,299
"Rheinmünster","50 - 55 Jahre",519,295,224
"Rheinmünster","55 - 60 Jahre",492,255,237
"Rheinmünster","60 - 65 Jahre",321,160,161
"Rheinmünster","65 - 75 Jahre",610,300,310
"Rheinmünster","75 und mehr Jahre",478,197,281
"Rheinmünster","Insgesamt",6646,3386,3260
"Stadtkreis Heidelberg","unter 3 Jahre",3759,1926,1833
"Stadtkreis Heidelberg","3 -  6 Jahre",3327,1675,1652
"Stadtkreis Heidelberg","6 - 10 Jahre",3959,2044,1915
"Stadtkreis Heidelberg","10 - 15 Jahre",5235,2657,2578
"Stadtkreis Heidelberg","15 - 18 Jahre",3203,1642,1561
"Stadtkreis Heidelberg","18 - 20 Jahre",2970,1433,1537
"Stadtkreis Heidelberg","20 - 25 Jahre",14101,5906,8195
"Stadtkreis Heidelberg","25 - 30 Jahre",14859,6729,8130
"Stadtkreis Heidelberg","30 - 35 Jahre",11843,5807,6036
"Stadtkreis Heidelberg","35 - 40 Jahre",9928,4918,5010
"Stadtkreis Heidelberg","40 - 45 Jahre",11790,5861,5929
"Stadtkreis Heidelberg","45 - 50 Jahre",12769,6416,6353
"Stadtkreis Heidelberg","50 - 55 Jahre",10058,5035,5023
"Stadtkreis Heidelberg","55 - 60 Jahre",8316,4075,4241
"Stadtkreis Heidelberg","60 - 65 Jahre",7067,3461,3606
"Stadtkreis Heidelberg","65 - 75 Jahre",12828,6036,6792
"Stadtkreis Heidelberg","75 und mehr Jahre",11300,4059,7241
"Stadtkreis Heidelberg","Insgesamt",147312,69680,77632
"Heidelberg, Stadt","unter 3 Jahre",3759,1926,1833
"Heidelberg, Stadt","3 -  6 Jahre",3327,1675,1652
"Heidelberg, Stadt","6 - 10 Jahre",3959,2044,1915
"Heidelberg, Stadt","10 - 15 Jahre",5235,2657,2578
"Heidelberg, Stadt","15 - 18 Jahre",3203,1642,1561
"Heidelberg, Stadt","18 - 20 Jahre",2970,1433,1537
"Heidelberg, Stadt","20 - 25 Jahre",14101,5906,8195
"Heidelberg, Stadt","25 - 30 Jahre",14859,6729,8130
"Heidelberg, Stadt","30 - 35 Jahre",11843,5807,6036
"Heidelberg, Stadt","35 - 40 Jahre",9928,4918,5010
"Heidelberg, Stadt","40 - 45 Jahre",11790,5861,5929
"Heidelberg, Stadt","45 - 50 Jahre",12769,6416,6353
"Heidelberg, Stadt","50 - 55 Jahre",10058,5035,5023
"Heidelberg, Stadt","55 - 60 Jahre",8316,4075,4241
"Heidelberg, Stadt","60 - 65 Jahre",7067,3461,3606
"Heidelberg, Stadt","65 - 75 Jahre",12828,6036,6792
"Heidelberg, Stadt","75 und mehr Jahre",11300,4059,7241
"Heidelberg, Stadt","Insgesamt",147312,69680,77632
"Stadtkreis Mannheim","unter 3 Jahre",8096,4047,4049
"Stadtkreis Mannheim","3 -  6 Jahre",7618,3927,3691
"Stadtkreis Mannheim","6 - 10 Jahre",9856,5017,4839
"Stadtkreis Mannheim","10 - 15 Jahre",13237,6662,6575
"Stadtkreis Mannheim","15 - 18 Jahre",8147,4236,3911
"Stadtkreis Mannheim","18 - 20 Jahre",6372,3190,3182
"Stadtkreis Mannheim","20 - 25 Jahre",21636,10767,10869
"Stadtkreis Mannheim","25 - 30 Jahre",23656,11862,11794
"Stadtkreis Mannheim","30 - 35 Jahre",21999,11383,10616
"Stadtkreis Mannheim","35 - 40 Jahre",20598,10636,9962
"Stadtkreis Mannheim","40 - 45 Jahre",25076,13158,11918
"Stadtkreis Mannheim","45 - 50 Jahre",27803,14572,13231
"Stadtkreis Mannheim","50 - 55 Jahre",22795,11931,10864
"Stadtkreis Mannheim","55 - 60 Jahre",19084,9651,9433
"Stadtkreis Mannheim","60 - 65 Jahre",17581,8628,8953
"Stadtkreis Mannheim","65 - 75 Jahre",32172,15618,16554
"Stadtkreis Mannheim","75 und mehr Jahre",27448,10417,17031
"Stadtkreis Mannheim","Insgesamt",313174,155702,157472
"Mannheim, Universitätsstadt","unter 3 Jahre",8096,4047,4049
"Mannheim, Universitätsstadt","3 -  6 Jahre",7618,3927,3691
"Mannheim, Universitätsstadt","6 - 10 Jahre",9856,5017,4839
"Mannheim, Universitätsstadt","10 - 15 Jahre",13237,6662,6575
"Mannheim, Universitätsstadt","15 - 18 Jahre",8147,4236,3911
"Mannheim, Universitätsstadt","18 - 20 Jahre",6372,3190,3182
"Mannheim, Universitätsstadt","20 - 25 Jahre",21636,10767,10869
"Mannheim, Universitätsstadt","25 - 30 Jahre",23656,11862,11794
"Mannheim, Universitätsstadt","30 - 35 Jahre",21999,11383,10616
"Mannheim, Universitätsstadt","35 - 40 Jahre",20598,10636,9962
"Mannheim, Universitätsstadt","40 - 45 Jahre",25076,13158,11918
"Mannheim, Universitätsstadt","45 - 50 Jahre",27803,14572,13231
"Mannheim, Universitätsstadt","50 - 55 Jahre",22795,11931,10864
"Mannheim, Universitätsstadt","55 - 60 Jahre",19084,9651,9433
"Mannheim, Universitätsstadt","60 - 65 Jahre",17581,8628,8953
"Mannheim, Universitätsstadt","65 - 75 Jahre",32172,15618,16554
"Mannheim, Universitätsstadt","75 und mehr Jahre",27448,10417,17031
"Mannheim, Universitätsstadt","Insgesamt",313174,155702,157472
"Landkreis Neckar-Odenwald-Kreis","unter 3 Jahre",3325,1706,1619
"Landkreis Neckar-Odenwald-Kreis","3 -  6 Jahre",3721,1885,1836
"Landkreis Neckar-Odenwald-Kreis","6 - 10 Jahre",5642,2920,2722
"Landkreis Neckar-Odenwald-Kreis","10 - 15 Jahre",8059,4239,3820
"Landkreis Neckar-Odenwald-Kreis","15 - 18 Jahre",5090,2641,2449
"Landkreis Neckar-Odenwald-Kreis","18 - 20 Jahre",3696,1921,1775
"Landkreis Neckar-Odenwald-Kreis","20 - 25 Jahre",8554,4540,4014
"Landkreis Neckar-Odenwald-Kreis","25 - 30 Jahre",7904,4112,3792
"Landkreis Neckar-Odenwald-Kreis","30 - 35 Jahre",7734,3948,3786
"Landkreis Neckar-Odenwald-Kreis","35 - 40 Jahre",8651,4262,4389
"Landkreis Neckar-Odenwald-Kreis","40 - 45 Jahre",12153,6475,5678
"Landkreis Neckar-Odenwald-Kreis","45 - 50 Jahre",13347,6937,6410
"Landkreis Neckar-Odenwald-Kreis","50 - 55 Jahre",11874,6048,5826
"Landkreis Neckar-Odenwald-Kreis","55 - 60 Jahre",9966,5048,4918
"Landkreis Neckar-Odenwald-Kreis","60 - 65 Jahre",8471,4274,4197
"Landkreis Neckar-Odenwald-Kreis","65 - 75 Jahre",15306,7425,7881
"Landkreis Neckar-Odenwald-Kreis","75 und mehr Jahre",13513,5147,8366
"Landkreis Neckar-Odenwald-Kreis","Insgesamt",147006,73528,73478
"Adelsheim, Stadt","unter 3 Jahre",106,55,51
"Adelsheim, Stadt","3 -  6 Jahre",132,74,58
"Adelsheim, Stadt","6 - 10 Jahre",218,113,105
"Adelsheim, Stadt","10 - 15 Jahre",262,144,118
"Adelsheim, Stadt","15 - 18 Jahre",149,78,71
"Adelsheim, Stadt","18 - 20 Jahre",134,65,69
"Adelsheim, Stadt","20 - 25 Jahre",249,142,107
"Adelsheim, Stadt","25 - 30 Jahre",255,130,125
"Adelsheim, Stadt","30 - 35 Jahre",242,121,121
"Adelsheim, Stadt","35 - 40 Jahre",336,167,169
"Adelsheim, Stadt","40 - 45 Jahre",736,514,222
"Adelsheim, Stadt","45 - 50 Jahre",462,244,218
"Adelsheim, Stadt","50 - 55 Jahre",388,220,168
"Adelsheim, Stadt","55 - 60 Jahre",315,156,159
"Adelsheim, Stadt","60 - 65 Jahre",267,137,130
"Adelsheim, Stadt","65 - 75 Jahre",554,280,274
"Adelsheim, Stadt","75 und mehr Jahre",502,186,316
"Adelsheim, Stadt","Insgesamt",5307,2826,2481
"Aglasterhausen","unter 3 Jahre",116,65,51
"Aglasterhausen","3 -  6 Jahre",118,48,70
"Aglasterhausen","6 - 10 Jahre",215,115,100
"Aglasterhausen","10 - 15 Jahre",296,135,161
"Aglasterhausen","15 - 18 Jahre",174,92,82
"Aglasterhausen","18 - 20 Jahre",113,71,42
"Aglasterhausen","20 - 25 Jahre",266,136,130
"Aglasterhausen","25 - 30 Jahre",250,124,126
"Aglasterhausen","30 - 35 Jahre",276,138,138
"Aglasterhausen","35 - 40 Jahre",299,137,162
"Aglasterhausen","40 - 45 Jahre",427,224,203
"Aglasterhausen","45 - 50 Jahre",413,217,196
"Aglasterhausen","50 - 55 Jahre",415,218,197
"Aglasterhausen","55 - 60 Jahre",317,146,171
"Aglasterhausen","60 - 65 Jahre",267,134,133
"Aglasterhausen","65 - 75 Jahre",446,212,234
"Aglasterhausen","75 und mehr Jahre",474,173,301
"Aglasterhausen","Insgesamt",4882,2385,2497
"Billigheim","unter 3 Jahre",127,65,62
"Billigheim","3 -  6 Jahre",160,91,69
"Billigheim","6 - 10 Jahre",246,124,122
"Billigheim","10 - 15 Jahre",377,216,161
"Billigheim","15 - 18 Jahre",200,106,94
"Billigheim","18 - 20 Jahre",137,66,71
"Billigheim","20 - 25 Jahre",321,174,147
"Billigheim","25 - 30 Jahre",290,136,154
"Billigheim","30 - 35 Jahre",313,166,147
"Billigheim","35 - 40 Jahre",379,191,188
"Billigheim","40 - 45 Jahre",484,241,243
"Billigheim","45 - 50 Jahre",532,275,257
"Billigheim","50 - 55 Jahre",493,269,224
"Billigheim","55 - 60 Jahre",360,190,170
"Billigheim","60 - 65 Jahre",310,155,155
"Billigheim","65 - 75 Jahre",586,294,292
"Billigheim","75 und mehr Jahre",427,166,261
"Billigheim","Insgesamt",5742,2925,2817
"Binau","unter 3 Jahre",26,11,15
"Binau","3 -  6 Jahre",34,19,15
"Binau","6 - 10 Jahre",43,18,25
"Binau","10 - 15 Jahre",72,49,23
"Binau","15 - 18 Jahre",33,18,15
"Binau","18 - 20 Jahre",30,17,13
"Binau","20 - 25 Jahre",63,41,22
"Binau","25 - 30 Jahre",69,31,38
"Binau","30 - 35 Jahre",69,37,32
"Binau","35 - 40 Jahre",94,48,46
"Binau","40 - 45 Jahre",131,64,67
"Binau","45 - 50 Jahre",119,62,57
"Binau","50 - 55 Jahre",114,56,58
"Binau","55 - 60 Jahre",108,56,52
"Binau","60 - 65 Jahre",102,52,50
"Binau","65 - 75 Jahre",166,84,82
"Binau","75 und mehr Jahre",105,57,48
"Binau","Insgesamt",1378,720,658
"Buchen (Odenwald), Stadt","unter 3 Jahre",446,224,222
"Buchen (Odenwald), Stadt","3 -  6 Jahre",492,228,264
"Buchen (Odenwald), Stadt","6 - 10 Jahre",707,352,355
"Buchen (Odenwald), Stadt","10 - 15 Jahre",1050,544,506
"Buchen (Odenwald), Stadt","15 - 18 Jahre",640,342,298
"Buchen (Odenwald), Stadt","18 - 20 Jahre",480,247,233
"Buchen (Odenwald), Stadt","20 - 25 Jahre",1074,594,480
"Buchen (Odenwald), Stadt","25 - 30 Jahre",1012,539,473
"Buchen (Odenwald), Stadt","30 - 35 Jahre",1003,485,518
"Buchen (Odenwald), Stadt","35 - 40 Jahre",1025,531,494
"Buchen (Odenwald), Stadt","40 - 45 Jahre",1368,741,627
"Buchen (Odenwald), Stadt","45 - 50 Jahre",1527,756,771
"Buchen (Odenwald), Stadt","50 - 55 Jahre",1455,722,733
"Buchen (Odenwald), Stadt","55 - 60 Jahre",1260,621,639
"Buchen (Odenwald), Stadt","60 - 65 Jahre",1104,563,541
"Buchen (Odenwald), Stadt","65 - 75 Jahre",1885,914,971
"Buchen (Odenwald), Stadt","75 und mehr Jahre",1748,666,1082
"Buchen (Odenwald), Stadt","Insgesamt",18276,9069,9207
"Fahrenbach","unter 3 Jahre",62,35,27
"Fahrenbach","3 -  6 Jahre",67,35,32
"Fahrenbach","6 - 10 Jahre",127,67,60
"Fahrenbach","10 - 15 Jahre",145,73,72
"Fahrenbach","15 - 18 Jahre",84,43,41
"Fahrenbach","18 - 20 Jahre",63,30,33
"Fahrenbach","20 - 25 Jahre",173,84,89
"Fahrenbach","25 - 30 Jahre",130,63,67
"Fahrenbach","30 - 35 Jahre",142,75,67
"Fahrenbach","35 - 40 Jahre",178,79,99
"Fahrenbach","40 - 45 Jahre",216,108,108
"Fahrenbach","45 - 50 Jahre",263,132,131
"Fahrenbach","50 - 55 Jahre",210,120,90
"Fahrenbach","55 - 60 Jahre",182,95,87
"Fahrenbach","60 - 65 Jahre",153,71,82
"Fahrenbach","65 - 75 Jahre",296,143,153
"Fahrenbach","75 und mehr Jahre",287,112,175
"Fahrenbach","Insgesamt",2778,1365,1413
"Hardheim","unter 3 Jahre",186,100,86
"Hardheim","3 -  6 Jahre",182,92,90
"Hardheim","6 - 10 Jahre",263,131,132
"Hardheim","10 - 15 Jahre",352,194,158
"Hardheim","15 - 18 Jahre",240,127,113
"Hardheim","18 - 20 Jahre",182,92,90
"Hardheim","20 - 25 Jahre",470,262,208
"Hardheim","25 - 30 Jahre",385,221,164
"Hardheim","30 - 35 Jahre",391,205,186
"Hardheim","35 - 40 Jahre",406,197,209
"Hardheim","40 - 45 Jahre",595,318,277
"Hardheim","45 - 50 Jahre",691,371,320
"Hardheim","50 - 55 Jahre",574,288,286
"Hardheim","55 - 60 Jahre",484,250,234
"Hardheim","60 - 65 Jahre",391,201,190
"Hardheim","65 - 75 Jahre",703,328,375
"Hardheim","75 und mehr Jahre",728,280,448
"Hardheim","Insgesamt",7223,3657,3566
"Haßmersheim","unter 3 Jahre",129,63,66
"Haßmersheim","3 -  6 Jahre",109,56,53
"Haßmersheim","6 - 10 Jahre",196,100,96
"Haßmersheim","10 - 15 Jahre",318,159,159
"Haßmersheim","15 - 18 Jahre",190,93,97
"Haßmersheim","18 - 20 Jahre",126,65,61
"Haßmersheim","20 - 25 Jahre",290,155,135
"Haßmersheim","25 - 30 Jahre",276,144,132
"Haßmersheim","30 - 35 Jahre",274,143,131
"Haßmersheim","35 - 40 Jahre",295,134,161
"Haßmersheim","40 - 45 Jahre",424,214,210
"Haßmersheim","45 - 50 Jahre",419,221,198
"Haßmersheim","50 - 55 Jahre",395,196,199
"Haßmersheim","55 - 60 Jahre",294,157,137
"Haßmersheim","60 - 65 Jahre",244,118,126
"Haßmersheim","65 - 75 Jahre",524,260,264
"Haßmersheim","75 und mehr Jahre",405,160,245
"Haßmersheim","Insgesamt",4908,2438,2470
"Höpfingen","unter 3 Jahre",75,46,29
"Höpfingen","3 -  6 Jahre",71,34,37
"Höpfingen","6 - 10 Jahre",116,57,59
"Höpfingen","10 - 15 Jahre",179,96,83
"Höpfingen","15 - 18 Jahre",130,63,67
"Höpfingen","18 - 20 Jahre",83,46,37
"Höpfingen","20 - 25 Jahre",206,105,101
"Höpfingen","25 - 30 Jahre",173,91,82
"Höpfingen","30 - 35 Jahre",145,75,70
"Höpfingen","35 - 40 Jahre",178,87,91
"Höpfingen","40 - 45 Jahre",247,124,123
"Höpfingen","45 - 50 Jahre",293,149,144
"Höpfingen","50 - 55 Jahre",292,150,142
"Höpfingen","55 - 60 Jahre",201,106,95
"Höpfingen","60 - 65 Jahre",179,88,91
"Höpfingen","65 - 75 Jahre",306,142,164
"Höpfingen","75 und mehr Jahre",278,103,175
"Höpfingen","Insgesamt",3152,1562,1590
"Hüffenhardt","unter 3 Jahre",41,28,13
"Hüffenhardt","3 -  6 Jahre",50,26,24
"Hüffenhardt","6 - 10 Jahre",74,44,30
"Hüffenhardt","10 - 15 Jahre",99,55,44
"Hüffenhardt","15 - 18 Jahre",64,38,26
"Hüffenhardt","18 - 20 Jahre",46,22,24
"Hüffenhardt","20 - 25 Jahre",126,62,64
"Hüffenhardt","25 - 30 Jahre",95,41,54
"Hüffenhardt","30 - 35 Jahre",112,58,54
"Hüffenhardt","35 - 40 Jahre",109,49,60
"Hüffenhardt","40 - 45 Jahre",153,71,82
"Hüffenhardt","45 - 50 Jahre",193,109,84
"Hüffenhardt","50 - 55 Jahre",170,91,79
"Hüffenhardt","55 - 60 Jahre",144,62,82
"Hüffenhardt","60 - 65 Jahre",95,52,43
"Hüffenhardt","65 - 75 Jahre",198,91,107
"Hüffenhardt","75 und mehr Jahre",273,94,179
"Hüffenhardt","Insgesamt",2042,993,1049
"Limbach","unter 3 Jahre",99,46,53
"Limbach","3 -  6 Jahre",112,51,61
"Limbach","6 - 10 Jahre",150,65,85
"Limbach","10 - 15 Jahre",241,135,106
"Limbach","15 - 18 Jahre",164,85,79
"Limbach","18 - 20 Jahre",115,59,56
"Limbach","20 - 25 Jahre",269,142,127
"Limbach","25 - 30 Jahre",226,106,120
"Limbach","30 - 35 Jahre",220,107,113
"Limbach","35 - 40 Jahre",233,133,100
"Limbach","40 - 45 Jahre",354,193,161
"Limbach","45 - 50 Jahre",442,216,226
"Limbach","50 - 55 Jahre",387,192,195
"Limbach","55 - 60 Jahre",337,186,151
"Limbach","60 - 65 Jahre",239,134,105
"Limbach","65 - 75 Jahre",449,226,223
"Limbach","75 und mehr Jahre",464,173,291
"Limbach","Insgesamt",4501,2249,2252
"Mosbach, Stadt","unter 3 Jahre",538,277,261
"Mosbach, Stadt","3 -  6 Jahre",584,282,302
"Mosbach, Stadt","6 - 10 Jahre",846,446,400
"Mosbach, Stadt","10 - 15 Jahre",1234,650,584
"Mosbach, Stadt","15 - 18 Jahre",795,414,381
"Mosbach, Stadt","18 - 20 Jahre",604,330,274
"Mosbach, Stadt","20 - 25 Jahre",1521,767,754
"Mosbach, Stadt","25 - 30 Jahre",1421,739,682
"Mosbach, Stadt","30 - 35 Jahre",1381,707,674
"Mosbach, Stadt","35 - 40 Jahre",1435,699,736
"Mosbach, Stadt","40 - 45 Jahre",1906,1014,892
"Mosbach, Stadt","45 - 50 Jahre",2113,1096,1017
"Mosbach, Stadt","50 - 55 Jahre",1866,908,958
"Mosbach, Stadt","55 - 60 Jahre",1722,841,881
"Mosbach, Stadt","60 - 65 Jahre",1559,745,814
"Mosbach, Stadt","65 - 75 Jahre",2711,1303,1408
"Mosbach, Stadt","75 und mehr Jahre",2254,850,1404
"Mosbach, Stadt","Insgesamt",24490,12068,12422
"Mudau","unter 3 Jahre",96,46,50
"Mudau","3 -  6 Jahre",119,73,46
"Mudau","6 - 10 Jahre",189,86,103
"Mudau","10 - 15 Jahre",269,150,119
"Mudau","15 - 18 Jahre",180,82,98
"Mudau","18 - 20 Jahre",136,68,68
"Mudau","20 - 25 Jahre",305,163,142
"Mudau","25 - 30 Jahre",262,162,100
"Mudau","30 - 35 Jahre",227,108,119
"Mudau","35 - 40 Jahre",284,142,142
"Mudau","40 - 45 Jahre",408,207,201
"Mudau","45 - 50 Jahre",492,262,230
"Mudau","50 - 55 Jahre",457,237,220
"Mudau","55 - 60 Jahre",374,215,159
"Mudau","60 - 65 Jahre",252,144,108
"Mudau","65 - 75 Jahre",459,218,241
"Mudau","75 und mehr Jahre",434,151,283
"Mudau","Insgesamt",4943,2514,2429
"Neckargerach","unter 3 Jahre",49,20,29
"Neckargerach","3 -  6 Jahre",56,26,30
"Neckargerach","6 - 10 Jahre",86,45,41
"Neckargerach","10 - 15 Jahre",138,66,72
"Neckargerach","15 - 18 Jahre",87,46,41
"Neckargerach","18 - 20 Jahre",73,34,39
"Neckargerach","20 - 25 Jahre",148,76,72
"Neckargerach","25 - 30 Jahre",119,53,66
"Neckargerach","30 - 35 Jahre",111,56,55
"Neckargerach","35 - 40 Jahre",125,63,62
"Neckargerach","40 - 45 Jahre",180,97,83
"Neckargerach","45 - 50 Jahre",211,105,106
"Neckargerach","50 - 55 Jahre",184,105,79
"Neckargerach","55 - 60 Jahre",166,75,91
"Neckargerach","60 - 65 Jahre",125,59,66
"Neckargerach","65 - 75 Jahre",276,141,135
"Neckargerach","75 und mehr Jahre",196,67,129
"Neckargerach","Insgesamt",2330,1134,1196
"Neckarzimmern","unter 3 Jahre",53,27,26
"Neckarzimmern","3 -  6 Jahre",47,28,19
"Neckarzimmern","6 - 10 Jahre",59,36,23
"Neckarzimmern","10 - 15 Jahre",96,55,41
"Neckarzimmern","15 - 18 Jahre",56,29,27
"Neckarzimmern","18 - 20 Jahre",38,25,13
"Neckarzimmern","20 - 25 Jahre",91,41,50
"Neckarzimmern","25 - 30 Jahre",92,43,49
"Neckarzimmern","30 - 35 Jahre",84,31,53
"Neckarzimmern","35 - 40 Jahre",95,41,54
"Neckarzimmern","40 - 45 Jahre",144,74,70
"Neckarzimmern","45 - 50 Jahre",124,59,65
"Neckarzimmern","50 - 55 Jahre",123,59,64
"Neckarzimmern","55 - 60 Jahre",101,49,52
"Neckarzimmern","60 - 65 Jahre",103,43,60
"Neckarzimmern","65 - 75 Jahre",139,75,64
"Neckarzimmern","75 und mehr Jahre",86,35,51
"Neckarzimmern","Insgesamt",1531,750,781
"Neunkirchen","unter 3 Jahre",49,19,30
"Neunkirchen","3 -  6 Jahre",40,19,21
"Neunkirchen","6 - 10 Jahre",69,30,39
"Neunkirchen","10 - 15 Jahre",116,61,55
"Neunkirchen","15 - 18 Jahre",77,39,38
"Neunkirchen","18 - 20 Jahre",52,24,28
"Neunkirchen","20 - 25 Jahre",99,43,56
"Neunkirchen","25 - 30 Jahre",89,49,40
"Neunkirchen","30 - 35 Jahre",90,43,47
"Neunkirchen","35 - 40 Jahre",99,57,42
"Neunkirchen","40 - 45 Jahre",129,67,62
"Neunkirchen","45 - 50 Jahre",206,105,101
"Neunkirchen","50 - 55 Jahre",161,86,75
"Neunkirchen","55 - 60 Jahre",121,65,56
"Neunkirchen","60 - 65 Jahre",91,47,44
"Neunkirchen","65 - 75 Jahre",175,80,95
"Neunkirchen","75 und mehr Jahre",179,58,121
"Neunkirchen","Insgesamt",1842,892,950
"Obrigheim","unter 3 Jahre",137,72,65
"Obrigheim","3 -  6 Jahre",136,70,66
"Obrigheim","6 - 10 Jahre",207,106,101
"Obrigheim","10 - 15 Jahre",269,141,128
"Obrigheim","15 - 18 Jahre",174,81,93
"Obrigheim","18 - 20 Jahre",133,54,79
"Obrigheim","20 - 25 Jahre",297,121,176
"Obrigheim","25 - 30 Jahre",257,113,144
"Obrigheim","30 - 35 Jahre",265,129,136
"Obrigheim","35 - 40 Jahre",328,168,160
"Obrigheim","40 - 45 Jahre",430,234,196
"Obrigheim","45 - 50 Jahre",435,233,202
"Obrigheim","50 - 55 Jahre",396,201,195
"Obrigheim","55 - 60 Jahre",345,175,170
"Obrigheim","60 - 65 Jahre",317,150,167
"Obrigheim","65 - 75 Jahre",631,308,323
"Obrigheim","75 und mehr Jahre",464,192,272
"Obrigheim","Insgesamt",5221,2548,2673
"Osterburken, Stadt","unter 3 Jahre",156,84,72
"Osterburken, Stadt","3 -  6 Jahre",208,120,88
"Osterburken, Stadt","6 - 10 Jahre",262,140,122
"Osterburken, Stadt","10 - 15 Jahre",331,177,154
"Osterburken, Stadt","15 - 18 Jahre",195,108,87
"Osterburken, Stadt","18 - 20 Jahre",153,78,75
"Osterburken, Stadt","20 - 25 Jahre",349,194,155
"Osterburken, Stadt","25 - 30 Jahre",350,186,164
"Osterburken, Stadt","30 - 35 Jahre",405,203,202
"Osterburken, Stadt","35 - 40 Jahre",428,219,209
"Osterburken, Stadt","40 - 45 Jahre",486,246,240
"Osterburken, Stadt","45 - 50 Jahre",547,283,264
"Osterburken, Stadt","50 - 55 Jahre",474,262,212
"Osterburken, Stadt","55 - 60 Jahre",439,227,212
"Osterburken, Stadt","60 - 65 Jahre",357,179,178
"Osterburken, Stadt","65 - 75 Jahre",631,302,329
"Osterburken, Stadt","75 und mehr Jahre",717,268,449
"Osterburken, Stadt","Insgesamt",6488,3276,3212
"Rosenberg","unter 3 Jahre",42,21,21
"Rosenberg","3 -  6 Jahre",54,29,25
"Rosenberg","6 - 10 Jahre",105,52,53
"Rosenberg","10 - 15 Jahre",115,47,68
"Rosenberg","15 - 18 Jahre",72,29,43
"Rosenberg","18 - 20 Jahre",54,33,21
"Rosenberg","20 - 25 Jahre",109,60,49
"Rosenberg","25 - 30 Jahre",87,49,38
"Rosenberg","30 - 35 Jahre",96,58,38
"Rosenberg","35 - 40 Jahre",140,69,71
"Rosenberg","40 - 45 Jahre",179,98,81
"Rosenberg","45 - 50 Jahre",199,109,90
"Rosenberg","50 - 55 Jahre",157,77,80
"Rosenberg","55 - 60 Jahre",152,65,87
"Rosenberg","60 - 65 Jahre",143,73,70
"Rosenberg","65 - 75 Jahre",240,119,121
"Rosenberg","75 und mehr Jahre",222,93,129
"Rosenberg","Insgesamt",2166,1081,1085
"Seckach","unter 3 Jahre",104,49,55
"Seckach","3 -  6 Jahre",126,61,65
"Seckach","6 - 10 Jahre",209,122,87
"Seckach","10 - 15 Jahre",317,163,154
"Seckach","15 - 18 Jahre",166,88,78
"Seckach","18 - 20 Jahre",111,56,55
"Seckach","20 - 25 Jahre",233,141,92
"Seckach","25 - 30 Jahre",273,139,134
"Seckach","30 - 35 Jahre",243,139,104
"Seckach","35 - 40 Jahre",223,103,120
"Seckach","40 - 45 Jahre",334,168,166
"Seckach","45 - 50 Jahre",396,210,186
"Seckach","50 - 55 Jahre",350,181,169
"Seckach","55 - 60 Jahre",300,141,159
"Seckach","60 - 65 Jahre",231,118,113
"Seckach","65 - 75 Jahre",390,184,206
"Seckach","75 und mehr Jahre",325,121,204
"Seckach","Insgesamt",4331,2184,2147
"Walldürn, Stadt","unter 3 Jahre",242,131,111
"Walldürn, Stadt","3 -  6 Jahre",288,150,138
"Walldürn, Stadt","6 - 10 Jahre",460,244,216
"Walldürn, Stadt","10 - 15 Jahre",626,330,296
"Walldürn, Stadt","15 - 18 Jahre",421,220,201
"Walldürn, Stadt","18 - 20 Jahre",318,171,147
"Walldürn, Stadt","20 - 25 Jahre",655,353,302
"Walldürn, Stadt","25 - 30 Jahre",665,344,321
"Walldürn, Stadt","30 - 35 Jahre",619,320,299
"Walldürn, Stadt","35 - 40 Jahre",640,303,337
"Walldürn, Stadt","40 - 45 Jahre",957,499,458
"Walldürn, Stadt","45 - 50 Jahre",1066,561,505
"Walldürn, Stadt","50 - 55 Jahre",946,467,479
"Walldürn, Stadt","55 - 60 Jahre",770,396,374
"Walldürn, Stadt","60 - 65 Jahre",657,336,321
"Walldürn, Stadt","65 - 75 Jahre",1351,662,689
"Walldürn, Stadt","75 und mehr Jahre",1021,364,657
"Walldürn, Stadt","Insgesamt",11702,5851,5851
"Zwingenberg","unter 3 Jahre",16,8,8
"Zwingenberg","3 -  6 Jahre",18,9,9
"Zwingenberg","6 - 10 Jahre",27,18,9
"Zwingenberg","10 - 15 Jahre",32,17,15
"Zwingenberg","15 - 18 Jahre",20,10,10
"Zwingenberg","18 - 20 Jahre",19,6,13
"Zwingenberg","20 - 25 Jahre",36,15,21
"Zwingenberg","25 - 30 Jahre",39,21,18
"Zwingenberg","30 - 35 Jahre",29,12,17
"Zwingenberg","35 - 40 Jahre",37,19,18
"Zwingenberg","40 - 45 Jahre",43,31,12
"Zwingenberg","45 - 50 Jahre",50,22,28
"Zwingenberg","50 - 55 Jahre",73,34,39
"Zwingenberg","55 - 60 Jahre",45,19,26
"Zwingenberg","60 - 65 Jahre",45,26,19
"Zwingenberg","65 - 75 Jahre",68,32,36
"Zwingenberg","75 und mehr Jahre",82,34,48
"Zwingenberg","Insgesamt",679,333,346
"Ravenstein, Stadt","unter 3 Jahre",63,29,34
"Ravenstein, Stadt","3 -  6 Jahre",75,39,36
"Ravenstein, Stadt","6 - 10 Jahre",124,63,61
"Ravenstein, Stadt","10 - 15 Jahre",169,94,75
"Ravenstein, Stadt","15 - 18 Jahre",113,59,54
"Ravenstein, Stadt","18 - 20 Jahre",63,39,24
"Ravenstein, Stadt","20 - 25 Jahre",176,101,75
"Ravenstein, Stadt","25 - 30 Jahre",168,85,83
"Ravenstein, Stadt","30 - 35 Jahre",150,83,67
"Ravenstein, Stadt","35 - 40 Jahre",186,87,99
"Ravenstein, Stadt","40 - 45 Jahre",265,142,123
"Ravenstein, Stadt","45 - 50 Jahre",288,156,132
"Ravenstein, Stadt","50 - 55 Jahre",239,114,125
"Ravenstein, Stadt","55 - 60 Jahre",184,106,78
"Ravenstein, Stadt","60 - 65 Jahre",140,73,67
"Ravenstein, Stadt","65 - 75 Jahre",280,135,145
"Ravenstein, Stadt","75 und mehr Jahre",277,117,160
"Ravenstein, Stadt","Insgesamt",2960,1522,1438
"Schefflenz","unter 3 Jahre",90,46,44
"Schefflenz","3 -  6 Jahre",102,55,47
"Schefflenz","6 - 10 Jahre",160,99,61
"Schefflenz","10 - 15 Jahre",231,115,116
"Schefflenz","15 - 18 Jahre",132,72,60
"Schefflenz","18 - 20 Jahre",111,52,59
"Schefflenz","20 - 25 Jahre",259,130,129
"Schefflenz","25 - 30 Jahre",231,123,108
"Schefflenz","30 - 35 Jahre",177,90,87
"Schefflenz","35 - 40 Jahre",250,130,120
"Schefflenz","40 - 45 Jahre",322,153,169
"Schefflenz","45 - 50 Jahre",372,180,192
"Schefflenz","50 - 55 Jahre",344,183,161
"Schefflenz","55 - 60 Jahre",299,150,149
"Schefflenz","60 - 65 Jahre",276,144,132
"Schefflenz","65 - 75 Jahre",412,200,212
"Schefflenz","75 und mehr Jahre",376,134,242
"Schefflenz","Insgesamt",4144,2056,2088
"Schwarzach","unter 3 Jahre",63,35,28
"Schwarzach","3 -  6 Jahre",62,33,29
"Schwarzach","6 - 10 Jahre",81,43,38
"Schwarzach","10 - 15 Jahre",101,54,47
"Schwarzach","15 - 18 Jahre",114,67,47
"Schwarzach","18 - 20 Jahre",65,42,23
"Schwarzach","20 - 25 Jahre",170,96,74
"Schwarzach","25 - 30 Jahre",175,93,82
"Schwarzach","30 - 35 Jahre",169,102,67
"Schwarzach","35 - 40 Jahre",212,117,95
"Schwarzach","40 - 45 Jahre",359,195,164
"Schwarzach","45 - 50 Jahre",469,269,200
"Schwarzach","50 - 55 Jahre",298,164,134
"Schwarzach","55 - 60 Jahre",228,119,109
"Schwarzach","60 - 65 Jahre",179,105,74
"Schwarzach","65 - 75 Jahre",258,125,133
"Schwarzach","75 und mehr Jahre",195,68,127
"Schwarzach","Insgesamt",3198,1727,1471
"Elztal","unter 3 Jahre",127,61,66
"Elztal","3 -  6 Jahre",167,84,83
"Elztal","6 - 10 Jahre",230,115,115
"Elztal","10 - 15 Jahre",347,171,176
"Elztal","15 - 18 Jahre",234,121,113
"Elztal","18 - 20 Jahre",149,81,68
"Elztal","20 - 25 Jahre",348,207,141
"Elztal","25 - 30 Jahre",316,175,141
"Elztal","30 - 35 Jahre",324,159,165
"Elztal","35 - 40 Jahre",364,165,199
"Elztal","40 - 45 Jahre",453,234,219
"Elztal","45 - 50 Jahre",559,289,270
"Elztal","50 - 55 Jahre",516,263,253
"Elztal","55 - 60 Jahre",377,194,183
"Elztal","60 - 65 Jahre",361,177,184
"Elztal","65 - 75 Jahre",614,302,312
"Elztal","75 und mehr Jahre",483,230,253
"Elztal","Insgesamt",5969,3028,2941
"Waldbrunn","unter 3 Jahre",87,43,44
"Waldbrunn","3 -  6 Jahre",112,53,59
"Waldbrunn","6 - 10 Jahre",173,89,84
"Waldbrunn","10 - 15 Jahre",277,148,129
"Waldbrunn","15 - 18 Jahre",186,91,95
"Waldbrunn","18 - 20 Jahre",108,48,60
"Waldbrunn","20 - 25 Jahre",251,135,116
"Waldbrunn","25 - 30 Jahre",199,112,87
"Waldbrunn","30 - 35 Jahre",177,98,79
"Waldbrunn","35 - 40 Jahre",273,127,146
"Waldbrunn","40 - 45 Jahre",423,204,219
"Waldbrunn","45 - 50 Jahre",466,246,220
"Waldbrunn","50 - 55 Jahre",397,185,212
"Waldbrunn","55 - 60 Jahre",341,186,155
"Waldbrunn","60 - 65 Jahre",284,150,134
"Waldbrunn","65 - 75 Jahre",558,265,293
"Waldbrunn","75 und mehr Jahre",511,195,316
"Waldbrunn","Insgesamt",4823,2375,2448
"Landkreis Rhein-Neckar-Kreis","unter 3 Jahre",13475,6924,6551
"Landkreis Rhein-Neckar-Kreis","3 -  6 Jahre",13866,7181,6685
"Landkreis Rhein-Neckar-Kreis","6 - 10 Jahre",19654,10026,9628
"Landkreis Rhein-Neckar-Kreis","10 - 15 Jahre",27612,14090,13522
"Landkreis Rhein-Neckar-Kreis","15 - 18 Jahre",17044,8624,8420
"Landkreis Rhein-Neckar-Kreis","18 - 20 Jahre",11915,6154,5761
"Landkreis Rhein-Neckar-Kreis","20 - 25 Jahre",29879,15283,14596
"Landkreis Rhein-Neckar-Kreis","25 - 30 Jahre",29986,14845,15141
"Landkreis Rhein-Neckar-Kreis","30 - 35 Jahre",30518,14962,15556
"Landkreis Rhein-Neckar-Kreis","35 - 40 Jahre",32533,16045,16488
"Landkreis Rhein-Neckar-Kreis","40 - 45 Jahre",46205,23330,22875
"Landkreis Rhein-Neckar-Kreis","45 - 50 Jahre",48478,24451,24027
"Landkreis Rhein-Neckar-Kreis","50 - 55 Jahre",41892,20961,20931
"Landkreis Rhein-Neckar-Kreis","55 - 60 Jahre",35200,17208,17992
"Landkreis Rhein-Neckar-Kreis","60 - 65 Jahre",31998,15558,16440
"Landkreis Rhein-Neckar-Kreis","65 - 75 Jahre",59872,28646,31226
"Landkreis Rhein-Neckar-Kreis","75 und mehr Jahre",47498,18576,28922
"Landkreis Rhein-Neckar-Kreis","Insgesamt",537625,262864,274761
"Altlußheim","unter 3 Jahre",116,63,53
"Altlußheim","3 -  6 Jahre",104,59,45
"Altlußheim","6 - 10 Jahre",185,99,86
"Altlußheim","10 - 15 Jahre",259,117,142
"Altlußheim","15 - 18 Jahre",151,65,86
"Altlußheim","18 - 20 Jahre",141,70,71
"Altlußheim","20 - 25 Jahre",287,144,143
"Altlußheim","25 - 30 Jahre",272,137,135
"Altlußheim","30 - 35 Jahre",227,117,110
"Altlußheim","35 - 40 Jahre",302,151,151
"Altlußheim","40 - 45 Jahre",451,223,228
"Altlußheim","45 - 50 Jahre",534,249,285
"Altlußheim","50 - 55 Jahre",414,212,202
"Altlußheim","55 - 60 Jahre",376,192,184
"Altlußheim","60 - 65 Jahre",313,157,156
"Altlußheim","65 - 75 Jahre",650,311,339
"Altlußheim","75 und mehr Jahre",457,178,279
"Altlußheim","Insgesamt",5239,2544,2695
"Bammental","unter 3 Jahre",130,54,76
"Bammental","3 -  6 Jahre",147,81,66
"Bammental","6 - 10 Jahre",201,100,101
"Bammental","10 - 15 Jahre",368,190,178
"Bammental","15 - 18 Jahre",216,114,102
"Bammental","18 - 20 Jahre",156,84,72
"Bammental","20 - 25 Jahre",361,204,157
"Bammental","25 - 30 Jahre",283,150,133
"Bammental","30 - 35 Jahre",351,172,179
"Bammental","35 - 40 Jahre",414,227,187
"Bammental","40 - 45 Jahre",470,243,227
"Bammental","45 - 50 Jahre",593,277,316
"Bammental","50 - 55 Jahre",521,246,275
"Bammental","55 - 60 Jahre",480,226,254
"Bammental","60 - 65 Jahre",372,198,174
"Bammental","65 - 75 Jahre",761,362,399
"Bammental","75 und mehr Jahre",644,222,422
"Bammental","Insgesamt",6468,3150,3318
"Brühl","unter 3 Jahre",282,147,135
"Brühl","3 -  6 Jahre",295,141,154
"Brühl","6 - 10 Jahre",437,233,204
"Brühl","10 - 15 Jahre",620,316,304
"Brühl","15 - 18 Jahre",393,188,205
"Brühl","18 - 20 Jahre",314,157,157
"Brühl","20 - 25 Jahre",749,406,343
"Brühl","25 - 30 Jahre",711,352,359
"Brühl","30 - 35 Jahre",762,327,435
"Brühl","35 - 40 Jahre",742,364,378
"Brühl","40 - 45 Jahre",1181,573,608
"Brühl","45 - 50 Jahre",1215,580,635
"Brühl","50 - 55 Jahre",1195,591,604
"Brühl","55 - 60 Jahre",1006,486,520
"Brühl","60 - 65 Jahre",1053,517,536
"Brühl","65 - 75 Jahre",1772,867,905
"Brühl","75 und mehr Jahre",1432,528,904
"Brühl","Insgesamt",14159,6773,7386
"Dielheim","unter 3 Jahre",210,116,94
"Dielheim","3 -  6 Jahre",207,105,102
"Dielheim","6 - 10 Jahre",359,193,166
"Dielheim","10 - 15 Jahre",538,283,255
"Dielheim","15 - 18 Jahre",341,166,175
"Dielheim","18 - 20 Jahre",195,101,94
"Dielheim","20 - 25 Jahre",508,263,245
"Dielheim","25 - 30 Jahre",488,238,250
"Dielheim","30 - 35 Jahre",480,238,242
"Dielheim","35 - 40 Jahre",504,255,249
"Dielheim","40 - 45 Jahre",840,427,413
"Dielheim","45 - 50 Jahre",850,396,454
"Dielheim","50 - 55 Jahre",695,343,352
"Dielheim","55 - 60 Jahre",590,287,303
"Dielheim","60 - 65 Jahre",537,272,265
"Dielheim","65 - 75 Jahre",901,448,453
"Dielheim","75 und mehr Jahre",659,261,398
"Dielheim","Insgesamt",8902,4392,4510
"Dossenheim","unter 3 Jahre",399,210,189
"Dossenheim","3 -  6 Jahre",362,200,162
"Dossenheim","6 - 10 Jahre",460,226,234
"Dossenheim","10 - 15 Jahre",545,300,245
"Dossenheim","15 - 18 Jahre",290,151,139
"Dossenheim","18 - 20 Jahre",270,133,137
"Dossenheim","20 - 25 Jahre",881,377,504
"Dossenheim","25 - 30 Jahre",1018,466,552
"Dossenheim","30 - 35 Jahre",947,469,478
"Dossenheim","35 - 40 Jahre",820,417,403
"Dossenheim","40 - 45 Jahre",1102,519,583
"Dossenheim","45 - 50 Jahre",1113,571,542
"Dossenheim","50 - 55 Jahre",915,441,474
"Dossenheim","55 - 60 Jahre",702,320,382
"Dossenheim","60 - 65 Jahre",633,305,328
"Dossenheim","65 - 75 Jahre",1130,522,608
"Dossenheim","75 und mehr Jahre",920,350,570
"Dossenheim","Insgesamt",12507,5977,6530
"Eberbach, Stadt","unter 3 Jahre",286,130,156
"Eberbach, Stadt","3 -  6 Jahre",332,160,172
"Eberbach, Stadt","6 - 10 Jahre",501,249,252
"Eberbach, Stadt","10 - 15 Jahre",788,404,384
"Eberbach, Stadt","15 - 18 Jahre",512,253,259
"Eberbach, Stadt","18 - 20 Jahre",329,167,162
"Eberbach, Stadt","20 - 25 Jahre",796,437,359
"Eberbach, Stadt","25 - 30 Jahre",698,337,361
"Eberbach, Stadt","30 - 35 Jahre",761,355,406
"Eberbach, Stadt","35 - 40 Jahre",788,373,415
"Eberbach, Stadt","40 - 45 Jahre",1205,597,608
"Eberbach, Stadt","45 - 50 Jahre",1267,621,646
"Eberbach, Stadt","50 - 55 Jahre",1138,577,561
"Eberbach, Stadt","55 - 60 Jahre",992,477,515
"Eberbach, Stadt","60 - 65 Jahre",952,436,516
"Eberbach, Stadt","65 - 75 Jahre",1855,882,973
"Eberbach, Stadt","75 und mehr Jahre",1717,641,1076
"Eberbach, Stadt","Insgesamt",14917,7096,7821
"Epfenbach","unter 3 Jahre",59,34,25
"Epfenbach","3 -  6 Jahre",70,32,38
"Epfenbach","6 - 10 Jahre",109,54,55
"Epfenbach","10 - 15 Jahre",150,86,64
"Epfenbach","15 - 18 Jahre",88,42,46
"Epfenbach","18 - 20 Jahre",68,37,31
"Epfenbach","20 - 25 Jahre",138,79,59
"Epfenbach","25 - 30 Jahre",135,69,66
"Epfenbach","30 - 35 Jahre",140,63,77
"Epfenbach","35 - 40 Jahre",149,76,73
"Epfenbach","40 - 45 Jahre",205,103,102
"Epfenbach","45 - 50 Jahre",211,121,90
"Epfenbach","50 - 55 Jahre",202,102,100
"Epfenbach","55 - 60 Jahre",181,87,94
"Epfenbach","60 - 65 Jahre",155,89,66
"Epfenbach","65 - 75 Jahre",229,115,114
"Epfenbach","75 und mehr Jahre",215,95,120
"Epfenbach","Insgesamt",2504,1284,1220
"Eppelheim, Stadt","unter 3 Jahre",419,207,212
"Eppelheim, Stadt","3 -  6 Jahre",392,205,187
"Eppelheim, Stadt","6 - 10 Jahre",502,275,227
"Eppelheim, Stadt","10 - 15 Jahre",699,360,339
"Eppelheim, Stadt","15 - 18 Jahre",408,217,191
"Eppelheim, Stadt","18 - 20 Jahre",344,178,166
"Eppelheim, Stadt","20 - 25 Jahre",1109,537,572
"Eppelheim, Stadt","25 - 30 Jahre",1177,579,598
"Eppelheim, Stadt","30 - 35 Jahre",1031,533,498
"Eppelheim, Stadt","35 - 40 Jahre",931,494,437
"Eppelheim, Stadt","40 - 45 Jahre",1218,653,565
"Eppelheim, Stadt","45 - 50 Jahre",1314,697,617
"Eppelheim, Stadt","50 - 55 Jahre",1058,550,508
"Eppelheim, Stadt","55 - 60 Jahre",897,429,468
"Eppelheim, Stadt","60 - 65 Jahre",790,390,400
"Eppelheim, Stadt","65 - 75 Jahre",1534,692,842
"Eppelheim, Stadt","75 und mehr Jahre",1191,466,725
"Eppelheim, Stadt","Insgesamt",15014,7462,7552
"Eschelbronn","unter 3 Jahre",70,43,27
"Eschelbronn","3 -  6 Jahre",76,35,41
"Eschelbronn","6 - 10 Jahre",114,64,50
"Eschelbronn","10 - 15 Jahre",152,74,78
"Eschelbronn","15 - 18 Jahre",90,46,44
"Eschelbronn","18 - 20 Jahre",73,42,31
"Eschelbronn","20 - 25 Jahre",156,80,76
"Eschelbronn","25 - 30 Jahre",138,72,66
"Eschelbronn","30 - 35 Jahre",138,84,54
"Eschelbronn","35 - 40 Jahre",154,79,75
"Eschelbronn","40 - 45 Jahre",195,97,98
"Eschelbronn","45 - 50 Jahre",203,104,99
"Eschelbronn","50 - 55 Jahre",181,92,89
"Eschelbronn","55 - 60 Jahre",185,87,98
"Eschelbronn","60 - 65 Jahre",152,81,71
"Eschelbronn","65 - 75 Jahre",225,112,113
"Eschelbronn","75 und mehr Jahre",208,87,121
"Eschelbronn","Insgesamt",2510,1279,1231
"Gaiberg","unter 3 Jahre",69,34,35
"Gaiberg","3 -  6 Jahre",66,38,28
"Gaiberg","6 - 10 Jahre",93,47,46
"Gaiberg","10 - 15 Jahre",143,81,62
"Gaiberg","15 - 18 Jahre",80,39,41
"Gaiberg","18 - 20 Jahre",51,27,24
"Gaiberg","20 - 25 Jahre",139,87,52
"Gaiberg","25 - 30 Jahre",127,88,39
"Gaiberg","30 - 35 Jahre",145,82,63
"Gaiberg","35 - 40 Jahre",174,102,72
"Gaiberg","40 - 45 Jahre",257,138,119
"Gaiberg","45 - 50 Jahre",275,143,132
"Gaiberg","50 - 55 Jahre",234,142,92
"Gaiberg","55 - 60 Jahre",189,89,100
"Gaiberg","60 - 65 Jahre",177,81,96
"Gaiberg","65 - 75 Jahre",275,138,137
"Gaiberg","75 und mehr Jahre",210,90,120
"Gaiberg","Insgesamt",2704,1446,1258
"Heddesbach","unter 3 Jahre",4,2,2
"Heddesbach","3 -  6 Jahre",5,4,1
"Heddesbach","6 - 10 Jahre",15,8,7
"Heddesbach","10 - 15 Jahre",40,15,25
"Heddesbach","15 - 18 Jahre",9,4,5
"Heddesbach","18 - 20 Jahre",17,10,7
"Heddesbach","20 - 25 Jahre",24,13,11
"Heddesbach","25 - 30 Jahre",18,9,9
"Heddesbach","30 - 35 Jahre",15,6,9
"Heddesbach","35 - 40 Jahre",13,5,8
"Heddesbach","40 - 45 Jahre",40,21,19
"Heddesbach","45 - 50 Jahre",46,25,21
"Heddesbach","50 - 55 Jahre",40,18,22
"Heddesbach","55 - 60 Jahre",30,16,14
"Heddesbach","60 - 65 Jahre",26,11,15
"Heddesbach","65 - 75 Jahre",57,31,26
"Heddesbach","75 und mehr Jahre",64,28,36
"Heddesbach","Insgesamt",463,226,237
"Heddesheim","unter 3 Jahre",275,140,135
"Heddesheim","3 -  6 Jahre",271,136,135
"Heddesheim","6 - 10 Jahre",382,174,208
"Heddesheim","10 - 15 Jahre",589,279,310
"Heddesheim","15 - 18 Jahre",339,171,168
"Heddesheim","18 - 20 Jahre",221,116,105
"Heddesheim","20 - 25 Jahre",568,290,278
"Heddesheim","25 - 30 Jahre",678,320,358
"Heddesheim","30 - 35 Jahre",608,310,298
"Heddesheim","35 - 40 Jahre",661,327,334
"Heddesheim","40 - 45 Jahre",1031,541,490
"Heddesheim","45 - 50 Jahre",1029,501,528
"Heddesheim","50 - 55 Jahre",934,463,471
"Heddesheim","55 - 60 Jahre",774,365,409
"Heddesheim","60 - 65 Jahre",823,413,410
"Heddesheim","65 - 75 Jahre",1359,628,731
"Heddesheim","75 und mehr Jahre",1089,429,660
"Heddesheim","Insgesamt",11631,5603,6028
"Heiligkreuzsteinach","unter 3 Jahre",62,33,29
"Heiligkreuzsteinach","3 -  6 Jahre",60,28,32
"Heiligkreuzsteinach","6 - 10 Jahre",86,45,41
"Heiligkreuzsteinach","10 - 15 Jahre",146,71,75
"Heiligkreuzsteinach","15 - 18 Jahre",90,50,40
"Heiligkreuzsteinach","18 - 20 Jahre",61,28,33
"Heiligkreuzsteinach","20 - 25 Jahre",151,80,71
"Heiligkreuzsteinach","25 - 30 Jahre",132,68,64
"Heiligkreuzsteinach","30 - 35 Jahre",124,65,59
"Heiligkreuzsteinach","35 - 40 Jahre",149,76,73
"Heiligkreuzsteinach","40 - 45 Jahre",285,146,139
"Heiligkreuzsteinach","45 - 50 Jahre",253,132,121
"Heiligkreuzsteinach","50 - 55 Jahre",252,147,105
"Heiligkreuzsteinach","55 - 60 Jahre",200,105,95
"Heiligkreuzsteinach","60 - 65 Jahre",170,87,83
"Heiligkreuzsteinach","65 - 75 Jahre",395,211,184
"Heiligkreuzsteinach","75 und mehr Jahre",303,127,176
"Heiligkreuzsteinach","Insgesamt",2919,1499,1420
"Hemsbach, Stadt","unter 3 Jahre",283,148,135
"Hemsbach, Stadt","3 -  6 Jahre",302,159,143
"Hemsbach, Stadt","6 - 10 Jahre",399,204,195
"Hemsbach, Stadt","10 - 15 Jahre",627,326,301
"Hemsbach, Stadt","15 - 18 Jahre",375,183,192
"Hemsbach, Stadt","18 - 20 Jahre",236,132,104
"Hemsbach, Stadt","20 - 25 Jahre",658,337,321
"Hemsbach, Stadt","25 - 30 Jahre",713,337,376
"Hemsbach, Stadt","30 - 35 Jahre",641,348,293
"Hemsbach, Stadt","35 - 40 Jahre",737,374,363
"Hemsbach, Stadt","40 - 45 Jahre",1051,551,500
"Hemsbach, Stadt","45 - 50 Jahre",1054,544,510
"Hemsbach, Stadt","50 - 55 Jahre",925,473,452
"Hemsbach, Stadt","55 - 60 Jahre",784,393,391
"Hemsbach, Stadt","60 - 65 Jahre",716,343,373
"Hemsbach, Stadt","65 - 75 Jahre",1656,778,878
"Hemsbach, Stadt","75 und mehr Jahre",1133,474,659
"Hemsbach, Stadt","Insgesamt",12290,6104,6186
"Hockenheim, Stadt","unter 3 Jahre",508,274,234
"Hockenheim, Stadt","3 -  6 Jahre",588,312,276
"Hockenheim, Stadt","6 - 10 Jahre",798,424,374
"Hockenheim, Stadt","10 - 15 Jahre",1115,563,552
"Hockenheim, Stadt","15 - 18 Jahre",695,336,359
"Hockenheim, Stadt","18 - 20 Jahre",459,233,226
"Hockenheim, Stadt","20 - 25 Jahre",1267,655,612
"Hockenheim, Stadt","25 - 30 Jahre",1263,638,625
"Hockenheim, Stadt","30 - 35 Jahre",1257,613,644
"Hockenheim, Stadt","35 - 40 Jahre",1315,665,650
"Hockenheim, Stadt","40 - 45 Jahre",1815,925,890
"Hockenheim, Stadt","45 - 50 Jahre",1926,960,966
"Hockenheim, Stadt","50 - 55 Jahre",1663,810,853
"Hockenheim, Stadt","55 - 60 Jahre",1329,678,651
"Hockenheim, Stadt","60 - 65 Jahre",1196,587,609
"Hockenheim, Stadt","65 - 75 Jahre",2118,1023,1095
"Hockenheim, Stadt","75 und mehr Jahre",1806,683,1123
"Hockenheim, Stadt","Insgesamt",21118,10379,10739
"Ilvesheim","unter 3 Jahre",252,123,129
"Ilvesheim","3 -  6 Jahre",246,137,109
"Ilvesheim","6 - 10 Jahre",327,150,177
"Ilvesheim","10 - 15 Jahre",403,215,188
"Ilvesheim","15 - 18 Jahre",231,130,101
"Ilvesheim","18 - 20 Jahre",122,67,55
"Ilvesheim","20 - 25 Jahre",382,190,192
"Ilvesheim","25 - 30 Jahre",413,192,221
"Ilvesheim","30 - 35 Jahre",522,244,278
"Ilvesheim","35 - 40 Jahre",582,281,301
"Ilvesheim","40 - 45 Jahre",784,403,381
"Ilvesheim","45 - 50 Jahre",710,345,365
"Ilvesheim","50 - 55 Jahre",648,317,331
"Ilvesheim","55 - 60 Jahre",567,277,290
"Ilvesheim","60 - 65 Jahre",480,236,244
"Ilvesheim","65 - 75 Jahre",892,421,471
"Ilvesheim","75 und mehr Jahre",910,371,539
"Ilvesheim","Insgesamt",8471,4099,4372
"Ketsch","unter 3 Jahre",259,133,126
"Ketsch","3 -  6 Jahre",260,131,129
"Ketsch","6 - 10 Jahre",417,195,222
"Ketsch","10 - 15 Jahre",678,344,334
"Ketsch","15 - 18 Jahre",370,177,193
"Ketsch","18 - 20 Jahre",281,146,135
"Ketsch","20 - 25 Jahre",652,335,317
"Ketsch","25 - 30 Jahre",647,304,343
"Ketsch","30 - 35 Jahre",605,291,314
"Ketsch","35 - 40 Jahre",699,331,368
"Ketsch","40 - 45 Jahre",1144,554,590
"Ketsch","45 - 50 Jahre",1148,617,531
"Ketsch","50 - 55 Jahre",984,496,488
"Ketsch","55 - 60 Jahre",820,411,409
"Ketsch","60 - 65 Jahre",875,416,459
"Ketsch","65 - 75 Jahre",1739,845,894
"Ketsch","75 und mehr Jahre",1204,493,711
"Ketsch","Insgesamt",12782,6219,6563
"Ladenburg, Stadt","unter 3 Jahre",305,163,142
"Ladenburg, Stadt","3 -  6 Jahre",295,148,147
"Ladenburg, Stadt","6 - 10 Jahre",378,182,196
"Ladenburg, Stadt","10 - 15 Jahre",576,294,282
"Ladenburg, Stadt","15 - 18 Jahre",374,196,178
"Ladenburg, Stadt","18 - 20 Jahre",243,126,117
"Ladenburg, Stadt","20 - 25 Jahre",526,284,242
"Ladenburg, Stadt","25 - 30 Jahre",532,272,260
"Ladenburg, Stadt","30 - 35 Jahre",605,294,311
"Ladenburg, Stadt","35 - 40 Jahre",685,326,359
"Ladenburg, Stadt","40 - 45 Jahre",881,414,467
"Ladenburg, Stadt","45 - 50 Jahre",942,472,470
"Ladenburg, Stadt","50 - 55 Jahre",896,425,471
"Ladenburg, Stadt","55 - 60 Jahre",872,406,466
"Ladenburg, Stadt","60 - 65 Jahre",754,372,382
"Ladenburg, Stadt","65 - 75 Jahre",1566,743,823
"Ladenburg, Stadt","75 und mehr Jahre",1083,426,657
"Ladenburg, Stadt","Insgesamt",11513,5543,5970
"Laudenbach","unter 3 Jahre",143,78,65
"Laudenbach","3 -  6 Jahre",156,84,72
"Laudenbach","6 - 10 Jahre",266,148,118
"Laudenbach","10 - 15 Jahre",332,170,162
"Laudenbach","15 - 18 Jahre",219,114,105
"Laudenbach","18 - 20 Jahre",131,70,61
"Laudenbach","20 - 25 Jahre",319,149,170
"Laudenbach","25 - 30 Jahre",258,134,124
"Laudenbach","30 - 35 Jahre",310,144,166
"Laudenbach","35 - 40 Jahre",359,170,189
"Laudenbach","40 - 45 Jahre",547,263,284
"Laudenbach","45 - 50 Jahre",526,271,255
"Laudenbach","50 - 55 Jahre",503,227,276
"Laudenbach","55 - 60 Jahre",397,200,197
"Laudenbach","60 - 65 Jahre",400,171,229
"Laudenbach","65 - 75 Jahre",716,374,342
"Laudenbach","75 und mehr Jahre",469,189,280
"Laudenbach","Insgesamt",6051,2956,3095
"Leimen, Stadt","unter 3 Jahre",766,416,350
"Leimen, Stadt","3 -  6 Jahre",719,384,335
"Leimen, Stadt","6 - 10 Jahre",933,464,469
"Leimen, Stadt","10 - 15 Jahre",1320,699,621
"Leimen, Stadt","15 - 18 Jahre",833,407,426
"Leimen, Stadt","18 - 20 Jahre",601,311,290
"Leimen, Stadt","20 - 25 Jahre",1811,905,906
"Leimen, Stadt","25 - 30 Jahre",1912,929,983
"Leimen, Stadt","30 - 35 Jahre",1799,899,900
"Leimen, Stadt","35 - 40 Jahre",1580,765,815
"Leimen, Stadt","40 - 45 Jahre",2085,1076,1009
"Leimen, Stadt","45 - 50 Jahre",2392,1205,1187
"Leimen, Stadt","50 - 55 Jahre",2211,1107,1104
"Leimen, Stadt","55 - 60 Jahre",1849,901,948
"Leimen, Stadt","60 - 65 Jahre",1505,739,766
"Leimen, Stadt","65 - 75 Jahre",2649,1249,1400
"Leimen, Stadt","75 und mehr Jahre",2260,904,1356
"Leimen, Stadt","Insgesamt",27225,13360,13865
"Malsch","unter 3 Jahre",86,40,46
"Malsch","3 -  6 Jahre",95,55,40
"Malsch","6 - 10 Jahre",134,62,72
"Malsch","10 - 15 Jahre",164,88,76
"Malsch","15 - 18 Jahre",106,61,45
"Malsch","18 - 20 Jahre",79,35,44
"Malsch","20 - 25 Jahre",200,118,82
"Malsch","25 - 30 Jahre",164,75,89
"Malsch","30 - 35 Jahre",184,82,102
"Malsch","35 - 40 Jahre",216,115,101
"Malsch","40 - 45 Jahre",301,148,153
"Malsch","45 - 50 Jahre",353,182,171
"Malsch","50 - 55 Jahre",326,166,160
"Malsch","55 - 60 Jahre",233,120,113
"Malsch","60 - 65 Jahre",188,103,85
"Malsch","65 - 75 Jahre",332,172,160
"Malsch","75 und mehr Jahre",307,101,206
"Malsch","Insgesamt",3468,1723,1745
"Mauer","unter 3 Jahre",97,50,47
"Mauer","3 -  6 Jahre",130,68,62
"Mauer","6 - 10 Jahre",201,100,101
"Mauer","10 - 15 Jahre",223,107,116
"Mauer","15 - 18 Jahre",135,57,78
"Mauer","18 - 20 Jahre",106,49,57
"Mauer","20 - 25 Jahre",202,99,103
"Mauer","25 - 30 Jahre",210,97,113
"Mauer","30 - 35 Jahre",205,93,112
"Mauer","35 - 40 Jahre",281,138,143
"Mauer","40 - 45 Jahre",364,200,164
"Mauer","45 - 50 Jahre",326,166,160
"Mauer","50 - 55 Jahre",307,155,152
"Mauer","55 - 60 Jahre",246,130,116
"Mauer","60 - 65 Jahre",221,99,122
"Mauer","65 - 75 Jahre",387,202,185
"Mauer","75 und mehr Jahre",287,104,183
"Mauer","Insgesamt",3928,1914,2014
"Meckesheim","unter 3 Jahre",122,64,58
"Meckesheim","3 -  6 Jahre",124,68,56
"Meckesheim","6 - 10 Jahre",170,81,89
"Meckesheim","10 - 15 Jahre",271,138,133
"Meckesheim","15 - 18 Jahre",160,88,72
"Meckesheim","18 - 20 Jahre",129,61,68
"Meckesheim","20 - 25 Jahre",305,166,139
"Meckesheim","25 - 30 Jahre",279,126,153
"Meckesheim","30 - 35 Jahre",270,147,123
"Meckesheim","35 - 40 Jahre",303,157,146
"Meckesheim","40 - 45 Jahre",489,261,228
"Meckesheim","45 - 50 Jahre",433,222,211
"Meckesheim","50 - 55 Jahre",439,225,214
"Meckesheim","55 - 60 Jahre",343,168,175
"Meckesheim","60 - 65 Jahre",377,184,193
"Meckesheim","65 - 75 Jahre",606,309,297
"Meckesheim","75 und mehr Jahre",458,178,280
"Meckesheim","Insgesamt",5278,2643,2635
"Mühlhausen","unter 3 Jahre",207,116,91
"Mühlhausen","3 -  6 Jahre",192,97,95
"Mühlhausen","6 - 10 Jahre",381,203,178
"Mühlhausen","10 - 15 Jahre",500,264,236
"Mühlhausen","15 - 18 Jahre",324,183,141
"Mühlhausen","18 - 20 Jahre",200,102,98
"Mühlhausen","20 - 25 Jahre",445,228,217
"Mühlhausen","25 - 30 Jahre",446,217,229
"Mühlhausen","30 - 35 Jahre",462,202,260
"Mühlhausen","35 - 40 Jahre",490,247,243
"Mühlhausen","40 - 45 Jahre",789,377,412
"Mühlhausen","45 - 50 Jahre",880,474,406
"Mühlhausen","50 - 55 Jahre",684,370,314
"Mühlhausen","55 - 60 Jahre",515,231,284
"Mühlhausen","60 - 65 Jahre",447,223,224
"Mühlhausen","65 - 75 Jahre",730,375,355
"Mühlhausen","75 und mehr Jahre",553,211,342
"Mühlhausen","Insgesamt",8245,4120,4125
"Neckarbischofsheim, Stadt","unter 3 Jahre",90,49,41
"Neckarbischofsheim, Stadt","3 -  6 Jahre",97,42,55
"Neckarbischofsheim, Stadt","6 - 10 Jahre",141,66,75
"Neckarbischofsheim, Stadt","10 - 15 Jahre",176,84,92
"Neckarbischofsheim, Stadt","15 - 18 Jahre",130,66,64
"Neckarbischofsheim, Stadt","18 - 20 Jahre",97,57,40
"Neckarbischofsheim, Stadt","20 - 25 Jahre",238,125,113
"Neckarbischofsheim, Stadt","25 - 30 Jahre",247,131,116
"Neckarbischofsheim, Stadt","30 - 35 Jahre",208,101,107
"Neckarbischofsheim, Stadt","35 - 40 Jahre",212,121,91
"Neckarbischofsheim, Stadt","40 - 45 Jahre",299,153,146
"Neckarbischofsheim, Stadt","45 - 50 Jahre",374,181,193
"Neckarbischofsheim, Stadt","50 - 55 Jahre",339,171,168
"Neckarbischofsheim, Stadt","55 - 60 Jahre",239,121,118
"Neckarbischofsheim, Stadt","60 - 65 Jahre",230,122,108
"Neckarbischofsheim, Stadt","65 - 75 Jahre",382,184,198
"Neckarbischofsheim, Stadt","75 und mehr Jahre",364,140,224
"Neckarbischofsheim, Stadt","Insgesamt",3863,1914,1949
"Neckargemünd, Stadt","unter 3 Jahre",301,161,140
"Neckargemünd, Stadt","3 -  6 Jahre",304,162,142
"Neckargemünd, Stadt","6 - 10 Jahre",445,221,224
"Neckargemünd, Stadt","10 - 15 Jahre",608,309,299
"Neckargemünd, Stadt","15 - 18 Jahre",397,228,169
"Neckargemünd, Stadt","18 - 20 Jahre",303,163,140
"Neckargemünd, Stadt","20 - 25 Jahre",821,413,408
"Neckargemünd, Stadt","25 - 30 Jahre",712,367,345
"Neckargemünd, Stadt","30 - 35 Jahre",759,397,362
"Neckargemünd, Stadt","35 - 40 Jahre",806,409,397
"Neckargemünd, Stadt","40 - 45 Jahre",1178,602,576
"Neckargemünd, Stadt","45 - 50 Jahre",1294,674,620
"Neckargemünd, Stadt","50 - 55 Jahre",1045,518,527
"Neckargemünd, Stadt","55 - 60 Jahre",1019,496,523
"Neckargemünd, Stadt","60 - 65 Jahre",858,389,469
"Neckargemünd, Stadt","65 - 75 Jahre",1722,780,942
"Neckargemünd, Stadt","75 und mehr Jahre",1333,561,772
"Neckargemünd, Stadt","Insgesamt",13905,6850,7055
"Neidenstein","unter 3 Jahre",46,30,16
"Neidenstein","3 -  6 Jahre",52,22,30
"Neidenstein","6 - 10 Jahre",76,41,35
"Neidenstein","10 - 15 Jahre",108,61,47
"Neidenstein","15 - 18 Jahre",82,40,42
"Neidenstein","18 - 20 Jahre",42,15,27
"Neidenstein","20 - 25 Jahre",102,50,52
"Neidenstein","25 - 30 Jahre",88,39,49
"Neidenstein","30 - 35 Jahre",76,33,43
"Neidenstein","35 - 40 Jahre",92,45,47
"Neidenstein","40 - 45 Jahre",173,86,87
"Neidenstein","45 - 50 Jahre",165,74,91
"Neidenstein","50 - 55 Jahre",144,69,75
"Neidenstein","55 - 60 Jahre",126,70,56
"Neidenstein","60 - 65 Jahre",91,47,44
"Neidenstein","65 - 75 Jahre",186,96,90
"Neidenstein","75 und mehr Jahre",137,55,82
"Neidenstein","Insgesamt",1786,873,913
"Neulußheim","unter 3 Jahre",148,68,80
"Neulußheim","3 -  6 Jahre",173,83,90
"Neulußheim","6 - 10 Jahre",248,110,138
"Neulußheim","10 - 15 Jahre",394,189,205
"Neulußheim","15 - 18 Jahre",235,131,104
"Neulußheim","18 - 20 Jahre",136,62,74
"Neulußheim","20 - 25 Jahre",337,176,161
"Neulußheim","25 - 30 Jahre",340,185,155
"Neulußheim","30 - 35 Jahre",363,179,184
"Neulußheim","35 - 40 Jahre",415,198,217
"Neulußheim","40 - 45 Jahre",648,303,345
"Neulußheim","45 - 50 Jahre",672,353,319
"Neulußheim","50 - 55 Jahre",569,288,281
"Neulußheim","55 - 60 Jahre",416,208,208
"Neulußheim","60 - 65 Jahre",359,175,184
"Neulußheim","65 - 75 Jahre",640,297,343
"Neulußheim","75 und mehr Jahre",533,205,328
"Neulußheim","Insgesamt",6626,3210,3416
"Nußloch","unter 3 Jahre",291,169,122
"Nußloch","3 -  6 Jahre",278,147,131
"Nußloch","6 - 10 Jahre",367,211,156
"Nußloch","10 - 15 Jahre",531,278,253
"Nußloch","15 - 18 Jahre",303,149,154
"Nußloch","18 - 20 Jahre",228,120,108
"Nußloch","20 - 25 Jahre",592,282,310
"Nußloch","25 - 30 Jahre",706,355,351
"Nußloch","30 - 35 Jahre",588,292,296
"Nußloch","35 - 40 Jahre",621,307,314
"Nußloch","40 - 45 Jahre",944,475,469
"Nußloch","45 - 50 Jahre",947,468,479
"Nußloch","50 - 55 Jahre",848,402,446
"Nußloch","55 - 60 Jahre",743,366,377
"Nußloch","60 - 65 Jahre",655,311,344
"Nußloch","65 - 75 Jahre",1148,561,587
"Nußloch","75 und mehr Jahre",910,338,572
"Nußloch","Insgesamt",10700,5231,5469
"Oftersheim","unter 3 Jahre",333,177,156
"Oftersheim","3 -  6 Jahre",318,181,137
"Oftersheim","6 - 10 Jahre",455,246,209
"Oftersheim","10 - 15 Jahre",524,254,270
"Oftersheim","15 - 18 Jahre",324,159,165
"Oftersheim","18 - 20 Jahre",207,109,98
"Oftersheim","20 - 25 Jahre",568,307,261
"Oftersheim","25 - 30 Jahre",621,293,328
"Oftersheim","30 - 35 Jahre",677,310,367
"Oftersheim","35 - 40 Jahre",720,356,364
"Oftersheim","40 - 45 Jahre",976,456,520
"Oftersheim","45 - 50 Jahre",971,494,477
"Oftersheim","50 - 55 Jahre",781,368,413
"Oftersheim","55 - 60 Jahre",724,316,408
"Oftersheim","60 - 65 Jahre",705,349,356
"Oftersheim","65 - 75 Jahre",1271,593,678
"Oftersheim","75 und mehr Jahre",1017,414,603
"Oftersheim","Insgesamt",11192,5382,5810
"Plankstadt","unter 3 Jahre",234,128,106
"Plankstadt","3 -  6 Jahre",254,126,128
"Plankstadt","6 - 10 Jahre",313,151,162
"Plankstadt","10 - 15 Jahre",486,258,228
"Plankstadt","15 - 18 Jahre",318,165,153
"Plankstadt","18 - 20 Jahre",210,101,109
"Plankstadt","20 - 25 Jahre",528,281,247
"Plankstadt","25 - 30 Jahre",512,269,243
"Plankstadt","30 - 35 Jahre",490,216,274
"Plankstadt","35 - 40 Jahre",578,276,302
"Plankstadt","40 - 45 Jahre",813,403,410
"Plankstadt","45 - 50 Jahre",868,416,452
"Plankstadt","50 - 55 Jahre",729,374,355
"Plankstadt","55 - 60 Jahre",665,307,358
"Plankstadt","60 - 65 Jahre",622,300,322
"Plankstadt","65 - 75 Jahre",1146,542,604
"Plankstadt","75 und mehr Jahre",919,345,574
"Plankstadt","Insgesamt",9685,4658,5027
"Rauenberg, Stadt","unter 3 Jahre",249,131,118
"Rauenberg, Stadt","3 -  6 Jahre",246,126,120
"Rauenberg, Stadt","6 - 10 Jahre",302,154,148
"Rauenberg, Stadt","10 - 15 Jahre",425,215,210
"Rauenberg, Stadt","15 - 18 Jahre",256,120,136
"Rauenberg, Stadt","18 - 20 Jahre",152,77,75
"Rauenberg, Stadt","20 - 25 Jahre",404,209,195
"Rauenberg, Stadt","25 - 30 Jahre",480,225,255
"Rauenberg, Stadt","30 - 35 Jahre",546,263,283
"Rauenberg, Stadt","35 - 40 Jahre",581,285,296
"Rauenberg, Stadt","40 - 45 Jahre",705,385,320
"Rauenberg, Stadt","45 - 50 Jahre",769,422,347
"Rauenberg, Stadt","50 - 55 Jahre",605,306,299
"Rauenberg, Stadt","55 - 60 Jahre",504,252,252
"Rauenberg, Stadt","60 - 65 Jahre",433,225,208
"Rauenberg, Stadt","65 - 75 Jahre",724,352,372
"Rauenberg, Stadt","75 und mehr Jahre",578,227,351
"Rauenberg, Stadt","Insgesamt",7959,3974,3985
"Reichartshausen","unter 3 Jahre",62,32,30
"Reichartshausen","3 -  6 Jahre",68,40,28
"Reichartshausen","6 - 10 Jahre",90,42,48
"Reichartshausen","10 - 15 Jahre",144,70,74
"Reichartshausen","15 - 18 Jahre",52,23,29
"Reichartshausen","18 - 20 Jahre",52,25,27
"Reichartshausen","20 - 25 Jahre",142,85,57
"Reichartshausen","25 - 30 Jahre",110,54,56
"Reichartshausen","30 - 35 Jahre",110,53,57
"Reichartshausen","35 - 40 Jahre",130,71,59
"Reichartshausen","40 - 45 Jahre",176,85,91
"Reichartshausen","45 - 50 Jahre",178,89,89
"Reichartshausen","50 - 55 Jahre",165,94,71
"Reichartshausen","55 - 60 Jahre",120,58,62
"Reichartshausen","60 - 65 Jahre",94,47,47
"Reichartshausen","65 - 75 Jahre",184,89,95
"Reichartshausen","75 und mehr Jahre",158,60,98
"Reichartshausen","Insgesamt",2035,1017,1018
"Reilingen","unter 3 Jahre",169,79,90
"Reilingen","3 -  6 Jahre",179,89,90
"Reilingen","6 - 10 Jahre",247,119,128
"Reilingen","10 - 15 Jahre",388,195,193
"Reilingen","15 - 18 Jahre",225,120,105
"Reilingen","18 - 20 Jahre",166,87,79
"Reilingen","20 - 25 Jahre",375,181,194
"Reilingen","25 - 30 Jahre",378,203,175
"Reilingen","30 - 35 Jahre",398,195,203
"Reilingen","35 - 40 Jahre",450,226,224
"Reilingen","40 - 45 Jahre",618,300,318
"Reilingen","45 - 50 Jahre",688,353,335
"Reilingen","50 - 55 Jahre",584,303,281
"Reilingen","55 - 60 Jahre",481,243,238
"Reilingen","60 - 65 Jahre",442,207,235
"Reilingen","65 - 75 Jahre",776,390,386
"Reilingen","75 und mehr Jahre",575,213,362
"Reilingen","Insgesamt",7139,3503,3636
"Sandhausen","unter 3 Jahre",358,168,190
"Sandhausen","3 -  6 Jahre",367,175,192
"Sandhausen","6 - 10 Jahre",541,268,273
"Sandhausen","10 - 15 Jahre",722,400,322
"Sandhausen","15 - 18 Jahre",456,215,241
"Sandhausen","18 - 20 Jahre",320,163,157
"Sandhausen","20 - 25 Jahre",776,385,391
"Sandhausen","25 - 30 Jahre",854,440,414
"Sandhausen","30 - 35 Jahre",880,426,454
"Sandhausen","35 - 40 Jahre",924,443,481
"Sandhausen","40 - 45 Jahre",1224,619,605
"Sandhausen","45 - 50 Jahre",1234,601,633
"Sandhausen","50 - 55 Jahre",1090,513,577
"Sandhausen","55 - 60 Jahre",997,495,502
"Sandhausen","60 - 65 Jahre",917,429,488
"Sandhausen","65 - 75 Jahre",1670,781,889
"Sandhausen","75 und mehr Jahre",1212,489,723
"Sandhausen","Insgesamt",14542,7010,7532
"Schönau, Stadt","unter 3 Jahre",103,52,51
"Schönau, Stadt","3 -  6 Jahre",112,60,52
"Schönau, Stadt","6 - 10 Jahre",161,90,71
"Schönau, Stadt","10 - 15 Jahre",237,128,109
"Schönau, Stadt","15 - 18 Jahre",170,86,84
"Schönau, Stadt","18 - 20 Jahre",92,54,38
"Schönau, Stadt","20 - 25 Jahre",223,132,91
"Schönau, Stadt","25 - 30 Jahre",188,99,89
"Schönau, Stadt","30 - 35 Jahre",193,87,106
"Schönau, Stadt","35 - 40 Jahre",235,104,131
"Schönau, Stadt","40 - 45 Jahre",382,190,192
"Schönau, Stadt","45 - 50 Jahre",405,193,212
"Schönau, Stadt","50 - 55 Jahre",375,211,164
"Schönau, Stadt","55 - 60 Jahre",351,165,186
"Schönau, Stadt","60 - 65 Jahre",281,138,143
"Schönau, Stadt","65 - 75 Jahre",566,263,303
"Schönau, Stadt","75 und mehr Jahre",452,171,281
"Schönau, Stadt","Insgesamt",4526,2223,2303
"Schönbrunn","unter 3 Jahre",57,25,32
"Schönbrunn","3 -  6 Jahre",66,35,31
"Schönbrunn","6 - 10 Jahre",95,55,40
"Schönbrunn","10 - 15 Jahre",159,84,75
"Schönbrunn","15 - 18 Jahre",103,51,52
"Schönbrunn","18 - 20 Jahre",80,43,37
"Schönbrunn","20 - 25 Jahre",163,94,69
"Schönbrunn","25 - 30 Jahre",138,76,62
"Schönbrunn","30 - 35 Jahre",131,67,64
"Schönbrunn","35 - 40 Jahre",147,73,74
"Schönbrunn","40 - 45 Jahre",265,141,124
"Schönbrunn","45 - 50 Jahre",270,134,136
"Schönbrunn","50 - 55 Jahre",252,125,127
"Schönbrunn","55 - 60 Jahre",214,109,105
"Schönbrunn","60 - 65 Jahre",194,96,98
"Schönbrunn","65 - 75 Jahre",336,181,155
"Schönbrunn","75 und mehr Jahre",271,113,158
"Schönbrunn","Insgesamt",2941,1502,1439
"Schriesheim, Stadt","unter 3 Jahre",408,198,210
"Schriesheim, Stadt","3 -  6 Jahre",438,243,195
"Schriesheim, Stadt","6 - 10 Jahre",588,321,267
"Schriesheim, Stadt","10 - 15 Jahre",698,348,350
"Schriesheim, Stadt","15 - 18 Jahre",435,219,216
"Schriesheim, Stadt","18 - 20 Jahre",287,159,128
"Schriesheim, Stadt","20 - 25 Jahre",814,416,398
"Schriesheim, Stadt","25 - 30 Jahre",836,422,414
"Schriesheim, Stadt","30 - 35 Jahre",876,409,467
"Schriesheim, Stadt","35 - 40 Jahre",904,445,459
"Schriesheim, Stadt","40 - 45 Jahre",1247,637,610
"Schriesheim, Stadt","45 - 50 Jahre",1354,660,694
"Schriesheim, Stadt","50 - 55 Jahre",1116,556,560
"Schriesheim, Stadt","55 - 60 Jahre",984,469,515
"Schriesheim, Stadt","60 - 65 Jahre",956,455,501
"Schriesheim, Stadt","65 - 75 Jahre",1690,825,865
"Schriesheim, Stadt","75 und mehr Jahre",1277,482,795
"Schriesheim, Stadt","Insgesamt",14908,7264,7644
"Schwetzingen, Stadt","unter 3 Jahre",571,276,295
"Schwetzingen, Stadt","3 -  6 Jahre",524,269,255
"Schwetzingen, Stadt","6 - 10 Jahre",667,322,345
"Schwetzingen, Stadt","10 - 15 Jahre",969,471,498
"Schwetzingen, Stadt","15 - 18 Jahre",634,312,322
"Schwetzingen, Stadt","18 - 20 Jahre",449,229,220
"Schwetzingen, Stadt","20 - 25 Jahre",1265,625,640
"Schwetzingen, Stadt","25 - 30 Jahre",1413,703,710
"Schwetzingen, Stadt","30 - 35 Jahre",1506,733,773
"Schwetzingen, Stadt","35 - 40 Jahre",1501,755,746
"Schwetzingen, Stadt","40 - 45 Jahre",1981,1032,949
"Schwetzingen, Stadt","45 - 50 Jahre",2005,1034,971
"Schwetzingen, Stadt","50 - 55 Jahre",1750,860,890
"Schwetzingen, Stadt","55 - 60 Jahre",1326,649,677
"Schwetzingen, Stadt","60 - 65 Jahre",1247,629,618
"Schwetzingen, Stadt","65 - 75 Jahre",2304,1059,1245
"Schwetzingen, Stadt","75 und mehr Jahre",1677,592,1085
"Schwetzingen, Stadt","Insgesamt",21789,10550,11239
"Sinsheim, Stadt","unter 3 Jahre",886,441,445
"Sinsheim, Stadt","3 -  6 Jahre",966,490,476
"Sinsheim, Stadt","6 - 10 Jahre",1492,743,749
"Sinsheim, Stadt","10 - 15 Jahre",2035,1016,1019
"Sinsheim, Stadt","15 - 18 Jahre",1263,625,638
"Sinsheim, Stadt","18 - 20 Jahre",960,490,470
"Sinsheim, Stadt","20 - 25 Jahre",2194,1173,1021
"Sinsheim, Stadt","25 - 30 Jahre",1916,956,960
"Sinsheim, Stadt","30 - 35 Jahre",2017,1030,987
"Sinsheim, Stadt","35 - 40 Jahre",2210,1046,1164
"Sinsheim, Stadt","40 - 45 Jahre",2922,1481,1441
"Sinsheim, Stadt","45 - 50 Jahre",3171,1628,1543
"Sinsheim, Stadt","50 - 55 Jahre",2792,1388,1404
"Sinsheim, Stadt","55 - 60 Jahre",2392,1158,1234
"Sinsheim, Stadt","60 - 65 Jahre",1983,1016,967
"Sinsheim, Stadt","65 - 75 Jahre",3465,1703,1762
"Sinsheim, Stadt","75 und mehr Jahre",2728,1021,1707
"Sinsheim, Stadt","Insgesamt",35392,17405,17987
"Spechbach","unter 3 Jahre",31,14,17
"Spechbach","3 -  6 Jahre",55,29,26
"Spechbach","6 - 10 Jahre",81,43,38
"Spechbach","10 - 15 Jahre",92,43,49
"Spechbach","15 - 18 Jahre",51,34,17
"Spechbach","18 - 20 Jahre",49,21,28
"Spechbach","20 - 25 Jahre",105,61,44
"Spechbach","25 - 30 Jahre",77,38,39
"Spechbach","30 - 35 Jahre",84,43,41
"Spechbach","35 - 40 Jahre",114,57,57
"Spechbach","40 - 45 Jahre",140,69,71
"Spechbach","45 - 50 Jahre",142,74,68
"Spechbach","50 - 55 Jahre",152,78,74
"Spechbach","55 - 60 Jahre",106,48,58
"Spechbach","60 - 65 Jahre",96,54,42
"Spechbach","65 - 75 Jahre",184,81,103
"Spechbach","75 und mehr Jahre",175,60,115
"Spechbach","Insgesamt",1734,847,887
"Waibstadt, Stadt","unter 3 Jahre",137,56,81
"Waibstadt, Stadt","3 -  6 Jahre",129,70,59
"Waibstadt, Stadt","6 - 10 Jahre",210,100,110
"Waibstadt, Stadt","10 - 15 Jahre",319,141,178
"Waibstadt, Stadt","15 - 18 Jahre",241,132,109
"Waibstadt, Stadt","18 - 20 Jahre",153,90,63
"Waibstadt, Stadt","20 - 25 Jahre",364,185,179
"Waibstadt, Stadt","25 - 30 Jahre",317,163,154
"Waibstadt, Stadt","30 - 35 Jahre",279,144,135
"Waibstadt, Stadt","35 - 40 Jahre",351,175,176
"Waibstadt, Stadt","40 - 45 Jahre",461,241,220
"Waibstadt, Stadt","45 - 50 Jahre",514,264,250
"Waibstadt, Stadt","50 - 55 Jahre",444,223,221
"Waibstadt, Stadt","55 - 60 Jahre",386,189,197
"Waibstadt, Stadt","60 - 65 Jahre",318,172,146
"Waibstadt, Stadt","65 - 75 Jahre",614,285,329
"Waibstadt, Stadt","75 und mehr Jahre",486,179,307
"Waibstadt, Stadt","Insgesamt",5723,2809,2914
"Walldorf, Stadt","unter 3 Jahre",359,196,163
"Walldorf, Stadt","3 -  6 Jahre",443,246,197
"Walldorf, Stadt","6 - 10 Jahre",659,352,307
"Walldorf, Stadt","10 - 15 Jahre",859,438,421
"Walldorf, Stadt","15 - 18 Jahre",489,274,215
"Walldorf, Stadt","18 - 20 Jahre",314,160,154
"Walldorf, Stadt","20 - 25 Jahre",762,400,362
"Walldorf, Stadt","25 - 30 Jahre",754,360,394
"Walldorf, Stadt","30 - 35 Jahre",860,443,417
"Walldorf, Stadt","35 - 40 Jahre",876,425,451
"Walldorf, Stadt","40 - 45 Jahre",1442,729,713
"Walldorf, Stadt","45 - 50 Jahre",1399,732,667
"Walldorf, Stadt","50 - 55 Jahre",1025,545,480
"Walldorf, Stadt","55 - 60 Jahre",841,415,426
"Walldorf, Stadt","60 - 65 Jahre",813,384,429
"Walldorf, Stadt","65 - 75 Jahre",1666,764,902
"Walldorf, Stadt","75 und mehr Jahre",1263,537,726
"Walldorf, Stadt","Insgesamt",14824,7400,7424
"Weinheim, Stadt","unter 3 Jahre",1079,562,517
"Weinheim, Stadt","3 -  6 Jahre",1127,579,548
"Weinheim, Stadt","6 - 10 Jahre",1502,789,713
"Weinheim, Stadt","10 - 15 Jahre",2121,1089,1032
"Weinheim, Stadt","15 - 18 Jahre",1286,636,650
"Weinheim, Stadt","18 - 20 Jahre",901,489,412
"Weinheim, Stadt","20 - 25 Jahre",2077,1027,1050
"Weinheim, Stadt","25 - 30 Jahre",2188,1067,1121
"Weinheim, Stadt","30 - 35 Jahre",2347,1111,1236
"Weinheim, Stadt","35 - 40 Jahre",2695,1293,1402
"Weinheim, Stadt","40 - 45 Jahre",3749,1933,1816
"Weinheim, Stadt","45 - 50 Jahre",3870,1989,1881
"Weinheim, Stadt","50 - 55 Jahre",3264,1652,1612
"Weinheim, Stadt","55 - 60 Jahre",2736,1347,1389
"Weinheim, Stadt","60 - 65 Jahre",2570,1177,1393
"Weinheim, Stadt","65 - 75 Jahre",5686,2683,3003
"Weinheim, Stadt","75 und mehr Jahre",4484,1813,2671
"Weinheim, Stadt","Insgesamt",43682,21236,22446
"Wiesenbach","unter 3 Jahre",57,27,30
"Wiesenbach","3 -  6 Jahre",78,34,44
"Wiesenbach","6 - 10 Jahre",115,62,53
"Wiesenbach","10 - 15 Jahre",180,98,82
"Wiesenbach","15 - 18 Jahre",133,63,70
"Wiesenbach","18 - 20 Jahre",85,39,46
"Wiesenbach","20 - 25 Jahre",133,75,58
"Wiesenbach","25 - 30 Jahre",148,74,74
"Wiesenbach","30 - 35 Jahre",151,83,68
"Wiesenbach","35 - 40 Jahre",151,71,80
"Wiesenbach","40 - 45 Jahre",262,124,138
"Wiesenbach","45 - 50 Jahre",278,127,151
"Wiesenbach","50 - 55 Jahre",236,114,122
"Wiesenbach","55 - 60 Jahre",185,92,93
"Wiesenbach","60 - 65 Jahre",180,79,101
"Wiesenbach","65 - 75 Jahre",413,196,217
"Wiesenbach","75 und mehr Jahre",286,130,156
"Wiesenbach","Insgesamt",3071,1488,1583
"Wiesloch, Stadt","unter 3 Jahre",680,358,322
"Wiesloch, Stadt","3 -  6 Jahre",692,351,341
"Wiesloch, Stadt","6 - 10 Jahre",999,530,469
"Wiesloch, Stadt","10 - 15 Jahre",1367,713,654
"Wiesloch, Stadt","15 - 18 Jahre",830,405,425
"Wiesloch, Stadt","18 - 20 Jahre",592,284,308
"Wiesloch, Stadt","20 - 25 Jahre",1455,740,715
"Wiesloch, Stadt","25 - 30 Jahre",1477,747,730
"Wiesloch, Stadt","30 - 35 Jahre",1522,762,760
"Wiesloch, Stadt","35 - 40 Jahre",1603,791,812
"Wiesloch, Stadt","40 - 45 Jahre",2299,1169,1130
"Wiesloch, Stadt","45 - 50 Jahre",2353,1144,1209
"Wiesloch, Stadt","50 - 55 Jahre",2023,993,1030
"Wiesloch, Stadt","55 - 60 Jahre",1715,878,837
"Wiesloch, Stadt","60 - 65 Jahre",1468,720,748
"Wiesloch, Stadt","65 - 75 Jahre",2736,1344,1392
"Wiesloch, Stadt","75 und mehr Jahre",2223,842,1381
"Wiesloch, Stadt","Insgesamt",26034,12771,13263
"Wilhelmsfeld","unter 3 Jahre",79,34,45
"Wilhelmsfeld","3 -  6 Jahre",71,33,38
"Wilhelmsfeld","6 - 10 Jahre",108,52,56
"Wilhelmsfeld","10 - 15 Jahre",173,83,90
"Wilhelmsfeld","15 - 18 Jahre",112,58,54
"Wilhelmsfeld","18 - 20 Jahre",77,35,42
"Wilhelmsfeld","20 - 25 Jahre",171,78,93
"Wilhelmsfeld","25 - 30 Jahre",150,72,78
"Wilhelmsfeld","30 - 35 Jahre",154,77,77
"Wilhelmsfeld","35 - 40 Jahre",182,92,90
"Wilhelmsfeld","40 - 45 Jahre",251,136,115
"Wilhelmsfeld","45 - 50 Jahre",304,145,159
"Wilhelmsfeld","50 - 55 Jahre",273,135,138
"Wilhelmsfeld","55 - 60 Jahre",231,131,100
"Wilhelmsfeld","60 - 65 Jahre",193,103,90
"Wilhelmsfeld","65 - 75 Jahre",398,191,207
"Wilhelmsfeld","75 und mehr Jahre",331,128,203
"Wilhelmsfeld","Insgesamt",3258,1583,1675
"Zuzenhausen","unter 3 Jahre",63,29,34
"Zuzenhausen","3 -  6 Jahre",68,35,33
"Zuzenhausen","6 - 10 Jahre",92,49,43
"Zuzenhausen","10 - 15 Jahre",123,62,61
"Zuzenhausen","15 - 18 Jahre",75,36,39
"Zuzenhausen","18 - 20 Jahre",59,34,25
"Zuzenhausen","20 - 25 Jahre",117,58,59
"Zuzenhausen","25 - 30 Jahre",117,65,52
"Zuzenhausen","30 - 35 Jahre",117,51,66
"Zuzenhausen","35 - 40 Jahre",138,68,70
"Zuzenhausen","40 - 45 Jahre",204,105,99
"Zuzenhausen","45 - 50 Jahre",206,109,97
"Zuzenhausen","50 - 55 Jahre",150,76,74
"Zuzenhausen","55 - 60 Jahre",127,57,70
"Zuzenhausen","60 - 65 Jahre",131,65,66
"Zuzenhausen","65 - 75 Jahre",222,106,116
"Zuzenhausen","75 und mehr Jahre",173,70,103
"Zuzenhausen","Insgesamt",2182,1075,1107
"Angelbachtal","unter 3 Jahre",126,56,70
"Angelbachtal","3 -  6 Jahre",132,65,67
"Angelbachtal","6 - 10 Jahre",173,76,97
"Angelbachtal","10 - 15 Jahre",304,148,156
"Angelbachtal","15 - 18 Jahre",189,94,95
"Angelbachtal","18 - 20 Jahre",135,78,57
"Angelbachtal","20 - 25 Jahre",264,142,122
"Angelbachtal","25 - 30 Jahre",232,99,133
"Angelbachtal","30 - 35 Jahre",230,120,110
"Angelbachtal","35 - 40 Jahre",345,157,188
"Angelbachtal","40 - 45 Jahre",477,239,238
"Angelbachtal","45 - 50 Jahre",485,247,238
"Angelbachtal","50 - 55 Jahre",375,201,174
"Angelbachtal","55 - 60 Jahre",275,142,133
"Angelbachtal","60 - 65 Jahre",280,130,150
"Angelbachtal","65 - 75 Jahre",493,230,263
"Angelbachtal","75 und mehr Jahre",445,138,307
"Angelbachtal","Insgesamt",4960,2362,2598
"St. Leon-Rot","unter 3 Jahre",370,191,179
"St. Leon-Rot","3 -  6 Jahre",355,193,162
"St. Leon-Rot","6 - 10 Jahre",547,299,248
"St. Leon-Rot","10 - 15 Jahre",749,374,375
"St. Leon-Rot","15 - 18 Jahre",495,259,236
"St. Leon-Rot","18 - 20 Jahre",353,197,156
"St. Leon-Rot","20 - 25 Jahre",762,390,372
"St. Leon-Rot","25 - 30 Jahre",675,364,311
"St. Leon-Rot","30 - 35 Jahre",693,344,349
"St. Leon-Rot","35 - 40 Jahre",813,400,413
"St. Leon-Rot","40 - 45 Jahre",1122,527,595
"St. Leon-Rot","45 - 50 Jahre",1240,636,604
"St. Leon-Rot","50 - 55 Jahre",1081,555,526
"St. Leon-Rot","55 - 60 Jahre",793,402,391
"St. Leon-Rot","60 - 65 Jahre",692,351,341
"St. Leon-Rot","65 - 75 Jahre",1150,560,590
"St. Leon-Rot","75 und mehr Jahre",949,360,589
"St. Leon-Rot","Insgesamt",12839,6402,6437
"Lobbach","unter 3 Jahre",65,38,27
"Lobbach","3 -  6 Jahre",61,29,32
"Lobbach","6 - 10 Jahre",84,47,37
"Lobbach","10 - 15 Jahre",142,82,60
"Lobbach","15 - 18 Jahre",96,49,47
"Lobbach","18 - 20 Jahre",49,24,25
"Lobbach","20 - 25 Jahre",132,76,56
"Lobbach","25 - 30 Jahre",105,57,48
"Lobbach","30 - 35 Jahre",137,62,75
"Lobbach","35 - 40 Jahre",118,58,60
"Lobbach","40 - 45 Jahre",216,107,109
"Lobbach","45 - 50 Jahre",210,95,115
"Lobbach","50 - 55 Jahre",205,100,105
"Lobbach","55 - 60 Jahre",191,100,91
"Lobbach","60 - 65 Jahre",150,77,73
"Lobbach","65 - 75 Jahre",250,131,119
"Lobbach","75 und mehr Jahre",189,64,125
"Lobbach","Insgesamt",2400,1196,1204
"Edingen-Neckarhausen","unter 3 Jahre",369,192,177
"Edingen-Neckarhausen","3 -  6 Jahre",382,187,195
"Edingen-Neckarhausen","6 - 10 Jahre",529,251,278
"Edingen-Neckarhausen","10 - 15 Jahre",679,345,334
"Edingen-Neckarhausen","15 - 18 Jahre",437,227,210
"Edingen-Neckarhausen","18 - 20 Jahre",275,137,138
"Edingen-Neckarhausen","20 - 25 Jahre",705,345,360
"Edingen-Neckarhausen","25 - 30 Jahre",833,401,432
"Edingen-Neckarhausen","30 - 35 Jahre",832,412,420
"Edingen-Neckarhausen","35 - 40 Jahre",809,411,398
"Edingen-Neckarhausen","40 - 45 Jahre",1197,576,621
"Edingen-Neckarhausen","45 - 50 Jahre",1263,616,647
"Edingen-Neckarhausen","50 - 55 Jahre",1063,549,514
"Edingen-Neckarhausen","55 - 60 Jahre",919,455,464
"Edingen-Neckarhausen","60 - 65 Jahre",864,398,466
"Edingen-Neckarhausen","65 - 75 Jahre",1676,784,892
"Edingen-Neckarhausen","75 und mehr Jahre",1547,654,893
"Edingen-Neckarhausen","Insgesamt",14379,6940,7439
"Helmstadt-Bargen","unter 3 Jahre",83,45,38
"Helmstadt-Bargen","3 -  6 Jahre",80,50,30
"Helmstadt-Bargen","6 - 10 Jahre",142,73,69
"Helmstadt-Bargen","10 - 15 Jahre",229,108,121
"Helmstadt-Bargen","15 - 18 Jahre",153,79,74
"Helmstadt-Bargen","18 - 20 Jahre",115,58,57
"Helmstadt-Bargen","20 - 25 Jahre",246,121,125
"Helmstadt-Bargen","25 - 30 Jahre",189,102,87
"Helmstadt-Bargen","30 - 35 Jahre",185,86,99
"Helmstadt-Bargen","35 - 40 Jahre",214,113,101
"Helmstadt-Bargen","40 - 45 Jahre",265,134,131
"Helmstadt-Bargen","45 - 50 Jahre",341,169,172
"Helmstadt-Bargen","50 - 55 Jahre",356,177,179
"Helmstadt-Bargen","55 - 60 Jahre",240,117,123
"Helmstadt-Bargen","60 - 65 Jahre",219,104,115
"Helmstadt-Bargen","65 - 75 Jahre",350,179,171
"Helmstadt-Bargen","75 und mehr Jahre",299,122,177
"Helmstadt-Bargen","Insgesamt",3706,1837,1869
"Hirschberg an der Bergstraße","unter 3 Jahre",262,124,138
"Hirschberg an der Bergstraße","3 -  6 Jahre",257,123,134
"Hirschberg an der Bergstraße","6 - 10 Jahre",337,163,174
"Hirschberg an der Bergstraße","10 - 15 Jahre",425,222,203
"Hirschberg an der Bergstraße","15 - 18 Jahre",245,131,114
"Hirschberg an der Bergstraße","18 - 20 Jahre",150,72,78
"Hirschberg an der Bergstraße","20 - 25 Jahre",410,188,222
"Hirschberg an der Bergstraße","25 - 30 Jahre",473,213,260
"Hirschberg an der Bergstraße","30 - 35 Jahre",520,255,265
"Hirschberg an der Bergstraße","35 - 40 Jahre",550,259,291
"Hirschberg an der Bergstraße","40 - 45 Jahre",839,440,399
"Hirschberg an der Bergstraße","45 - 50 Jahre",915,455,460
"Hirschberg an der Bergstraße","50 - 55 Jahre",696,322,374
"Hirschberg an der Bergstraße","55 - 60 Jahre",597,272,325
"Hirschberg an der Bergstraße","60 - 65 Jahre",645,299,346
"Hirschberg an der Bergstraße","65 - 75 Jahre",1290,606,684
"Hirschberg an der Bergstraße","75 und mehr Jahre",928,417,511
"Hirschberg an der Bergstraße","Insgesamt",9539,4561,4978
"Stadtkreis Pforzheim","unter 3 Jahre",3148,1635,1513
"Stadtkreis Pforzheim","3 -  6 Jahre",3213,1645,1568
"Stadtkreis Pforzheim","6 - 10 Jahre",4251,2206,2045
"Stadtkreis Pforzheim","10 - 15 Jahre",5964,3034,2930
"Stadtkreis Pforzheim","15 - 18 Jahre",3622,1865,1757
"Stadtkreis Pforzheim","18 - 20 Jahre",2702,1346,1356
"Stadtkreis Pforzheim","20 - 25 Jahre",7725,3985,3740
"Stadtkreis Pforzheim","25 - 30 Jahre",7911,4004,3907
"Stadtkreis Pforzheim","30 - 35 Jahre",7359,3767,3592
"Stadtkreis Pforzheim","35 - 40 Jahre",7126,3567,3559
"Stadtkreis Pforzheim","40 - 45 Jahre",8956,4590,4366
"Stadtkreis Pforzheim","45 - 50 Jahre",9885,5080,4805
"Stadtkreis Pforzheim","50 - 55 Jahre",8784,4438,4346
"Stadtkreis Pforzheim","55 - 60 Jahre",7421,3591,3830
"Stadtkreis Pforzheim","60 - 65 Jahre",6586,3043,3543
"Stadtkreis Pforzheim","65 - 75 Jahre",13013,5928,7085
"Stadtkreis Pforzheim","75 und mehr Jahre",12115,4304,7811
"Stadtkreis Pforzheim","Insgesamt",119781,58028,61753
"Pforzheim, Stadt","unter 3 Jahre",3148,1635,1513
"Pforzheim, Stadt","3 -  6 Jahre",3213,1645,1568
"Pforzheim, Stadt","6 - 10 Jahre",4251,2206,2045
"Pforzheim, Stadt","10 - 15 Jahre",5964,3034,2930
"Pforzheim, Stadt","15 - 18 Jahre",3622,1865,1757
"Pforzheim, Stadt","18 - 20 Jahre",2702,1346,1356
"Pforzheim, Stadt","20 - 25 Jahre",7725,3985,3740
"Pforzheim, Stadt","25 - 30 Jahre",7911,4004,3907
"Pforzheim, Stadt","30 - 35 Jahre",7359,3767,3592
"Pforzheim, Stadt","35 - 40 Jahre",7126,3567,3559
"Pforzheim, Stadt","40 - 45 Jahre",8956,4590,4366
"Pforzheim, Stadt","45 - 50 Jahre",9885,5080,4805
"Pforzheim, Stadt","50 - 55 Jahre",8784,4438,4346
"Pforzheim, Stadt","55 - 60 Jahre",7421,3591,3830
"Pforzheim, Stadt","60 - 65 Jahre",6586,3043,3543
"Pforzheim, Stadt","65 - 75 Jahre",13013,5928,7085
"Pforzheim, Stadt","75 und mehr Jahre",12115,4304,7811
"Pforzheim, Stadt","Insgesamt",119781,58028,61753
"Landkreis Calw","unter 3 Jahre",3788,1914,1874
"Landkreis Calw","3 -  6 Jahre",4090,2158,1932
"Landkreis Calw","6 - 10 Jahre",6193,3167,3026
"Landkreis Calw","10 - 15 Jahre",9063,4634,4429
"Landkreis Calw","15 - 18 Jahre",5666,2972,2694
"Landkreis Calw","18 - 20 Jahre",3965,2049,1916
"Landkreis Calw","20 - 25 Jahre",9280,4843,4437
"Landkreis Calw","25 - 30 Jahre",8206,4246,3960
"Landkreis Calw","30 - 35 Jahre",8363,4199,4164
"Landkreis Calw","35 - 40 Jahre",9430,4644,4786
"Landkreis Calw","40 - 45 Jahre",12797,6419,6378
"Landkreis Calw","45 - 50 Jahre",14250,7274,6976
"Landkreis Calw","50 - 55 Jahre",12222,6151,6071
"Landkreis Calw","55 - 60 Jahre",10439,5179,5260
"Landkreis Calw","60 - 65 Jahre",8626,4301,4325
"Landkreis Calw","65 - 75 Jahre",16634,7945,8689
"Landkreis Calw","75 und mehr Jahre",14259,5570,8689
"Landkreis Calw","Insgesamt",157271,77665,79606
"Altensteig, Stadt","unter 3 Jahre",269,126,143
"Altensteig, Stadt","3 -  6 Jahre",328,173,155
"Altensteig, Stadt","6 - 10 Jahre",447,242,205
"Altensteig, Stadt","10 - 15 Jahre",716,369,347
"Altensteig, Stadt","15 - 18 Jahre",448,202,246
"Altensteig, Stadt","18 - 20 Jahre",302,145,157
"Altensteig, Stadt","20 - 25 Jahre",693,361,332
"Altensteig, Stadt","25 - 30 Jahre",591,277,314
"Altensteig, Stadt","30 - 35 Jahre",603,294,309
"Altensteig, Stadt","35 - 40 Jahre",669,344,325
"Altensteig, Stadt","40 - 45 Jahre",868,437,431
"Altensteig, Stadt","45 - 50 Jahre",886,449,437
"Altensteig, Stadt","50 - 55 Jahre",781,401,380
"Altensteig, Stadt","55 - 60 Jahre",646,318,328
"Altensteig, Stadt","60 - 65 Jahre",517,280,237
"Altensteig, Stadt","65 - 75 Jahre",1043,514,529
"Altensteig, Stadt","75 und mehr Jahre",1039,405,634
"Altensteig, Stadt","Insgesamt",10846,5337,5509
"Althengstett","unter 3 Jahre",213,94,119
"Althengstett","3 -  6 Jahre",229,128,101
"Althengstett","6 - 10 Jahre",321,167,154
"Althengstett","10 - 15 Jahre",503,256,247
"Althengstett","15 - 18 Jahre",329,171,158
"Althengstett","18 - 20 Jahre",208,92,116
"Althengstett","20 - 25 Jahre",468,237,231
"Althengstett","25 - 30 Jahre",377,201,176
"Althengstett","30 - 35 Jahre",458,220,238
"Althengstett","35 - 40 Jahre",511,256,255
"Althengstett","40 - 45 Jahre",624,308,316
"Althengstett","45 - 50 Jahre",772,378,394
"Althengstett","50 - 55 Jahre",637,332,305
"Althengstett","55 - 60 Jahre",578,278,300
"Althengstett","60 - 65 Jahre",452,240,212
"Althengstett","65 - 75 Jahre",721,361,360
"Althengstett","75 und mehr Jahre",484,194,290
"Althengstett","Insgesamt",7885,3913,3972
"Bad Liebenzell, Stadt","unter 3 Jahre",190,92,98
"Bad Liebenzell, Stadt","3 -  6 Jahre",242,131,111
"Bad Liebenzell, Stadt","6 - 10 Jahre",302,160,142
"Bad Liebenzell, Stadt","10 - 15 Jahre",418,176,242
"Bad Liebenzell, Stadt","15 - 18 Jahre",268,147,121
"Bad Liebenzell, Stadt","18 - 20 Jahre",220,139,81
"Bad Liebenzell, Stadt","20 - 25 Jahre",526,284,242
"Bad Liebenzell, Stadt","25 - 30 Jahre",512,255,257
"Bad Liebenzell, Stadt","30 - 35 Jahre",523,260,263
"Bad Liebenzell, Stadt","35 - 40 Jahre",549,256,293
"Bad Liebenzell, Stadt","40 - 45 Jahre",778,415,363
"Bad Liebenzell, Stadt","45 - 50 Jahre",904,448,456
"Bad Liebenzell, Stadt","50 - 55 Jahre",739,351,388
"Bad Liebenzell, Stadt","55 - 60 Jahre",661,338,323
"Bad Liebenzell, Stadt","60 - 65 Jahre",524,256,268
"Bad Liebenzell, Stadt","65 - 75 Jahre",1027,443,584
"Bad Liebenzell, Stadt","75 und mehr Jahre",930,318,612
"Bad Liebenzell, Stadt","Insgesamt",9313,4469,4844
"Dobel","unter 3 Jahre",36,19,17
"Dobel","3 -  6 Jahre",46,27,19
"Dobel","6 - 10 Jahre",90,50,40
"Dobel","10 - 15 Jahre",118,68,50
"Dobel","15 - 18 Jahre",73,47,26
"Dobel","18 - 20 Jahre",49,27,22
"Dobel","20 - 25 Jahre",99,47,52
"Dobel","25 - 30 Jahre",112,70,42
"Dobel","30 - 35 Jahre",90,46,44
"Dobel","35 - 40 Jahre",110,50,60
"Dobel","40 - 45 Jahre",176,76,100
"Dobel","45 - 50 Jahre",210,105,105
"Dobel","50 - 55 Jahre",190,96,94
"Dobel","55 - 60 Jahre",164,95,69
"Dobel","60 - 65 Jahre",155,68,87
"Dobel","65 - 75 Jahre",265,131,134
"Dobel","75 und mehr Jahre",268,113,155
"Dobel","Insgesamt",2251,1135,1116
"Ebhausen","unter 3 Jahre",136,80,56
"Ebhausen","3 -  6 Jahre",135,75,60
"Ebhausen","6 - 10 Jahre",255,133,122
"Ebhausen","10 - 15 Jahre",296,149,147
"Ebhausen","15 - 18 Jahre",226,125,101
"Ebhausen","18 - 20 Jahre",152,81,71
"Ebhausen","20 - 25 Jahre",293,131,162
"Ebhausen","25 - 30 Jahre",275,149,126
"Ebhausen","30 - 35 Jahre",252,128,124
"Ebhausen","35 - 40 Jahre",295,152,143
"Ebhausen","40 - 45 Jahre",414,203,211
"Ebhausen","45 - 50 Jahre",455,233,222
"Ebhausen","50 - 55 Jahre",369,198,171
"Ebhausen","55 - 60 Jahre",264,133,131
"Ebhausen","60 - 65 Jahre",201,105,96
"Ebhausen","65 - 75 Jahre",413,196,217
"Ebhausen","75 und mehr Jahre",324,128,196
"Ebhausen","Insgesamt",4755,2399,2356
"Egenhausen","unter 3 Jahre",55,35,20
"Egenhausen","3 -  6 Jahre",65,41,24
"Egenhausen","6 - 10 Jahre",90,42,48
"Egenhausen","10 - 15 Jahre",161,80,81
"Egenhausen","15 - 18 Jahre",79,44,35
"Egenhausen","18 - 20 Jahre",66,34,32
"Egenhausen","20 - 25 Jahre",131,73,58
"Egenhausen","25 - 30 Jahre",85,44,41
"Egenhausen","30 - 35 Jahre",109,48,61
"Egenhausen","35 - 40 Jahre",119,54,65
"Egenhausen","40 - 45 Jahre",143,70,73
"Egenhausen","45 - 50 Jahre",170,95,75
"Egenhausen","50 - 55 Jahre",125,60,65
"Egenhausen","55 - 60 Jahre",86,47,39
"Egenhausen","60 - 65 Jahre",92,46,46
"Egenhausen","65 - 75 Jahre",202,96,106
"Egenhausen","75 und mehr Jahre",135,55,80
"Egenhausen","Insgesamt",1913,964,949
"Enzklösterle","unter 3 Jahre",26,13,13
"Enzklösterle","3 -  6 Jahre",33,19,14
"Enzklösterle","6 - 10 Jahre",39,15,24
"Enzklösterle","10 - 15 Jahre",60,26,34
"Enzklösterle","15 - 18 Jahre",42,22,20
"Enzklösterle","18 - 20 Jahre",32,15,17
"Enzklösterle","20 - 25 Jahre",65,45,20
"Enzklösterle","25 - 30 Jahre",33,18,15
"Enzklösterle","30 - 35 Jahre",58,20,38
"Enzklösterle","35 - 40 Jahre",64,31,33
"Enzklösterle","40 - 45 Jahre",81,34,47
"Enzklösterle","45 - 50 Jahre",88,43,45
"Enzklösterle","50 - 55 Jahre",96,51,45
"Enzklösterle","55 - 60 Jahre",76,33,43
"Enzklösterle","60 - 65 Jahre",85,41,44
"Enzklösterle","65 - 75 Jahre",164,85,79
"Enzklösterle","75 und mehr Jahre",144,54,90
"Enzklösterle","Insgesamt",1186,565,621
"Gechingen","unter 3 Jahre",80,41,39
"Gechingen","3 -  6 Jahre",101,50,51
"Gechingen","6 - 10 Jahre",144,72,72
"Gechingen","10 - 15 Jahre",253,127,126
"Gechingen","15 - 18 Jahre",125,66,59
"Gechingen","18 - 20 Jahre",95,49,46
"Gechingen","20 - 25 Jahre",197,100,97
"Gechingen","25 - 30 Jahre",173,77,96
"Gechingen","30 - 35 Jahre",175,92,83
"Gechingen","35 - 40 Jahre",265,130,135
"Gechingen","40 - 45 Jahre",331,159,172
"Gechingen","45 - 50 Jahre",377,182,195
"Gechingen","50 - 55 Jahre",330,181,149
"Gechingen","55 - 60 Jahre",251,126,125
"Gechingen","60 - 65 Jahre",192,85,107
"Gechingen","65 - 75 Jahre",403,202,201
"Gechingen","75 und mehr Jahre",282,126,156
"Gechingen","Insgesamt",3774,1865,1909
"Haiterbach, Stadt","unter 3 Jahre",167,90,77
"Haiterbach, Stadt","3 -  6 Jahre",163,78,85
"Haiterbach, Stadt","6 - 10 Jahre",231,114,117
"Haiterbach, Stadt","10 - 15 Jahre",359,180,179
"Haiterbach, Stadt","15 - 18 Jahre",218,100,118
"Haiterbach, Stadt","18 - 20 Jahre",154,77,77
"Haiterbach, Stadt","20 - 25 Jahre",349,181,168
"Haiterbach, Stadt","25 - 30 Jahre",357,184,173
"Haiterbach, Stadt","30 - 35 Jahre",341,177,164
"Haiterbach, Stadt","35 - 40 Jahre",388,210,178
"Haiterbach, Stadt","40 - 45 Jahre",434,222,212
"Haiterbach, Stadt","45 - 50 Jahre",502,252,250
"Haiterbach, Stadt","50 - 55 Jahre",393,197,196
"Haiterbach, Stadt","55 - 60 Jahre",345,177,168
"Haiterbach, Stadt","60 - 65 Jahre",276,137,139
"Haiterbach, Stadt","65 - 75 Jahre",527,230,297
"Haiterbach, Stadt","75 und mehr Jahre",496,191,305
"Haiterbach, Stadt","Insgesamt",5700,2797,2903
"Bad Herrenalb, Stadt","unter 3 Jahre",144,78,66
"Bad Herrenalb, Stadt","3 -  6 Jahre",132,68,64
"Bad Herrenalb, Stadt","6 - 10 Jahre",169,90,79
"Bad Herrenalb, Stadt","10 - 15 Jahre",295,143,152
"Bad Herrenalb, Stadt","15 - 18 Jahre",199,110,89
"Bad Herrenalb, Stadt","18 - 20 Jahre",134,62,72
"Bad Herrenalb, Stadt","20 - 25 Jahre",365,187,178
"Bad Herrenalb, Stadt","25 - 30 Jahre",321,158,163
"Bad Herrenalb, Stadt","30 - 35 Jahre",353,167,186
"Bad Herrenalb, Stadt","35 - 40 Jahre",333,167,166
"Bad Herrenalb, Stadt","40 - 45 Jahre",550,270,280
"Bad Herrenalb, Stadt","45 - 50 Jahre",611,295,316
"Bad Herrenalb, Stadt","50 - 55 Jahre",613,313,300
"Bad Herrenalb, Stadt","55 - 60 Jahre",546,281,265
"Bad Herrenalb, Stadt","60 - 65 Jahre",500,239,261
"Bad Herrenalb, Stadt","65 - 75 Jahre",1042,481,561
"Bad Herrenalb, Stadt","75 und mehr Jahre",1023,415,608
"Bad Herrenalb, Stadt","Insgesamt",7330,3524,3806
"Höfen an der Enz","unter 3 Jahre",36,21,15
"Höfen an der Enz","3 -  6 Jahre",34,15,19
"Höfen an der Enz","6 - 10 Jahre",39,20,19
"Höfen an der Enz","10 - 15 Jahre",92,56,36
"Höfen an der Enz","15 - 18 Jahre",44,28,16
"Höfen an der Enz","18 - 20 Jahre",40,22,18
"Höfen an der Enz","20 - 25 Jahre",96,49,47
"Höfen an der Enz","25 - 30 Jahre",100,43,57
"Höfen an der Enz","30 - 35 Jahre",92,52,40
"Höfen an der Enz","35 - 40 Jahre",118,68,50
"Höfen an der Enz","40 - 45 Jahre",128,66,62
"Höfen an der Enz","45 - 50 Jahre",135,70,65
"Höfen an der Enz","50 - 55 Jahre",139,68,71
"Höfen an der Enz","55 - 60 Jahre",118,64,54
"Höfen an der Enz","60 - 65 Jahre",91,45,46
"Höfen an der Enz","65 - 75 Jahre",174,79,95
"Höfen an der Enz","75 und mehr Jahre",175,72,103
"Höfen an der Enz","Insgesamt",1651,838,813
"Nagold, Stadt","unter 3 Jahre",557,294,263
"Nagold, Stadt","3 -  6 Jahre",574,295,279
"Nagold, Stadt","6 - 10 Jahre",843,416,427
"Nagold, Stadt","10 - 15 Jahre",1188,626,562
"Nagold, Stadt","15 - 18 Jahre",780,391,389
"Nagold, Stadt","18 - 20 Jahre",529,275,254
"Nagold, Stadt","20 - 25 Jahre",1373,692,681
"Nagold, Stadt","25 - 30 Jahre",1290,662,628
"Nagold, Stadt","30 - 35 Jahre",1307,638,669
"Nagold, Stadt","35 - 40 Jahre",1431,728,703
"Nagold, Stadt","40 - 45 Jahre",1793,904,889
"Nagold, Stadt","45 - 50 Jahre",1907,925,982
"Nagold, Stadt","50 - 55 Jahre",1733,837,896
"Nagold, Stadt","55 - 60 Jahre",1632,770,862
"Nagold, Stadt","60 - 65 Jahre",1238,599,639
"Nagold, Stadt","65 - 75 Jahre",2367,1139,1228
"Nagold, Stadt","75 und mehr Jahre",2000,812,1188
"Nagold, Stadt","Insgesamt",22542,11003,11539
"Neubulach, Stadt","unter 3 Jahre",154,64,90
"Neubulach, Stadt","3 -  6 Jahre",172,94,78
"Neubulach, Stadt","6 - 10 Jahre",268,146,122
"Neubulach, Stadt","10 - 15 Jahre",345,167,178
"Neubulach, Stadt","15 - 18 Jahre",272,140,132
"Neubulach, Stadt","18 - 20 Jahre",184,104,80
"Neubulach, Stadt","20 - 25 Jahre",316,171,145
"Neubulach, Stadt","25 - 30 Jahre",290,158,132
"Neubulach, Stadt","30 - 35 Jahre",286,155,131
"Neubulach, Stadt","35 - 40 Jahre",324,139,185
"Neubulach, Stadt","40 - 45 Jahre",439,236,203
"Neubulach, Stadt","45 - 50 Jahre",510,258,252
"Neubulach, Stadt","50 - 55 Jahre",374,184,190
"Neubulach, Stadt","55 - 60 Jahre",370,196,174
"Neubulach, Stadt","60 - 65 Jahre",275,137,138
"Neubulach, Stadt","65 - 75 Jahre",480,229,251
"Neubulach, Stadt","75 und mehr Jahre",473,176,297
"Neubulach, Stadt","Insgesamt",5532,2754,2778
"Neuweiler","unter 3 Jahre",71,37,34
"Neuweiler","3 -  6 Jahre",72,39,33
"Neuweiler","6 - 10 Jahre",158,90,68
"Neuweiler","10 - 15 Jahre",196,95,101
"Neuweiler","15 - 18 Jahre",118,63,55
"Neuweiler","18 - 20 Jahre",96,50,46
"Neuweiler","20 - 25 Jahre",205,124,81
"Neuweiler","25 - 30 Jahre",170,84,86
"Neuweiler","30 - 35 Jahre",126,76,50
"Neuweiler","35 - 40 Jahre",176,83,93
"Neuweiler","40 - 45 Jahre",256,130,126
"Neuweiler","45 - 50 Jahre",315,176,139
"Neuweiler","50 - 55 Jahre",263,131,132
"Neuweiler","55 - 60 Jahre",167,92,75
"Neuweiler","60 - 65 Jahre",140,67,73
"Neuweiler","65 - 75 Jahre",324,173,151
"Neuweiler","75 und mehr Jahre",259,106,153
"Neuweiler","Insgesamt",3112,1616,1496
"Oberreichenbach","unter 3 Jahre",64,38,26
"Oberreichenbach","3 -  6 Jahre",71,35,36
"Oberreichenbach","6 - 10 Jahre",134,66,68
"Oberreichenbach","10 - 15 Jahre",169,100,69
"Oberreichenbach","15 - 18 Jahre",99,48,51
"Oberreichenbach","18 - 20 Jahre",69,44,25
"Oberreichenbach","20 - 25 Jahre",165,82,83
"Oberreichenbach","25 - 30 Jahre",153,80,73
"Oberreichenbach","30 - 35 Jahre",135,89,46
"Oberreichenbach","35 - 40 Jahre",149,68,81
"Oberreichenbach","40 - 45 Jahre",264,125,139
"Oberreichenbach","45 - 50 Jahre",252,124,128
"Oberreichenbach","50 - 55 Jahre",227,110,117
"Oberreichenbach","55 - 60 Jahre",189,95,94
"Oberreichenbach","60 - 65 Jahre",162,79,83
"Oberreichenbach","65 - 75 Jahre",278,130,148
"Oberreichenbach","75 und mehr Jahre",230,90,140
"Oberreichenbach","Insgesamt",2810,1403,1407
"Ostelsheim","unter 3 Jahre",57,31,26
"Ostelsheim","3 -  6 Jahre",66,35,31
"Ostelsheim","6 - 10 Jahre",130,74,56
"Ostelsheim","10 - 15 Jahre",152,70,82
"Ostelsheim","15 - 18 Jahre",86,47,39
"Ostelsheim","18 - 20 Jahre",54,26,28
"Ostelsheim","20 - 25 Jahre",134,69,65
"Ostelsheim","25 - 30 Jahre",143,84,59
"Ostelsheim","30 - 35 Jahre",122,60,62
"Ostelsheim","35 - 40 Jahre",149,75,74
"Ostelsheim","40 - 45 Jahre",231,114,117
"Ostelsheim","45 - 50 Jahre",223,107,116
"Ostelsheim","50 - 55 Jahre",226,125,101
"Ostelsheim","55 - 60 Jahre",140,70,70
"Ostelsheim","60 - 65 Jahre",103,49,54
"Ostelsheim","65 - 75 Jahre",259,120,139
"Ostelsheim","75 und mehr Jahre",164,81,83
"Ostelsheim","Insgesamt",2439,1237,1202
"Rohrdorf","unter 3 Jahre",49,25,24
"Rohrdorf","3 -  6 Jahre",66,34,32
"Rohrdorf","6 - 10 Jahre",76,39,37
"Rohrdorf","10 - 15 Jahre",86,54,32
"Rohrdorf","15 - 18 Jahre",77,35,42
"Rohrdorf","18 - 20 Jahre",52,29,23
"Rohrdorf","20 - 25 Jahre",89,46,43
"Rohrdorf","25 - 30 Jahre",101,56,45
"Rohrdorf","30 - 35 Jahre",95,43,52
"Rohrdorf","35 - 40 Jahre",120,52,68
"Rohrdorf","40 - 45 Jahre",165,84,81
"Rohrdorf","45 - 50 Jahre",185,112,73
"Rohrdorf","50 - 55 Jahre",151,73,78
"Rohrdorf","55 - 60 Jahre",128,67,61
"Rohrdorf","60 - 65 Jahre",120,55,65
"Rohrdorf","65 - 75 Jahre",198,103,95
"Rohrdorf","75 und mehr Jahre",151,58,93
"Rohrdorf","Insgesamt",1909,965,944
"Schömberg","unter 3 Jahre",165,75,90
"Schömberg","3 -  6 Jahre",195,85,110
"Schömberg","6 - 10 Jahre",299,143,156
"Schömberg","10 - 15 Jahre",494,259,235
"Schömberg","15 - 18 Jahre",282,149,133
"Schömberg","18 - 20 Jahre",199,97,102
"Schömberg","20 - 25 Jahre",458,252,206
"Schömberg","25 - 30 Jahre",445,246,199
"Schömberg","30 - 35 Jahre",394,201,193
"Schömberg","35 - 40 Jahre",442,197,245
"Schömberg","40 - 45 Jahre",711,355,356
"Schömberg","45 - 50 Jahre",963,532,431
"Schömberg","50 - 55 Jahre",724,380,344
"Schömberg","55 - 60 Jahre",568,270,298
"Schömberg","60 - 65 Jahre",486,265,221
"Schömberg","65 - 75 Jahre",890,425,465
"Schömberg","75 und mehr Jahre",806,289,517
"Schömberg","Insgesamt",8521,4220,4301
"Simmersfeld","unter 3 Jahre",52,24,28
"Simmersfeld","3 -  6 Jahre",70,28,42
"Simmersfeld","6 - 10 Jahre",106,51,55
"Simmersfeld","10 - 15 Jahre",165,83,82
"Simmersfeld","15 - 18 Jahre",75,43,32
"Simmersfeld","18 - 20 Jahre",57,34,23
"Simmersfeld","20 - 25 Jahre",147,88,59
"Simmersfeld","25 - 30 Jahre",97,45,52
"Simmersfeld","30 - 35 Jahre",99,51,48
"Simmersfeld","35 - 40 Jahre",130,66,64
"Simmersfeld","40 - 45 Jahre",201,112,89
"Simmersfeld","45 - 50 Jahre",200,98,102
"Simmersfeld","50 - 55 Jahre",148,75,73
"Simmersfeld","55 - 60 Jahre",132,71,61
"Simmersfeld","60 - 65 Jahre",103,56,47
"Simmersfeld","65 - 75 Jahre",199,92,107
"Simmersfeld","75 und mehr Jahre",167,67,100
"Simmersfeld","Insgesamt",2148,1084,1064
"Simmozheim","unter 3 Jahre",95,45,50
"Simmozheim","3 -  6 Jahre",91,51,40
"Simmozheim","6 - 10 Jahre",126,62,64
"Simmozheim","10 - 15 Jahre",176,97,79
"Simmozheim","15 - 18 Jahre",112,59,53
"Simmozheim","18 - 20 Jahre",75,32,43
"Simmozheim","20 - 25 Jahre",181,87,94
"Simmozheim","25 - 30 Jahre",148,65,83
"Simmozheim","30 - 35 Jahre",174,87,87
"Simmozheim","35 - 40 Jahre",179,83,96
"Simmozheim","40 - 45 Jahre",249,125,124
"Simmozheim","45 - 50 Jahre",247,124,123
"Simmozheim","50 - 55 Jahre",227,114,113
"Simmozheim","55 - 60 Jahre",190,98,92
"Simmozheim","60 - 65 Jahre",146,75,71
"Simmozheim","65 - 75 Jahre",261,119,142
"Simmozheim","75 und mehr Jahre",137,63,74
"Simmozheim","Insgesamt",2814,1386,1428
"Unterreichenbach","unter 3 Jahre",50,23,27
"Unterreichenbach","3 -  6 Jahre",56,31,25
"Unterreichenbach","6 - 10 Jahre",92,40,52
"Unterreichenbach","10 - 15 Jahre",138,68,70
"Unterreichenbach","15 - 18 Jahre",85,48,37
"Unterreichenbach","18 - 20 Jahre",50,26,24
"Unterreichenbach","20 - 25 Jahre",137,66,71
"Unterreichenbach","25 - 30 Jahre",109,58,51
"Unterreichenbach","30 - 35 Jahre",116,68,48
"Unterreichenbach","35 - 40 Jahre",114,55,59
"Unterreichenbach","40 - 45 Jahre",192,91,101
"Unterreichenbach","45 - 50 Jahre",212,113,99
"Unterreichenbach","50 - 55 Jahre",184,94,90
"Unterreichenbach","55 - 60 Jahre",149,67,82
"Unterreichenbach","60 - 65 Jahre",142,77,65
"Unterreichenbach","65 - 75 Jahre",240,115,125
"Unterreichenbach","75 und mehr Jahre",181,70,111
"Unterreichenbach","Insgesamt",2247,1110,1137
"Bad Wildbad, Stadt","unter 3 Jahre",217,120,97
"Bad Wildbad, Stadt","3 -  6 Jahre",212,118,94
"Bad Wildbad, Stadt","6 - 10 Jahre",337,165,172
"Bad Wildbad, Stadt","10 - 15 Jahre",504,273,231
"Bad Wildbad, Stadt","15 - 18 Jahre",299,148,151
"Bad Wildbad, Stadt","18 - 20 Jahre",235,110,125
"Bad Wildbad, Stadt","20 - 25 Jahre",627,320,307
"Bad Wildbad, Stadt","25 - 30 Jahre",503,259,244
"Bad Wildbad, Stadt","30 - 35 Jahre",491,252,239
"Bad Wildbad, Stadt","35 - 40 Jahre",570,288,282
"Bad Wildbad, Stadt","40 - 45 Jahre",802,399,403
"Bad Wildbad, Stadt","45 - 50 Jahre",955,519,436
"Bad Wildbad, Stadt","50 - 55 Jahre",799,393,406
"Bad Wildbad, Stadt","55 - 60 Jahre",699,362,337
"Bad Wildbad, Stadt","60 - 65 Jahre",606,289,317
"Bad Wildbad, Stadt","65 - 75 Jahre",1357,613,744
"Bad Wildbad, Stadt","75 und mehr Jahre",1308,504,804
"Bad Wildbad, Stadt","Insgesamt",10521,5132,5389
"Wildberg, Stadt","unter 3 Jahre",260,125,135
"Wildberg, Stadt","3 -  6 Jahre",230,119,111
"Wildberg, Stadt","6 - 10 Jahre",402,185,217
"Wildberg, Stadt","10 - 15 Jahre",563,286,277
"Wildberg, Stadt","15 - 18 Jahre",380,221,159
"Wildberg, Stadt","18 - 20 Jahre",270,141,129
"Wildberg, Stadt","20 - 25 Jahre",630,317,313
"Wildberg, Stadt","25 - 30 Jahre",450,246,204
"Wildberg, Stadt","30 - 35 Jahre",489,215,274
"Wildberg, Stadt","35 - 40 Jahre",603,315,288
"Wildberg, Stadt","40 - 45 Jahre",800,397,403
"Wildberg, Stadt","45 - 50 Jahre",930,462,468
"Wildberg, Stadt","50 - 55 Jahre",789,400,389
"Wildberg, Stadt","55 - 60 Jahre",705,346,359
"Wildberg, Stadt","60 - 65 Jahre",561,277,284
"Wildberg, Stadt","65 - 75 Jahre",1041,526,515
"Wildberg, Stadt","75 und mehr Jahre",786,280,506
"Wildberg, Stadt","Insgesamt",9889,4858,5031
"Bad Teinach-Zavelstein, Stadt","unter 3 Jahre",60,29,31
"Bad Teinach-Zavelstein, Stadt","3 -  6 Jahre",58,28,30
"Bad Teinach-Zavelstein, Stadt","6 - 10 Jahre",124,63,61
"Bad Teinach-Zavelstein, Stadt","10 - 15 Jahre",204,110,94
"Bad Teinach-Zavelstein, Stadt","15 - 18 Jahre",104,53,51
"Bad Teinach-Zavelstein, Stadt","18 - 20 Jahre",75,44,31
"Bad Teinach-Zavelstein, Stadt","20 - 25 Jahre",185,91,94
"Bad Teinach-Zavelstein, Stadt","25 - 30 Jahre",159,81,78
"Bad Teinach-Zavelstein, Stadt","30 - 35 Jahre",118,60,58
"Bad Teinach-Zavelstein, Stadt","35 - 40 Jahre",175,76,99
"Bad Teinach-Zavelstein, Stadt","40 - 45 Jahre",230,127,103
"Bad Teinach-Zavelstein, Stadt","45 - 50 Jahre",299,153,146
"Bad Teinach-Zavelstein, Stadt","50 - 55 Jahre",245,122,123
"Bad Teinach-Zavelstein, Stadt","55 - 60 Jahre",199,97,102
"Bad Teinach-Zavelstein, Stadt","60 - 65 Jahre",143,71,72
"Bad Teinach-Zavelstein, Stadt","65 - 75 Jahre",296,143,153
"Bad Teinach-Zavelstein, Stadt","75 und mehr Jahre",279,114,165
"Bad Teinach-Zavelstein, Stadt","Insgesamt",2953,1462,1491
"Calw, Stadt","unter 3 Jahre",585,295,290
"Calw, Stadt","3 -  6 Jahre",649,361,288
"Calw, Stadt","6 - 10 Jahre",971,522,449
"Calw, Stadt","10 - 15 Jahre",1412,716,696
"Calw, Stadt","15 - 18 Jahre",846,465,381
"Calw, Stadt","18 - 20 Jahre",568,294,274
"Calw, Stadt","20 - 25 Jahre",1351,743,608
"Calw, Stadt","25 - 30 Jahre",1212,646,566
"Calw, Stadt","30 - 35 Jahre",1357,700,657
"Calw, Stadt","35 - 40 Jahre",1447,701,746
"Calw, Stadt","40 - 45 Jahre",1937,960,977
"Calw, Stadt","45 - 50 Jahre",1942,1021,921
"Calw, Stadt","50 - 55 Jahre",1720,865,855
"Calw, Stadt","55 - 60 Jahre",1436,688,748
"Calw, Stadt","60 - 65 Jahre",1316,663,653
"Calw, Stadt","65 - 75 Jahre",2463,1200,1263
"Calw, Stadt","75 und mehr Jahre",2018,789,1229
"Calw, Stadt","Insgesamt",23230,11629,11601
"Landkreis Enzkreis","unter 3 Jahre",4565,2372,2193
"Landkreis Enzkreis","3 -  6 Jahre",4914,2521,2393
"Landkreis Enzkreis","6 - 10 Jahre",7643,3910,3733
"Landkreis Enzkreis","10 - 15 Jahre",11402,5847,5555
"Landkreis Enzkreis","15 - 18 Jahre",7084,3611,3473
"Landkreis Enzkreis","18 - 20 Jahre",4952,2622,2330
"Landkreis Enzkreis","20 - 25 Jahre",10814,5763,5051
"Landkreis Enzkreis","25 - 30 Jahre",9827,5013,4814
"Landkreis Enzkreis","30 - 35 Jahre",9938,4956,4982
"Landkreis Enzkreis","35 - 40 Jahre",11342,5579,5763
"Landkreis Enzkreis","40 - 45 Jahre",16363,8141,8222
"Landkreis Enzkreis","45 - 50 Jahre",17640,8970,8670
"Landkreis Enzkreis","50 - 55 Jahre",15235,7737,7498
"Landkreis Enzkreis","55 - 60 Jahre",12729,6327,6402
"Landkreis Enzkreis","60 - 65 Jahre",10773,5351,5422
"Landkreis Enzkreis","65 - 75 Jahre",21510,10442,11068
"Landkreis Enzkreis","75 und mehr Jahre",17182,6629,10553
"Landkreis Enzkreis","Insgesamt",193913,95791,98122
"Birkenfeld","unter 3 Jahre",226,113,113
"Birkenfeld","3 -  6 Jahre",235,121,114
"Birkenfeld","6 - 10 Jahre",404,206,198
"Birkenfeld","10 - 15 Jahre",598,318,280
"Birkenfeld","15 - 18 Jahre",341,182,159
"Birkenfeld","18 - 20 Jahre",281,148,133
"Birkenfeld","20 - 25 Jahre",598,302,296
"Birkenfeld","25 - 30 Jahre",538,293,245
"Birkenfeld","30 - 35 Jahre",537,248,289
"Birkenfeld","35 - 40 Jahre",637,326,311
"Birkenfeld","40 - 45 Jahre",885,449,436
"Birkenfeld","45 - 50 Jahre",942,470,472
"Birkenfeld","50 - 55 Jahre",852,442,410
"Birkenfeld","55 - 60 Jahre",704,346,358
"Birkenfeld","60 - 65 Jahre",533,236,297
"Birkenfeld","65 - 75 Jahre",1249,611,638
"Birkenfeld","75 und mehr Jahre",1040,413,627
"Birkenfeld","Insgesamt",10600,5224,5376
"Eisingen","unter 3 Jahre",101,53,48
"Eisingen","3 -  6 Jahre",150,77,73
"Eisingen","6 - 10 Jahre",189,96,93
"Eisingen","10 - 15 Jahre",284,141,143
"Eisingen","15 - 18 Jahre",141,66,75
"Eisingen","18 - 20 Jahre",119,68,51
"Eisingen","20 - 25 Jahre",232,122,110
"Eisingen","25 - 30 Jahre",237,115,122
"Eisingen","30 - 35 Jahre",235,121,114
"Eisingen","35 - 40 Jahre",270,133,137
"Eisingen","40 - 45 Jahre",372,178,194
"Eisingen","45 - 50 Jahre",365,178,187
"Eisingen","50 - 55 Jahre",310,140,170
"Eisingen","55 - 60 Jahre",284,131,153
"Eisingen","60 - 65 Jahre",276,140,136
"Eisingen","65 - 75 Jahre",560,269,291
"Eisingen","75 und mehr Jahre",360,141,219
"Eisingen","Insgesamt",4485,2169,2316
"Engelsbrand","unter 3 Jahre",79,39,40
"Engelsbrand","3 -  6 Jahre",94,57,37
"Engelsbrand","6 - 10 Jahre",157,77,80
"Engelsbrand","10 - 15 Jahre",248,120,128
"Engelsbrand","15 - 18 Jahre",153,75,78
"Engelsbrand","18 - 20 Jahre",90,42,48
"Engelsbrand","20 - 25 Jahre",211,116,95
"Engelsbrand","25 - 30 Jahre",135,64,71
"Engelsbrand","30 - 35 Jahre",195,90,105
"Engelsbrand","35 - 40 Jahre",199,92,107
"Engelsbrand","40 - 45 Jahre",357,184,173
"Engelsbrand","45 - 50 Jahre",395,196,199
"Engelsbrand","50 - 55 Jahre",334,164,170
"Engelsbrand","55 - 60 Jahre",299,130,169
"Engelsbrand","60 - 65 Jahre",301,160,141
"Engelsbrand","65 - 75 Jahre",573,275,298
"Engelsbrand","75 und mehr Jahre",440,181,259
"Engelsbrand","Insgesamt",4260,2062,2198
"Friolzheim","unter 3 Jahre",92,50,42
"Friolzheim","3 -  6 Jahre",107,52,55
"Friolzheim","6 - 10 Jahre",150,77,73
"Friolzheim","10 - 15 Jahre",239,123,116
"Friolzheim","15 - 18 Jahre",122,68,54
"Friolzheim","18 - 20 Jahre",110,55,55
"Friolzheim","20 - 25 Jahre",196,99,97
"Friolzheim","25 - 30 Jahre",187,99,88
"Friolzheim","30 - 35 Jahre",208,94,114
"Friolzheim","35 - 40 Jahre",219,106,113
"Friolzheim","40 - 45 Jahre",309,152,157
"Friolzheim","45 - 50 Jahre",303,165,138
"Friolzheim","50 - 55 Jahre",248,124,124
"Friolzheim","55 - 60 Jahre",277,133,144
"Friolzheim","60 - 65 Jahre",224,116,108
"Friolzheim","65 - 75 Jahre",377,195,182
"Friolzheim","75 und mehr Jahre",261,90,171
"Friolzheim","Insgesamt",3629,1798,1831
"Heimsheim, Stadt","unter 3 Jahre",128,63,65
"Heimsheim, Stadt","3 -  6 Jahre",126,71,55
"Heimsheim, Stadt","6 - 10 Jahre",186,93,93
"Heimsheim, Stadt","10 - 15 Jahre",274,140,134
"Heimsheim, Stadt","15 - 18 Jahre",163,88,75
"Heimsheim, Stadt","18 - 20 Jahre",107,57,50
"Heimsheim, Stadt","20 - 25 Jahre",270,141,129
"Heimsheim, Stadt","25 - 30 Jahre",302,187,115
"Heimsheim, Stadt","30 - 35 Jahre",315,186,129
"Heimsheim, Stadt","35 - 40 Jahre",308,179,129
"Heimsheim, Stadt","40 - 45 Jahre",443,243,200
"Heimsheim, Stadt","45 - 50 Jahre",508,311,197
"Heimsheim, Stadt","50 - 55 Jahre",505,338,167
"Heimsheim, Stadt","55 - 60 Jahre",388,242,146
"Heimsheim, Stadt","60 - 65 Jahre",355,202,153
"Heimsheim, Stadt","65 - 75 Jahre",630,379,251
"Heimsheim, Stadt","75 und mehr Jahre",431,178,253
"Heimsheim, Stadt","Insgesamt",5439,3098,2341
"Illingen","unter 3 Jahre",170,85,85
"Illingen","3 -  6 Jahre",177,94,83
"Illingen","6 - 10 Jahre",295,158,137
"Illingen","10 - 15 Jahre",429,227,202
"Illingen","15 - 18 Jahre",262,144,118
"Illingen","18 - 20 Jahre",186,97,89
"Illingen","20 - 25 Jahre",370,216,154
"Illingen","25 - 30 Jahre",323,164,159
"Illingen","30 - 35 Jahre",380,199,181
"Illingen","35 - 40 Jahre",423,205,218
"Illingen","40 - 45 Jahre",538,258,280
"Illingen","45 - 50 Jahre",627,320,307
"Illingen","50 - 55 Jahre",529,255,274
"Illingen","55 - 60 Jahre",474,231,243
"Illingen","60 - 65 Jahre",468,236,232
"Illingen","65 - 75 Jahre",822,402,420
"Illingen","75 und mehr Jahre",658,237,421
"Illingen","Insgesamt",7131,3528,3603
"Ispringen","unter 3 Jahre",152,72,80
"Ispringen","3 -  6 Jahre",137,75,62
"Ispringen","6 - 10 Jahre",186,84,102
"Ispringen","10 - 15 Jahre",304,157,147
"Ispringen","15 - 18 Jahre",186,77,109
"Ispringen","18 - 20 Jahre",134,76,58
"Ispringen","20 - 25 Jahre",345,165,180
"Ispringen","25 - 30 Jahre",366,198,168
"Ispringen","30 - 35 Jahre",333,167,166
"Ispringen","35 - 40 Jahre",316,161,155
"Ispringen","40 - 45 Jahre",459,214,245
"Ispringen","45 - 50 Jahre",495,253,242
"Ispringen","50 - 55 Jahre",468,238,230
"Ispringen","55 - 60 Jahre",376,179,197
"Ispringen","60 - 65 Jahre",324,168,156
"Ispringen","65 - 75 Jahre",695,306,389
"Ispringen","75 und mehr Jahre",703,273,430
"Ispringen","Insgesamt",5979,2863,3116
"Kieselbronn","unter 3 Jahre",77,43,34
"Kieselbronn","3 -  6 Jahre",86,41,45
"Kieselbronn","6 - 10 Jahre",122,60,62
"Kieselbronn","10 - 15 Jahre",191,91,100
"Kieselbronn","15 - 18 Jahre",94,40,54
"Kieselbronn","18 - 20 Jahre",61,30,31
"Kieselbronn","20 - 25 Jahre",129,65,64
"Kieselbronn","25 - 30 Jahre",138,73,65
"Kieselbronn","30 - 35 Jahre",157,72,85
"Kieselbronn","35 - 40 Jahre",176,92,84
"Kieselbronn","40 - 45 Jahre",259,118,141
"Kieselbronn","45 - 50 Jahre",299,155,144
"Kieselbronn","50 - 55 Jahre",239,121,118
"Kieselbronn","55 - 60 Jahre",189,85,104
"Kieselbronn","60 - 65 Jahre",167,99,68
"Kieselbronn","65 - 75 Jahre",319,140,179
"Kieselbronn","75 und mehr Jahre",287,127,160
"Kieselbronn","Insgesamt",2990,1452,1538
"Knittlingen, Stadt","unter 3 Jahre",207,96,111
"Knittlingen, Stadt","3 -  6 Jahre",211,97,114
"Knittlingen, Stadt","6 - 10 Jahre",336,165,171
"Knittlingen, Stadt","10 - 15 Jahre",456,237,219
"Knittlingen, Stadt","15 - 18 Jahre",314,168,146
"Knittlingen, Stadt","18 - 20 Jahre",216,116,100
"Knittlingen, Stadt","20 - 25 Jahre",438,226,212
"Knittlingen, Stadt","25 - 30 Jahre",408,198,210
"Knittlingen, Stadt","30 - 35 Jahre",386,176,210
"Knittlingen, Stadt","35 - 40 Jahre",508,253,255
"Knittlingen, Stadt","40 - 45 Jahre",627,308,319
"Knittlingen, Stadt","45 - 50 Jahre",707,340,367
"Knittlingen, Stadt","50 - 55 Jahre",586,293,293
"Knittlingen, Stadt","55 - 60 Jahre",492,221,271
"Knittlingen, Stadt","60 - 65 Jahre",406,190,216
"Knittlingen, Stadt","65 - 75 Jahre",782,384,398
"Knittlingen, Stadt","75 und mehr Jahre",537,209,328
"Knittlingen, Stadt","Insgesamt",7617,3677,3940
"Maulbronn, Stadt","unter 3 Jahre",141,70,71
"Maulbronn, Stadt","3 -  6 Jahre",176,86,90
"Maulbronn, Stadt","6 - 10 Jahre",281,146,135
"Maulbronn, Stadt","10 - 15 Jahre",418,222,196
"Maulbronn, Stadt","15 - 18 Jahre",266,119,147
"Maulbronn, Stadt","18 - 20 Jahre",169,69,100
"Maulbronn, Stadt","20 - 25 Jahre",355,201,154
"Maulbronn, Stadt","25 - 30 Jahre",307,165,142
"Maulbronn, Stadt","30 - 35 Jahre",293,154,139
"Maulbronn, Stadt","35 - 40 Jahre",385,168,217
"Maulbronn, Stadt","40 - 45 Jahre",556,281,275
"Maulbronn, Stadt","45 - 50 Jahre",612,309,303
"Maulbronn, Stadt","50 - 55 Jahre",500,233,267
"Maulbronn, Stadt","55 - 60 Jahre",386,198,188
"Maulbronn, Stadt","60 - 65 Jahre",299,152,147
"Maulbronn, Stadt","65 - 75 Jahre",750,358,392
"Maulbronn, Stadt","75 und mehr Jahre",620,257,363
"Maulbronn, Stadt","Insgesamt",6514,3188,3326
"Mönsheim","unter 3 Jahre",65,33,32
"Mönsheim","3 -  6 Jahre",65,43,22
"Mönsheim","6 - 10 Jahre",125,65,60
"Mönsheim","10 - 15 Jahre",168,77,91
"Mönsheim","15 - 18 Jahre",102,53,49
"Mönsheim","18 - 20 Jahre",70,37,33
"Mönsheim","20 - 25 Jahre",142,71,71
"Mönsheim","25 - 30 Jahre",116,62,54
"Mönsheim","30 - 35 Jahre",128,68,60
"Mönsheim","35 - 40 Jahre",160,71,89
"Mönsheim","40 - 45 Jahre",236,122,114
"Mönsheim","45 - 50 Jahre",265,130,135
"Mönsheim","50 - 55 Jahre",210,100,110
"Mönsheim","55 - 60 Jahre",178,92,86
"Mönsheim","60 - 65 Jahre",149,76,73
"Mönsheim","65 - 75 Jahre",285,137,148
"Mönsheim","75 und mehr Jahre",216,94,122
"Mönsheim","Insgesamt",2680,1331,1349
"Mühlacker, Stadt","unter 3 Jahre",620,328,292
"Mühlacker, Stadt","3 -  6 Jahre",695,355,340
"Mühlacker, Stadt","6 - 10 Jahre",1071,531,540
"Mühlacker, Stadt","10 - 15 Jahre",1389,732,657
"Mühlacker, Stadt","15 - 18 Jahre",860,454,406
"Mühlacker, Stadt","18 - 20 Jahre",662,347,315
"Mühlacker, Stadt","20 - 25 Jahre",1503,817,686
"Mühlacker, Stadt","25 - 30 Jahre",1330,670,660
"Mühlacker, Stadt","30 - 35 Jahre",1336,702,634
"Mühlacker, Stadt","35 - 40 Jahre",1521,796,725
"Mühlacker, Stadt","40 - 45 Jahre",2073,1036,1037
"Mühlacker, Stadt","45 - 50 Jahre",2207,1151,1056
"Mühlacker, Stadt","50 - 55 Jahre",1918,968,950
"Mühlacker, Stadt","55 - 60 Jahre",1572,779,793
"Mühlacker, Stadt","60 - 65 Jahre",1360,645,715
"Mühlacker, Stadt","65 - 75 Jahre",2908,1424,1484
"Mühlacker, Stadt","75 und mehr Jahre",2344,877,1467
"Mühlacker, Stadt","Insgesamt",25369,12612,12757
"Neuenbürg, Stadt","unter 3 Jahre",168,88,80
"Neuenbürg, Stadt","3 -  6 Jahre",179,96,83
"Neuenbürg, Stadt","6 - 10 Jahre",248,135,113
"Neuenbürg, Stadt","10 - 15 Jahre",415,222,193
"Neuenbürg, Stadt","15 - 18 Jahre",251,117,134
"Neuenbürg, Stadt","18 - 20 Jahre",187,112,75
"Neuenbürg, Stadt","20 - 25 Jahre",441,257,184
"Neuenbürg, Stadt","25 - 30 Jahre",376,202,174
"Neuenbürg, Stadt","30 - 35 Jahre",339,153,186
"Neuenbürg, Stadt","35 - 40 Jahre",416,214,202
"Neuenbürg, Stadt","40 - 45 Jahre",631,329,302
"Neuenbürg, Stadt","45 - 50 Jahre",683,306,377
"Neuenbürg, Stadt","50 - 55 Jahre",622,309,313
"Neuenbürg, Stadt","55 - 60 Jahre",515,271,244
"Neuenbürg, Stadt","60 - 65 Jahre",406,189,217
"Neuenbürg, Stadt","65 - 75 Jahre",926,426,500
"Neuenbürg, Stadt","75 und mehr Jahre",715,273,442
"Neuenbürg, Stadt","Insgesamt",7518,3699,3819
"Neuhausen","unter 3 Jahre",101,51,50
"Neuhausen","3 -  6 Jahre",125,65,60
"Neuhausen","6 - 10 Jahre",198,85,113
"Neuhausen","10 - 15 Jahre",342,154,188
"Neuhausen","15 - 18 Jahre",214,95,119
"Neuhausen","18 - 20 Jahre",148,72,76
"Neuhausen","20 - 25 Jahre",291,180,111
"Neuhausen","25 - 30 Jahre",246,123,123
"Neuhausen","30 - 35 Jahre",242,123,119
"Neuhausen","35 - 40 Jahre",313,147,166
"Neuhausen","40 - 45 Jahre",484,246,238
"Neuhausen","45 - 50 Jahre",519,253,266
"Neuhausen","50 - 55 Jahre",438,233,205
"Neuhausen","55 - 60 Jahre",367,176,191
"Neuhausen","60 - 65 Jahre",312,161,151
"Neuhausen","65 - 75 Jahre",524,256,268
"Neuhausen","75 und mehr Jahre",443,187,256
"Neuhausen","Insgesamt",5307,2607,2700
"Niefern-Öschelbronn","unter 3 Jahre",296,161,135
"Niefern-Öschelbronn","3 -  6 Jahre",295,159,136
"Niefern-Öschelbronn","6 - 10 Jahre",441,236,205
"Niefern-Öschelbronn","10 - 15 Jahre",702,354,348
"Niefern-Öschelbronn","15 - 18 Jahre",411,198,213
"Niefern-Öschelbronn","18 - 20 Jahre",317,151,166
"Niefern-Öschelbronn","20 - 25 Jahre",653,329,324
"Niefern-Öschelbronn","25 - 30 Jahre",678,322,356
"Niefern-Öschelbronn","30 - 35 Jahre",653,324,329
"Niefern-Öschelbronn","35 - 40 Jahre",678,303,375
"Niefern-Öschelbronn","40 - 45 Jahre",928,452,476
"Niefern-Öschelbronn","45 - 50 Jahre",1015,508,507
"Niefern-Öschelbronn","50 - 55 Jahre",901,456,445
"Niefern-Öschelbronn","55 - 60 Jahre",769,362,407
"Niefern-Öschelbronn","60 - 65 Jahre",613,306,307
"Niefern-Öschelbronn","65 - 75 Jahre",1274,584,690
"Niefern-Öschelbronn","75 und mehr Jahre",1233,436,797
"Niefern-Öschelbronn","Insgesamt",11857,5641,6216
"Ötisheim","unter 3 Jahre",101,48,53
"Ötisheim","3 -  6 Jahre",111,52,59
"Ötisheim","6 - 10 Jahre",182,104,78
"Ötisheim","10 - 15 Jahre",274,139,135
"Ötisheim","15 - 18 Jahre",190,108,82
"Ötisheim","18 - 20 Jahre",111,53,58
"Ötisheim","20 - 25 Jahre",276,137,139
"Ötisheim","25 - 30 Jahre",256,138,118
"Ötisheim","30 - 35 Jahre",241,127,114
"Ötisheim","35 - 40 Jahre",259,118,141
"Ötisheim","40 - 45 Jahre",451,222,229
"Ötisheim","45 - 50 Jahre",417,220,197
"Ötisheim","50 - 55 Jahre",373,180,193
"Ötisheim","55 - 60 Jahre",359,188,171
"Ötisheim","60 - 65 Jahre",239,127,112
"Ötisheim","65 - 75 Jahre",588,286,302
"Ötisheim","75 und mehr Jahre",391,149,242
"Ötisheim","Insgesamt",4819,2396,2423
"Sternenfels","unter 3 Jahre",66,38,28
"Sternenfels","3 -  6 Jahre",81,47,34
"Sternenfels","6 - 10 Jahre",105,49,56
"Sternenfels","10 - 15 Jahre",157,76,81
"Sternenfels","15 - 18 Jahre",106,60,46
"Sternenfels","18 - 20 Jahre",76,41,35
"Sternenfels","20 - 25 Jahre",187,104,83
"Sternenfels","25 - 30 Jahre",113,63,50
"Sternenfels","30 - 35 Jahre",132,62,70
"Sternenfels","35 - 40 Jahre",168,86,82
"Sternenfels","40 - 45 Jahre",221,104,117
"Sternenfels","45 - 50 Jahre",283,148,135
"Sternenfels","50 - 55 Jahre",239,127,112
"Sternenfels","55 - 60 Jahre",210,101,109
"Sternenfels","60 - 65 Jahre",149,75,74
"Sternenfels","65 - 75 Jahre",267,128,139
"Sternenfels","75 und mehr Jahre",215,75,140
"Sternenfels","Insgesamt",2775,1384,1391
"Tiefenbronn","unter 3 Jahre",114,68,46
"Tiefenbronn","3 -  6 Jahre",106,54,52
"Tiefenbronn","6 - 10 Jahre",195,96,99
"Tiefenbronn","10 - 15 Jahre",315,142,173
"Tiefenbronn","15 - 18 Jahre",236,116,120
"Tiefenbronn","18 - 20 Jahre",151,93,58
"Tiefenbronn","20 - 25 Jahre",314,179,135
"Tiefenbronn","25 - 30 Jahre",241,120,121
"Tiefenbronn","30 - 35 Jahre",234,107,127
"Tiefenbronn","35 - 40 Jahre",273,134,139
"Tiefenbronn","40 - 45 Jahre",466,237,229
"Tiefenbronn","45 - 50 Jahre",495,236,259
"Tiefenbronn","50 - 55 Jahre",472,244,228
"Tiefenbronn","55 - 60 Jahre",386,207,179
"Tiefenbronn","60 - 65 Jahre",337,168,169
"Tiefenbronn","65 - 75 Jahre",582,295,287
"Tiefenbronn","75 und mehr Jahre",376,161,215
"Tiefenbronn","Insgesamt",5293,2657,2636
"Wiernsheim","unter 3 Jahre",148,85,63
"Wiernsheim","3 -  6 Jahre",167,86,81
"Wiernsheim","6 - 10 Jahre",258,144,114
"Wiernsheim","10 - 15 Jahre",400,215,185
"Wiernsheim","15 - 18 Jahre",269,136,133
"Wiernsheim","18 - 20 Jahre",159,94,65
"Wiernsheim","20 - 25 Jahre",360,188,172
"Wiernsheim","25 - 30 Jahre",293,145,148
"Wiernsheim","30 - 35 Jahre",362,175,187
"Wiernsheim","35 - 40 Jahre",377,206,171
"Wiernsheim","40 - 45 Jahre",564,276,288
"Wiernsheim","45 - 50 Jahre",636,317,319
"Wiernsheim","50 - 55 Jahre",546,275,271
"Wiernsheim","55 - 60 Jahre",447,233,214
"Wiernsheim","60 - 65 Jahre",366,190,176
"Wiernsheim","65 - 75 Jahre",646,320,326
"Wiernsheim","75 und mehr Jahre",444,178,266
"Wiernsheim","Insgesamt",6442,3263,3179
"Wimsheim","unter 3 Jahre",73,41,32
"Wimsheim","3 -  6 Jahre",69,32,37
"Wimsheim","6 - 10 Jahre",111,47,64
"Wimsheim","10 - 15 Jahre",151,77,74
"Wimsheim","15 - 18 Jahre",113,55,58
"Wimsheim","18 - 20 Jahre",79,46,33
"Wimsheim","20 - 25 Jahre",146,80,66
"Wimsheim","25 - 30 Jahre",137,70,67
"Wimsheim","30 - 35 Jahre",149,72,77
"Wimsheim","35 - 40 Jahre",161,85,76
"Wimsheim","40 - 45 Jahre",234,108,126
"Wimsheim","45 - 50 Jahre",284,160,124
"Wimsheim","50 - 55 Jahre",226,108,118
"Wimsheim","55 - 60 Jahre",191,93,98
"Wimsheim","60 - 65 Jahre",141,74,67
"Wimsheim","65 - 75 Jahre",240,124,116
"Wimsheim","75 und mehr Jahre",182,72,110
"Wimsheim","Insgesamt",2687,1344,1343
"Wurmberg","unter 3 Jahre",101,48,53
"Wurmberg","3 -  6 Jahre",107,56,51
"Wurmberg","6 - 10 Jahre",152,74,78
"Wurmberg","10 - 15 Jahre",206,107,99
"Wurmberg","15 - 18 Jahre",141,71,70
"Wurmberg","18 - 20 Jahre",97,56,41
"Wurmberg","20 - 25 Jahre",202,86,116
"Wurmberg","25 - 30 Jahre",184,95,89
"Wurmberg","30 - 35 Jahre",137,60,77
"Wurmberg","35 - 40 Jahre",164,72,92
"Wurmberg","40 - 45 Jahre",226,116,110
"Wurmberg","45 - 50 Jahre",271,141,130
"Wurmberg","50 - 55 Jahre",221,113,108
"Wurmberg","55 - 60 Jahre",152,90,62
"Wurmberg","60 - 65 Jahre",123,62,61
"Wurmberg","65 - 75 Jahre",274,124,150
"Wurmberg","75 und mehr Jahre",256,92,164
"Wurmberg","Insgesamt",3014,1463,1551
"Keltern","unter 3 Jahre",208,108,100
"Keltern","3 -  6 Jahre",199,94,105
"Keltern","6 - 10 Jahre",328,164,164
"Keltern","10 - 15 Jahre",547,259,288
"Keltern","15 - 18 Jahre",333,167,166
"Keltern","18 - 20 Jahre",211,109,102
"Keltern","20 - 25 Jahre",468,256,212
"Keltern","25 - 30 Jahre",403,199,204
"Keltern","30 - 35 Jahre",472,222,250
"Keltern","35 - 40 Jahre",513,250,263
"Keltern","40 - 45 Jahre",771,372,399
"Keltern","45 - 50 Jahre",836,423,413
"Keltern","50 - 55 Jahre",695,348,347
"Keltern","55 - 60 Jahre",571,271,300
"Keltern","60 - 65 Jahre",525,253,272
"Keltern","65 - 75 Jahre",1053,506,547
"Keltern","75 und mehr Jahre",873,353,520
"Keltern","Insgesamt",9006,4354,4652
"Remchingen","unter 3 Jahre",300,156,144
"Remchingen","3 -  6 Jahre",297,151,146
"Remchingen","6 - 10 Jahre",500,257,243
"Remchingen","10 - 15 Jahre",691,372,319
"Remchingen","15 - 18 Jahre",439,236,203
"Remchingen","18 - 20 Jahre",271,137,134
"Remchingen","20 - 25 Jahre",682,374,308
"Remchingen","25 - 30 Jahre",614,309,305
"Remchingen","30 - 35 Jahre",678,345,333
"Remchingen","35 - 40 Jahre",676,346,330
"Remchingen","40 - 45 Jahre",1025,490,535
"Remchingen","45 - 50 Jahre",999,520,479
"Remchingen","50 - 55 Jahre",850,401,449
"Remchingen","55 - 60 Jahre",814,399,415
"Remchingen","60 - 65 Jahre",666,324,342
"Remchingen","65 - 75 Jahre",1249,604,645
"Remchingen","75 und mehr Jahre",962,384,578
"Remchingen","Insgesamt",11713,5805,5908
"Straubenhardt","unter 3 Jahre",241,124,117
"Straubenhardt","3 -  6 Jahre",282,142,140
"Straubenhardt","6 - 10 Jahre",411,229,182
"Straubenhardt","10 - 15 Jahre",645,325,320
"Straubenhardt","15 - 18 Jahre",398,210,188
"Straubenhardt","18 - 20 Jahre",293,173,120
"Straubenhardt","20 - 25 Jahre",606,330,276
"Straubenhardt","25 - 30 Jahre",498,247,251
"Straubenhardt","30 - 35 Jahre",486,242,244
"Straubenhardt","35 - 40 Jahre",618,301,317
"Straubenhardt","40 - 45 Jahre",955,483,472
"Straubenhardt","45 - 50 Jahre",1080,553,527
"Straubenhardt","50 - 55 Jahre",891,474,417
"Straubenhardt","55 - 60 Jahre",663,337,326
"Straubenhardt","60 - 65 Jahre",626,309,317
"Straubenhardt","65 - 75 Jahre",1147,564,583
"Straubenhardt","75 und mehr Jahre",925,339,586
"Straubenhardt","Insgesamt",10765,5382,5383
"Neulingen","unter 3 Jahre",127,67,60
"Neulingen","3 -  6 Jahre",164,84,80
"Neulingen","6 - 10 Jahre",288,148,140
"Neulingen","10 - 15 Jahre",434,228,206
"Neulingen","15 - 18 Jahre",253,134,119
"Neulingen","18 - 20 Jahre",163,92,71
"Neulingen","20 - 25 Jahre",401,212,189
"Neulingen","25 - 30 Jahre",350,182,168
"Neulingen","30 - 35 Jahre",318,153,165
"Neulingen","35 - 40 Jahre",389,179,210
"Neulingen","40 - 45 Jahre",591,286,305
"Neulingen","45 - 50 Jahre",618,317,301
"Neulingen","50 - 55 Jahre",563,295,268
"Neulingen","55 - 60 Jahre",439,221,218
"Neulingen","60 - 65 Jahre",321,163,158
"Neulingen","65 - 75 Jahre",586,280,306
"Neulingen","75 und mehr Jahre",610,200,410
"Neulingen","Insgesamt",6615,3241,3374
"Kämpfelbach","unter 3 Jahre",155,85,70
"Kämpfelbach","3 -  6 Jahre",148,67,81
"Kämpfelbach","6 - 10 Jahre",218,124,94
"Kämpfelbach","10 - 15 Jahre",349,189,160
"Kämpfelbach","15 - 18 Jahre",226,115,111
"Kämpfelbach","18 - 20 Jahre",158,78,80
"Kämpfelbach","20 - 25 Jahre",320,162,158
"Kämpfelbach","25 - 30 Jahre",360,174,186
"Kämpfelbach","30 - 35 Jahre",322,171,151
"Kämpfelbach","35 - 40 Jahre",388,168,220
"Kämpfelbach","40 - 45 Jahre",488,272,216
"Kämpfelbach","45 - 50 Jahre",573,288,285
"Kämpfelbach","50 - 55 Jahre",519,269,250
"Kämpfelbach","55 - 60 Jahre",393,189,204
"Kämpfelbach","60 - 65 Jahre",340,174,166
"Kämpfelbach","65 - 75 Jahre",668,321,347
"Kämpfelbach","75 und mehr Jahre",583,227,356
"Kämpfelbach","Insgesamt",6208,3073,3135
"Ölbronn-Dürrn","unter 3 Jahre",89,42,47
"Ölbronn-Dürrn","3 -  6 Jahre",85,40,45
"Ölbronn-Dürrn","6 - 10 Jahre",136,67,69
"Ölbronn-Dürrn","10 - 15 Jahre",207,100,107
"Ölbronn-Dürrn","15 - 18 Jahre",138,73,65
"Ölbronn-Dürrn","18 - 20 Jahre",81,42,39
"Ölbronn-Dürrn","20 - 25 Jahre",198,119,79
"Ölbronn-Dürrn","25 - 30 Jahre",183,84,99
"Ölbronn-Dürrn","30 - 35 Jahre",169,84,85
"Ölbronn-Dürrn","35 - 40 Jahre",187,92,95
"Ölbronn-Dürrn","40 - 45 Jahre",310,144,166
"Ölbronn-Dürrn","45 - 50 Jahre",338,173,165
"Ölbronn-Dürrn","50 - 55 Jahre",272,135,137
"Ölbronn-Dürrn","55 - 60 Jahre",222,118,104
"Ölbronn-Dürrn","60 - 65 Jahre",166,91,75
"Ölbronn-Dürrn","65 - 75 Jahre",363,168,195
"Ölbronn-Dürrn","75 und mehr Jahre",285,121,164
"Ölbronn-Dürrn","Insgesamt",3429,1693,1736
"Königsbach-Stein","unter 3 Jahre",219,117,102
"Königsbach-Stein","3 -  6 Jahre",240,127,113
"Königsbach-Stein","6 - 10 Jahre",370,193,177
"Königsbach-Stein","10 - 15 Jahre",569,303,266
"Königsbach-Stein","15 - 18 Jahre",362,186,176
"Königsbach-Stein","18 - 20 Jahre",245,131,114
"Königsbach-Stein","20 - 25 Jahre",480,229,251
"Königsbach-Stein","25 - 30 Jahre",508,252,256
"Königsbach-Stein","30 - 35 Jahre",501,259,242
"Königsbach-Stein","35 - 40 Jahre",640,296,344
"Königsbach-Stein","40 - 45 Jahre",904,461,443
"Königsbach-Stein","45 - 50 Jahre",868,429,439
"Königsbach-Stein","50 - 55 Jahre",708,354,354
"Königsbach-Stein","55 - 60 Jahre",612,304,308
"Königsbach-Stein","60 - 65 Jahre",581,265,316
"Königsbach-Stein","65 - 75 Jahre",1173,576,597
"Königsbach-Stein","75 und mehr Jahre",792,305,487
"Königsbach-Stein","Insgesamt",9772,4787,4985
"Landkreis Freudenstadt","unter 3 Jahre",2983,1529,1454
"Landkreis Freudenstadt","3 -  6 Jahre",3132,1623,1509
"Landkreis Freudenstadt","6 - 10 Jahre",4741,2486,2255
"Landkreis Freudenstadt","10 - 15 Jahre",6776,3511,3265
"Landkreis Freudenstadt","15 - 18 Jahre",4460,2326,2134
"Landkreis Freudenstadt","18 - 20 Jahre",3079,1577,1502
"Landkreis Freudenstadt","20 - 25 Jahre",7160,3680,3480
"Landkreis Freudenstadt","25 - 30 Jahre",6649,3298,3351
"Landkreis Freudenstadt","30 - 35 Jahre",6480,3272,3208
"Landkreis Freudenstadt","35 - 40 Jahre",7494,3645,3849
"Landkreis Freudenstadt","40 - 45 Jahre",10084,5086,4998
"Landkreis Freudenstadt","45 - 50 Jahre",10455,5235,5220
"Landkreis Freudenstadt","50 - 55 Jahre",9236,4718,4518
"Landkreis Freudenstadt","55 - 60 Jahre",7858,4008,3850
"Landkreis Freudenstadt","60 - 65 Jahre",6266,3201,3065
"Landkreis Freudenstadt","65 - 75 Jahre",12254,5787,6467
"Landkreis Freudenstadt","75 und mehr Jahre",10771,3974,6797
"Landkreis Freudenstadt","Insgesamt",119878,58956,60922
"Alpirsbach, Stadt","unter 3 Jahre",153,94,59
"Alpirsbach, Stadt","3 -  6 Jahre",167,87,80
"Alpirsbach, Stadt","6 - 10 Jahre",260,126,134
"Alpirsbach, Stadt","10 - 15 Jahre",373,192,181
"Alpirsbach, Stadt","15 - 18 Jahre",228,121,107
"Alpirsbach, Stadt","18 - 20 Jahre",160,78,82
"Alpirsbach, Stadt","20 - 25 Jahre",398,199,199
"Alpirsbach, Stadt","25 - 30 Jahre",330,158,172
"Alpirsbach, Stadt","30 - 35 Jahre",289,164,125
"Alpirsbach, Stadt","35 - 40 Jahre",350,170,180
"Alpirsbach, Stadt","40 - 45 Jahre",522,265,257
"Alpirsbach, Stadt","45 - 50 Jahre",617,303,314
"Alpirsbach, Stadt","50 - 55 Jahre",504,253,251
"Alpirsbach, Stadt","55 - 60 Jahre",440,232,208
"Alpirsbach, Stadt","60 - 65 Jahre",361,182,179
"Alpirsbach, Stadt","65 - 75 Jahre",720,361,359
"Alpirsbach, Stadt","75 und mehr Jahre",711,256,455
"Alpirsbach, Stadt","Insgesamt",6583,3241,3342
"Baiersbronn","unter 3 Jahre",334,183,151
"Baiersbronn","3 -  6 Jahre",346,179,167
"Baiersbronn","6 - 10 Jahre",582,304,278
"Baiersbronn","10 - 15 Jahre",802,404,398
"Baiersbronn","15 - 18 Jahre",542,293,249
"Baiersbronn","18 - 20 Jahre",391,207,184
"Baiersbronn","20 - 25 Jahre",987,482,505
"Baiersbronn","25 - 30 Jahre",874,435,439
"Baiersbronn","30 - 35 Jahre",841,441,400
"Baiersbronn","35 - 40 Jahre",984,469,515
"Baiersbronn","40 - 45 Jahre",1460,690,770
"Baiersbronn","45 - 50 Jahre",1365,683,682
"Baiersbronn","50 - 55 Jahre",1110,578,532
"Baiersbronn","55 - 60 Jahre",941,484,457
"Baiersbronn","60 - 65 Jahre",747,361,386
"Baiersbronn","65 - 75 Jahre",1693,787,906
"Baiersbronn","75 und mehr Jahre",1499,565,934
"Baiersbronn","Insgesamt",15498,7545,7953
"Dornstetten, Stadt","unter 3 Jahre",234,110,124
"Dornstetten, Stadt","3 -  6 Jahre",228,131,97
"Dornstetten, Stadt","6 - 10 Jahre",320,167,153
"Dornstetten, Stadt","10 - 15 Jahre",490,236,254
"Dornstetten, Stadt","15 - 18 Jahre",266,143,123
"Dornstetten, Stadt","18 - 20 Jahre",183,98,85
"Dornstetten, Stadt","20 - 25 Jahre",491,268,223
"Dornstetten, Stadt","25 - 30 Jahre",474,254,220
"Dornstetten, Stadt","30 - 35 Jahre",490,244,246
"Dornstetten, Stadt","35 - 40 Jahre",550,290,260
"Dornstetten, Stadt","40 - 45 Jahre",630,311,319
"Dornstetten, Stadt","45 - 50 Jahre",662,325,337
"Dornstetten, Stadt","50 - 55 Jahre",607,306,301
"Dornstetten, Stadt","55 - 60 Jahre",562,278,284
"Dornstetten, Stadt","60 - 65 Jahre",442,237,205
"Dornstetten, Stadt","65 - 75 Jahre",727,347,380
"Dornstetten, Stadt","75 und mehr Jahre",628,210,418
"Dornstetten, Stadt","Insgesamt",7984,3955,4029
"Empfingen","unter 3 Jahre",102,44,58
"Empfingen","3 -  6 Jahre",98,54,44
"Empfingen","6 - 10 Jahre",157,94,63
"Empfingen","10 - 15 Jahre",218,113,105
"Empfingen","15 - 18 Jahre",134,75,59
"Empfingen","18 - 20 Jahre",99,50,49
"Empfingen","20 - 25 Jahre",178,80,98
"Empfingen","25 - 30 Jahre",166,80,86
"Empfingen","30 - 35 Jahre",195,99,96
"Empfingen","35 - 40 Jahre",406,176,230
"Empfingen","40 - 45 Jahre",490,269,221
"Empfingen","45 - 50 Jahre",344,180,164
"Empfingen","50 - 55 Jahre",390,226,164
"Empfingen","55 - 60 Jahre",310,170,140
"Empfingen","60 - 65 Jahre",236,102,134
"Empfingen","65 - 75 Jahre",275,140,135
"Empfingen","75 und mehr Jahre",339,122,217
"Empfingen","Insgesamt",4137,2074,2063
"Eutingen im Gäu","unter 3 Jahre",145,68,77
"Eutingen im Gäu","3 -  6 Jahre",161,87,74
"Eutingen im Gäu","6 - 10 Jahre",237,130,107
"Eutingen im Gäu","10 - 15 Jahre",407,216,191
"Eutingen im Gäu","15 - 18 Jahre",242,123,119
"Eutingen im Gäu","18 - 20 Jahre",162,89,73
"Eutingen im Gäu","20 - 25 Jahre",318,166,152
"Eutingen im Gäu","25 - 30 Jahre",279,143,136
"Eutingen im Gäu","30 - 35 Jahre",277,143,134
"Eutingen im Gäu","35 - 40 Jahre",362,179,183
"Eutingen im Gäu","40 - 45 Jahre",513,254,259
"Eutingen im Gäu","45 - 50 Jahre",522,261,261
"Eutingen im Gäu","50 - 55 Jahre",404,213,191
"Eutingen im Gäu","55 - 60 Jahre",337,170,167
"Eutingen im Gäu","60 - 65 Jahre",264,143,121
"Eutingen im Gäu","65 - 75 Jahre",470,229,241
"Eutingen im Gäu","75 und mehr Jahre",341,138,203
"Eutingen im Gäu","Insgesamt",5441,2752,2689
"Freudenstadt, Stadt","unter 3 Jahre",583,283,300
"Freudenstadt, Stadt","3 -  6 Jahre",595,307,288
"Freudenstadt, Stadt","6 - 10 Jahre",807,421,386
"Freudenstadt, Stadt","10 - 15 Jahre",1193,623,570
"Freudenstadt, Stadt","15 - 18 Jahre",761,384,377
"Freudenstadt, Stadt","18 - 20 Jahre",555,273,282
"Freudenstadt, Stadt","20 - 25 Jahre",1381,706,675
"Freudenstadt, Stadt","25 - 30 Jahre",1375,657,718
"Freudenstadt, Stadt","30 - 35 Jahre",1290,642,648
"Freudenstadt, Stadt","35 - 40 Jahre",1335,625,710
"Freudenstadt, Stadt","40 - 45 Jahre",1874,914,960
"Freudenstadt, Stadt","45 - 50 Jahre",1889,946,943
"Freudenstadt, Stadt","50 - 55 Jahre",1764,864,900
"Freudenstadt, Stadt","55 - 60 Jahre",1574,774,800
"Freudenstadt, Stadt","60 - 65 Jahre",1302,659,643
"Freudenstadt, Stadt","65 - 75 Jahre",2739,1228,1511
"Freudenstadt, Stadt","75 und mehr Jahre",2534,896,1638
"Freudenstadt, Stadt","Insgesamt",23551,11202,12349
"Glatten","unter 3 Jahre",76,43,33
"Glatten","3 -  6 Jahre",71,42,29
"Glatten","6 - 10 Jahre",110,56,54
"Glatten","10 - 15 Jahre",145,68,77
"Glatten","15 - 18 Jahre",82,50,32
"Glatten","18 - 20 Jahre",80,39,41
"Glatten","20 - 25 Jahre",121,60,61
"Glatten","25 - 30 Jahre",154,76,78
"Glatten","30 - 35 Jahre",138,70,68
"Glatten","35 - 40 Jahre",118,63,55
"Glatten","40 - 45 Jahre",153,91,62
"Glatten","45 - 50 Jahre",177,79,98
"Glatten","50 - 55 Jahre",180,83,97
"Glatten","55 - 60 Jahre",177,99,78
"Glatten","60 - 65 Jahre",118,62,56
"Glatten","65 - 75 Jahre",245,120,125
"Glatten","75 und mehr Jahre",181,62,119
"Glatten","Insgesamt",2326,1163,1163
"Grömbach","unter 3 Jahre",10,5,5
"Grömbach","3 -  6 Jahre",20,11,9
"Grömbach","6 - 10 Jahre",28,18,10
"Grömbach","10 - 15 Jahre",50,23,27
"Grömbach","15 - 18 Jahre",23,13,10
"Grömbach","18 - 20 Jahre",23,12,11
"Grömbach","20 - 25 Jahre",43,24,19
"Grömbach","25 - 30 Jahre",33,19,14
"Grömbach","30 - 35 Jahre",30,16,14
"Grömbach","35 - 40 Jahre",52,24,28
"Grömbach","40 - 45 Jahre",70,36,34
"Grömbach","45 - 50 Jahre",57,28,29
"Grömbach","50 - 55 Jahre",42,21,21
"Grömbach","55 - 60 Jahre",44,23,21
"Grömbach","60 - 65 Jahre",43,17,26
"Grömbach","65 - 75 Jahre",62,36,26
"Grömbach","75 und mehr Jahre",50,17,33
"Grömbach","Insgesamt",680,343,337
"Horb am Neckar, Stadt","unter 3 Jahre",617,319,298
"Horb am Neckar, Stadt","3 -  6 Jahre",672,346,326
"Horb am Neckar, Stadt","6 - 10 Jahre",1048,553,495
"Horb am Neckar, Stadt","10 - 15 Jahre",1448,766,682
"Horb am Neckar, Stadt","15 - 18 Jahre",980,502,478
"Horb am Neckar, Stadt","18 - 20 Jahre",690,358,332
"Horb am Neckar, Stadt","20 - 25 Jahre",1618,841,777
"Horb am Neckar, Stadt","25 - 30 Jahre",1468,697,771
"Horb am Neckar, Stadt","30 - 35 Jahre",1478,753,725
"Horb am Neckar, Stadt","35 - 40 Jahre",1678,837,841
"Horb am Neckar, Stadt","40 - 45 Jahre",2110,1088,1022
"Horb am Neckar, Stadt","45 - 50 Jahre",2280,1147,1133
"Horb am Neckar, Stadt","50 - 55 Jahre",2027,1035,992
"Horb am Neckar, Stadt","55 - 60 Jahre",1691,856,835
"Horb am Neckar, Stadt","60 - 65 Jahre",1346,706,640
"Horb am Neckar, Stadt","65 - 75 Jahre",2495,1225,1270
"Horb am Neckar, Stadt","75 und mehr Jahre",1957,755,1202
"Horb am Neckar, Stadt","Insgesamt",25603,12784,12819
"Loßburg","unter 3 Jahre",167,76,91
"Loßburg","3 -  6 Jahre",165,83,82
"Loßburg","6 - 10 Jahre",300,172,128
"Loßburg","10 - 15 Jahre",435,231,204
"Loßburg","15 - 18 Jahre",331,174,157
"Loßburg","18 - 20 Jahre",207,110,97
"Loßburg","20 - 25 Jahre",443,229,214
"Loßburg","25 - 30 Jahre",402,205,197
"Loßburg","30 - 35 Jahre",397,184,213
"Loßburg","35 - 40 Jahre",398,193,205
"Loßburg","40 - 45 Jahre",622,328,294
"Loßburg","45 - 50 Jahre",744,392,352
"Loßburg","50 - 55 Jahre",643,317,326
"Loßburg","55 - 60 Jahre",467,250,217
"Loßburg","60 - 65 Jahre",384,209,175
"Loßburg","65 - 75 Jahre",794,378,416
"Loßburg","75 und mehr Jahre",714,283,431
"Loßburg","Insgesamt",7613,3814,3799
"Pfalzgrafenweiler","unter 3 Jahre",223,123,100
"Pfalzgrafenweiler","3 -  6 Jahre",223,105,118
"Pfalzgrafenweiler","6 - 10 Jahre",367,196,171
"Pfalzgrafenweiler","10 - 15 Jahre",471,242,229
"Pfalzgrafenweiler","15 - 18 Jahre",305,159,146
"Pfalzgrafenweiler","18 - 20 Jahre",201,96,105
"Pfalzgrafenweiler","20 - 25 Jahre",434,232,202
"Pfalzgrafenweiler","25 - 30 Jahre",395,206,189
"Pfalzgrafenweiler","30 - 35 Jahre",369,189,180
"Pfalzgrafenweiler","35 - 40 Jahre",451,222,229
"Pfalzgrafenweiler","40 - 45 Jahre",609,305,304
"Pfalzgrafenweiler","45 - 50 Jahre",610,299,311
"Pfalzgrafenweiler","50 - 55 Jahre",525,260,265
"Pfalzgrafenweiler","55 - 60 Jahre",441,224,217
"Pfalzgrafenweiler","60 - 65 Jahre",294,144,150
"Pfalzgrafenweiler","65 - 75 Jahre",653,300,353
"Pfalzgrafenweiler","75 und mehr Jahre",680,259,421
"Pfalzgrafenweiler","Insgesamt",7251,3561,3690
"Schopfloch","unter 3 Jahre",96,49,47
"Schopfloch","3 -  6 Jahre",98,57,41
"Schopfloch","6 - 10 Jahre",125,55,70
"Schopfloch","10 - 15 Jahre",166,95,71
"Schopfloch","15 - 18 Jahre",104,56,48
"Schopfloch","18 - 20 Jahre",59,33,26
"Schopfloch","20 - 25 Jahre",149,76,73
"Schopfloch","25 - 30 Jahre",138,73,65
"Schopfloch","30 - 35 Jahre",149,69,80
"Schopfloch","35 - 40 Jahre",175,79,96
"Schopfloch","40 - 45 Jahre",205,113,92
"Schopfloch","45 - 50 Jahre",232,113,119
"Schopfloch","50 - 55 Jahre",179,91,88
"Schopfloch","55 - 60 Jahre",173,93,80
"Schopfloch","60 - 65 Jahre",121,62,59
"Schopfloch","65 - 75 Jahre",250,115,135
"Schopfloch","75 und mehr Jahre",193,74,119
"Schopfloch","Insgesamt",2612,1303,1309
"Wörnersberg","unter 3 Jahre",10,3,7
"Wörnersberg","3 -  6 Jahre",11,5,6
"Wörnersberg","6 - 10 Jahre",19,9,10
"Wörnersberg","10 - 15 Jahre",16,8,8
"Wörnersberg","15 - 18 Jahre",9,7,2
"Wörnersberg","18 - 20 Jahre",10,6,4
"Wörnersberg","20 - 25 Jahre",22,12,10
"Wörnersberg","25 - 30 Jahre",18,8,10
"Wörnersberg","30 - 35 Jahre",10,6,4
"Wörnersberg","35 - 40 Jahre",16,6,10
"Wörnersberg","40 - 45 Jahre",16,7,9
"Wörnersberg","45 - 50 Jahre",23,14,9
"Wörnersberg","50 - 55 Jahre",21,6,15
"Wörnersberg","55 - 60 Jahre",9,7,2
"Wörnersberg","60 - 65 Jahre",8,4,4
"Wörnersberg","65 - 75 Jahre",14,6,8
"Wörnersberg","75 und mehr Jahre",17,6,11
"Wörnersberg","Insgesamt",249,120,129
"Seewald","unter 3 Jahre",55,29,26
"Seewald","3 -  6 Jahre",63,25,38
"Seewald","6 - 10 Jahre",72,32,40
"Seewald","10 - 15 Jahre",113,58,55
"Seewald","15 - 18 Jahre",100,54,46
"Seewald","18 - 20 Jahre",54,26,28
"Seewald","20 - 25 Jahre",112,58,54
"Seewald","25 - 30 Jahre",131,71,60
"Seewald","30 - 35 Jahre",105,55,50
"Seewald","35 - 40 Jahre",121,61,60
"Seewald","40 - 45 Jahre",186,105,81
"Seewald","45 - 50 Jahre",219,107,112
"Seewald","50 - 55 Jahre",184,94,90
"Seewald","55 - 60 Jahre",129,63,66
"Seewald","60 - 65 Jahre",127,70,57
"Seewald","65 - 75 Jahre",271,117,154
"Seewald","75 und mehr Jahre",283,102,181
"Seewald","Insgesamt",2325,1127,1198
"Waldachtal","unter 3 Jahre",133,78,55
"Waldachtal","3 -  6 Jahre",148,75,73
"Waldachtal","6 - 10 Jahre",218,109,109
"Waldachtal","10 - 15 Jahre",322,166,156
"Waldachtal","15 - 18 Jahre",258,126,132
"Waldachtal","18 - 20 Jahre",163,78,85
"Waldachtal","20 - 25 Jahre",364,196,168
"Waldachtal","25 - 30 Jahre",304,156,148
"Waldachtal","30 - 35 Jahre",312,147,165
"Waldachtal","35 - 40 Jahre",365,178,187
"Waldachtal","40 - 45 Jahre",461,222,239
"Waldachtal","45 - 50 Jahre",512,258,254
"Waldachtal","50 - 55 Jahre",483,258,225
"Waldachtal","55 - 60 Jahre",442,222,220
"Waldachtal","60 - 65 Jahre",337,172,165
"Waldachtal","65 - 75 Jahre",578,279,299
"Waldachtal","75 und mehr Jahre",391,119,272
"Waldachtal","Insgesamt",5791,2839,2952
"Bad Rippoldsau-Schapbach","unter 3 Jahre",45,22,23
"Bad Rippoldsau-Schapbach","3 -  6 Jahre",66,29,37
"Bad Rippoldsau-Schapbach","6 - 10 Jahre",91,44,47
"Bad Rippoldsau-Schapbach","10 - 15 Jahre",127,70,57
"Bad Rippoldsau-Schapbach","15 - 18 Jahre",95,46,49
"Bad Rippoldsau-Schapbach","18 - 20 Jahre",42,24,18
"Bad Rippoldsau-Schapbach","20 - 25 Jahre",101,51,50
"Bad Rippoldsau-Schapbach","25 - 30 Jahre",108,60,48
"Bad Rippoldsau-Schapbach","30 - 35 Jahre",110,50,60
"Bad Rippoldsau-Schapbach","35 - 40 Jahre",133,73,60
"Bad Rippoldsau-Schapbach","40 - 45 Jahre",163,88,75
"Bad Rippoldsau-Schapbach","45 - 50 Jahre",202,100,102
"Bad Rippoldsau-Schapbach","50 - 55 Jahre",173,113,60
"Bad Rippoldsau-Schapbach","55 - 60 Jahre",121,63,58
"Bad Rippoldsau-Schapbach","60 - 65 Jahre",136,71,65
"Bad Rippoldsau-Schapbach","65 - 75 Jahre",268,119,149
"Bad Rippoldsau-Schapbach","75 und mehr Jahre",253,110,143
"Bad Rippoldsau-Schapbach","Insgesamt",2234,1133,1101
"Regierungsbezirk Freiburg","unter 3 Jahre",56196,28793,27403
"Regierungsbezirk Freiburg","3 -  6 Jahre",58185,29562,28623
"Regierungsbezirk Freiburg","6 - 10 Jahre",82237,42325,39912
"Regierungsbezirk Freiburg","10 - 15 Jahre",118910,61135,57775
"Regierungsbezirk Freiburg","15 - 18 Jahre",73569,37861,35708
"Regierungsbezirk Freiburg","18 - 20 Jahre",52395,26731,25664
"Regierungsbezirk Freiburg","20 - 25 Jahre",139427,69959,69468
"Regierungsbezirk Freiburg","25 - 30 Jahre",131270,65896,65374
"Regierungsbezirk Freiburg","30 - 35 Jahre",124029,61385,62644
"Regierungsbezirk Freiburg","35 - 40 Jahre",131577,65275,66302
"Regierungsbezirk Freiburg","40 - 45 Jahre",179861,90167,89694
"Regierungsbezirk Freiburg","45 - 50 Jahre",192095,97129,94966
"Regierungsbezirk Freiburg","50 - 55 Jahre",167565,84508,83057
"Regierungsbezirk Freiburg","55 - 60 Jahre",142100,70387,71713
"Regierungsbezirk Freiburg","60 - 65 Jahre",117637,58129,59508
"Regierungsbezirk Freiburg","65 - 75 Jahre",232121,109650,122471
"Regierungsbezirk Freiburg","75 und mehr Jahre",199951,76732,123219
"Regierungsbezirk Freiburg","Insgesamt",2199125,1075624,1123501
"Stadtkreis Freiburg im Breisgau","unter 3 Jahre",6179,3266,2913
"Stadtkreis Freiburg im Breisgau","3 -  6 Jahre",5625,2769,2856
"Stadtkreis Freiburg im Breisgau","6 - 10 Jahre",7081,3643,3438
"Stadtkreis Freiburg im Breisgau","10 - 15 Jahre",9338,4879,4459
"Stadtkreis Freiburg im Breisgau","15 - 18 Jahre",5318,2732,2586
"Stadtkreis Freiburg im Breisgau","18 - 20 Jahre",4417,1985,2432
"Stadtkreis Freiburg im Breisgau","20 - 25 Jahre",20261,8731,11530
"Stadtkreis Freiburg im Breisgau","25 - 30 Jahre",20586,9833,10753
"Stadtkreis Freiburg im Breisgau","30 - 35 Jahre",17048,8551,8497
"Stadtkreis Freiburg im Breisgau","35 - 40 Jahre",15038,7572,7466
"Stadtkreis Freiburg im Breisgau","40 - 45 Jahre",18359,9144,9215
"Stadtkreis Freiburg im Breisgau","45 - 50 Jahre",19845,9979,9866
"Stadtkreis Freiburg im Breisgau","50 - 55 Jahre",16195,8239,7956
"Stadtkreis Freiburg im Breisgau","55 - 60 Jahre",12657,6254,6403
"Stadtkreis Freiburg im Breisgau","60 - 65 Jahre",10031,4852,5179
"Stadtkreis Freiburg im Breisgau","65 - 75 Jahre",19022,8615,10407
"Stadtkreis Freiburg im Breisgau","75 und mehr Jahre",17191,6053,11138
"Stadtkreis Freiburg im Breisgau","Insgesamt",224191,107097,117094
"Freiburg im Breisgau, Stadt","unter 3 Jahre",6179,3266,2913
"Freiburg im Breisgau, Stadt","3 -  6 Jahre",5625,2769,2856
"Freiburg im Breisgau, Stadt","6 - 10 Jahre",7081,3643,3438
"Freiburg im Breisgau, Stadt","10 - 15 Jahre",9338,4879,4459
"Freiburg im Breisgau, Stadt","15 - 18 Jahre",5318,2732,2586
"Freiburg im Breisgau, Stadt","18 - 20 Jahre",4417,1985,2432
"Freiburg im Breisgau, Stadt","20 - 25 Jahre",20261,8731,11530
"Freiburg im Breisgau, Stadt","25 - 30 Jahre",20586,9833,10753
"Freiburg im Breisgau, Stadt","30 - 35 Jahre",17048,8551,8497
"Freiburg im Breisgau, Stadt","35 - 40 Jahre",15038,7572,7466
"Freiburg im Breisgau, Stadt","40 - 45 Jahre",18359,9144,9215
"Freiburg im Breisgau, Stadt","45 - 50 Jahre",19845,9979,9866
"Freiburg im Breisgau, Stadt","50 - 55 Jahre",16195,8239,7956
"Freiburg im Breisgau, Stadt","55 - 60 Jahre",12657,6254,6403
"Freiburg im Breisgau, Stadt","60 - 65 Jahre",10031,4852,5179
"Freiburg im Breisgau, Stadt","65 - 75 Jahre",19022,8615,10407
"Freiburg im Breisgau, Stadt","75 und mehr Jahre",17191,6053,11138
"Freiburg im Breisgau, Stadt","Insgesamt",224191,107097,117094
"Landkreis Breisgau-Hochschwarzwald","unter 3 Jahre",6429,3286,3143
"Landkreis Breisgau-Hochschwarzwald","3 -  6 Jahre",6774,3458,3316
"Landkreis Breisgau-Hochschwarzwald","6 - 10 Jahre",9817,5097,4720
"Landkreis Breisgau-Hochschwarzwald","10 - 15 Jahre",13951,7315,6636
"Landkreis Breisgau-Hochschwarzwald","15 - 18 Jahre",8851,4617,4234
"Landkreis Breisgau-Hochschwarzwald","18 - 20 Jahre",6146,3210,2936
"Landkreis Breisgau-Hochschwarzwald","20 - 25 Jahre",14073,7161,6912
"Landkreis Breisgau-Hochschwarzwald","25 - 30 Jahre",13180,6592,6588
"Landkreis Breisgau-Hochschwarzwald","30 - 35 Jahre",13139,6389,6750
"Landkreis Breisgau-Hochschwarzwald","35 - 40 Jahre",14687,7032,7655
"Landkreis Breisgau-Hochschwarzwald","40 - 45 Jahre",21065,10391,10674
"Landkreis Breisgau-Hochschwarzwald","45 - 50 Jahre",22015,11018,10997
"Landkreis Breisgau-Hochschwarzwald","50 - 55 Jahre",19325,9668,9657
"Landkreis Breisgau-Hochschwarzwald","55 - 60 Jahre",16923,8211,8712
"Landkreis Breisgau-Hochschwarzwald","60 - 65 Jahre",14399,7052,7347
"Landkreis Breisgau-Hochschwarzwald","65 - 75 Jahre",27875,13306,14569
"Landkreis Breisgau-Hochschwarzwald","75 und mehr Jahre",22617,9054,13563
"Landkreis Breisgau-Hochschwarzwald","Insgesamt",251266,122857,128409
"Au","unter 3 Jahre",39,21,18
"Au","3 -  6 Jahre",52,28,24
"Au","6 - 10 Jahre",56,32,24
"Au","10 - 15 Jahre",100,55,45
"Au","15 - 18 Jahre",62,31,31
"Au","18 - 20 Jahre",34,20,14
"Au","20 - 25 Jahre",61,33,28
"Au","25 - 30 Jahre",61,31,30
"Au","30 - 35 Jahre",79,45,34
"Au","35 - 40 Jahre",85,37,48
"Au","40 - 45 Jahre",147,75,72
"Au","45 - 50 Jahre",136,66,70
"Au","50 - 55 Jahre",118,53,65
"Au","55 - 60 Jahre",92,44,48
"Au","60 - 65 Jahre",81,43,38
"Au","65 - 75 Jahre",148,72,76
"Au","75 und mehr Jahre",102,41,61
"Au","Insgesamt",1453,727,726
"Auggen","unter 3 Jahre",68,36,32
"Auggen","3 -  6 Jahre",74,41,33
"Auggen","6 - 10 Jahre",104,53,51
"Auggen","10 - 15 Jahre",153,75,78
"Auggen","15 - 18 Jahre",99,52,47
"Auggen","18 - 20 Jahre",56,35,21
"Auggen","20 - 25 Jahre",113,48,65
"Auggen","25 - 30 Jahre",141,70,71
"Auggen","30 - 35 Jahre",160,79,81
"Auggen","35 - 40 Jahre",144,66,78
"Auggen","40 - 45 Jahre",240,119,121
"Auggen","45 - 50 Jahre",184,103,81
"Auggen","50 - 55 Jahre",164,84,80
"Auggen","55 - 60 Jahre",163,69,94
"Auggen","60 - 65 Jahre",164,88,76
"Auggen","65 - 75 Jahre",262,134,128
"Auggen","75 und mehr Jahre",190,73,117
"Auggen","Insgesamt",2479,1225,1254
"Bad Krozingen, Stadt","unter 3 Jahre",400,202,198
"Bad Krozingen, Stadt","3 -  6 Jahre",418,210,208
"Bad Krozingen, Stadt","6 - 10 Jahre",587,301,286
"Bad Krozingen, Stadt","10 - 15 Jahre",908,476,432
"Bad Krozingen, Stadt","15 - 18 Jahre",545,275,270
"Bad Krozingen, Stadt","18 - 20 Jahre",359,174,185
"Bad Krozingen, Stadt","20 - 25 Jahre",899,470,429
"Bad Krozingen, Stadt","25 - 30 Jahre",827,432,395
"Bad Krozingen, Stadt","30 - 35 Jahre",852,409,443
"Bad Krozingen, Stadt","35 - 40 Jahre",963,437,526
"Bad Krozingen, Stadt","40 - 45 Jahre",1268,612,656
"Bad Krozingen, Stadt","45 - 50 Jahre",1330,672,658
"Bad Krozingen, Stadt","50 - 55 Jahre",1208,577,631
"Bad Krozingen, Stadt","55 - 60 Jahre",1170,529,641
"Bad Krozingen, Stadt","60 - 65 Jahre",1033,483,550
"Bad Krozingen, Stadt","65 - 75 Jahre",2131,969,1162
"Bad Krozingen, Stadt","75 und mehr Jahre",2165,812,1353
"Bad Krozingen, Stadt","Insgesamt",17063,8040,9023
"Badenweiler","unter 3 Jahre",55,31,24
"Badenweiler","3 -  6 Jahre",67,34,33
"Badenweiler","6 - 10 Jahre",103,45,58
"Badenweiler","10 - 15 Jahre",154,76,78
"Badenweiler","15 - 18 Jahre",114,63,51
"Badenweiler","18 - 20 Jahre",82,38,44
"Badenweiler","20 - 25 Jahre",197,92,105
"Badenweiler","25 - 30 Jahre",189,99,90
"Badenweiler","30 - 35 Jahre",154,78,76
"Badenweiler","35 - 40 Jahre",157,71,86
"Badenweiler","40 - 45 Jahre",274,137,137
"Badenweiler","45 - 50 Jahre",293,135,158
"Badenweiler","50 - 55 Jahre",309,148,161
"Badenweiler","55 - 60 Jahre",303,154,149
"Badenweiler","60 - 65 Jahre",274,115,159
"Badenweiler","65 - 75 Jahre",650,308,342
"Badenweiler","75 und mehr Jahre",532,221,311
"Badenweiler","Insgesamt",3907,1845,2062
"Ballrechten-Dottingen","unter 3 Jahre",58,22,36
"Ballrechten-Dottingen","3 -  6 Jahre",58,29,29
"Ballrechten-Dottingen","6 - 10 Jahre",88,42,46
"Ballrechten-Dottingen","10 - 15 Jahre",151,79,72
"Ballrechten-Dottingen","15 - 18 Jahre",98,52,46
"Ballrechten-Dottingen","18 - 20 Jahre",67,30,37
"Ballrechten-Dottingen","20 - 25 Jahre",149,83,66
"Ballrechten-Dottingen","25 - 30 Jahre",141,66,75
"Ballrechten-Dottingen","30 - 35 Jahre",120,57,63
"Ballrechten-Dottingen","35 - 40 Jahre",142,74,68
"Ballrechten-Dottingen","40 - 45 Jahre",233,111,122
"Ballrechten-Dottingen","45 - 50 Jahre",212,101,111
"Ballrechten-Dottingen","50 - 55 Jahre",182,88,94
"Ballrechten-Dottingen","55 - 60 Jahre",148,76,72
"Ballrechten-Dottingen","60 - 65 Jahre",137,68,69
"Ballrechten-Dottingen","65 - 75 Jahre",191,99,92
"Ballrechten-Dottingen","75 und mehr Jahre",128,51,77
"Ballrechten-Dottingen","Insgesamt",2303,1128,1175
"Bötzingen","unter 3 Jahre",139,60,79
"Bötzingen","3 -  6 Jahre",195,103,92
"Bötzingen","6 - 10 Jahre",243,124,119
"Bötzingen","10 - 15 Jahre",311,149,162
"Bötzingen","15 - 18 Jahre",216,115,101
"Bötzingen","18 - 20 Jahre",123,71,52
"Bötzingen","20 - 25 Jahre",329,175,154
"Bötzingen","25 - 30 Jahre",332,160,172
"Bötzingen","30 - 35 Jahre",315,169,146
"Bötzingen","35 - 40 Jahre",327,162,165
"Bötzingen","40 - 45 Jahre",451,220,231
"Bötzingen","45 - 50 Jahre",491,258,233
"Bötzingen","50 - 55 Jahre",368,194,174
"Bötzingen","55 - 60 Jahre",319,145,174
"Bötzingen","60 - 65 Jahre",270,129,141
"Bötzingen","65 - 75 Jahre",545,271,274
"Bötzingen","75 und mehr Jahre",377,165,212
"Bötzingen","Insgesamt",5351,2670,2681
"Bollschweil","unter 3 Jahre",55,24,31
"Bollschweil","3 -  6 Jahre",63,34,29
"Bollschweil","6 - 10 Jahre",108,54,54
"Bollschweil","10 - 15 Jahre",111,55,56
"Bollschweil","15 - 18 Jahre",74,45,29
"Bollschweil","18 - 20 Jahre",65,37,28
"Bollschweil","20 - 25 Jahre",102,47,55
"Bollschweil","25 - 30 Jahre",93,45,48
"Bollschweil","30 - 35 Jahre",104,42,62
"Bollschweil","35 - 40 Jahre",112,53,59
"Bollschweil","40 - 45 Jahre",206,97,109
"Bollschweil","45 - 50 Jahre",241,138,103
"Bollschweil","50 - 55 Jahre",187,92,95
"Bollschweil","55 - 60 Jahre",166,74,92
"Bollschweil","60 - 65 Jahre",148,67,81
"Bollschweil","65 - 75 Jahre",262,129,133
"Bollschweil","75 und mehr Jahre",184,95,89
"Bollschweil","Insgesamt",2281,1128,1153
"Breisach am Rhein, Stadt","unter 3 Jahre",366,181,185
"Breisach am Rhein, Stadt","3 -  6 Jahre",393,193,200
"Breisach am Rhein, Stadt","6 - 10 Jahre",559,302,257
"Breisach am Rhein, Stadt","10 - 15 Jahre",920,483,437
"Breisach am Rhein, Stadt","15 - 18 Jahre",594,310,284
"Breisach am Rhein, Stadt","18 - 20 Jahre",373,201,172
"Breisach am Rhein, Stadt","20 - 25 Jahre",804,444,360
"Breisach am Rhein, Stadt","25 - 30 Jahre",727,389,338
"Breisach am Rhein, Stadt","30 - 35 Jahre",760,371,389
"Breisach am Rhein, Stadt","35 - 40 Jahre",884,445,439
"Breisach am Rhein, Stadt","40 - 45 Jahre",1222,627,595
"Breisach am Rhein, Stadt","45 - 50 Jahre",1244,619,625
"Breisach am Rhein, Stadt","50 - 55 Jahre",1197,571,626
"Breisach am Rhein, Stadt","55 - 60 Jahre",1002,511,491
"Breisach am Rhein, Stadt","60 - 65 Jahre",850,444,406
"Breisach am Rhein, Stadt","65 - 75 Jahre",1459,715,744
"Breisach am Rhein, Stadt","75 und mehr Jahre",1151,442,709
"Breisach am Rhein, Stadt","Insgesamt",14505,7248,7257
"Breitnau","unter 3 Jahre",55,29,26
"Breitnau","3 -  6 Jahre",55,26,29
"Breitnau","6 - 10 Jahre",100,39,61
"Breitnau","10 - 15 Jahre",101,50,51
"Breitnau","15 - 18 Jahre",49,29,20
"Breitnau","18 - 20 Jahre",68,48,20
"Breitnau","20 - 25 Jahre",100,52,48
"Breitnau","25 - 30 Jahre",116,59,57
"Breitnau","30 - 35 Jahre",124,64,60
"Breitnau","35 - 40 Jahre",196,92,104
"Breitnau","40 - 45 Jahre",198,108,90
"Breitnau","45 - 50 Jahre",137,76,61
"Breitnau","50 - 55 Jahre",125,72,53
"Breitnau","55 - 60 Jahre",109,58,51
"Breitnau","60 - 65 Jahre",96,49,47
"Breitnau","65 - 75 Jahre",177,85,92
"Breitnau","75 und mehr Jahre",152,72,80
"Breitnau","Insgesamt",1958,1008,950
"Buchenbach","unter 3 Jahre",92,53,39
"Buchenbach","3 -  6 Jahre",83,39,44
"Buchenbach","6 - 10 Jahre",153,82,71
"Buchenbach","10 - 15 Jahre",201,111,90
"Buchenbach","15 - 18 Jahre",124,63,61
"Buchenbach","18 - 20 Jahre",95,47,48
"Buchenbach","20 - 25 Jahre",182,81,101
"Buchenbach","25 - 30 Jahre",146,65,81
"Buchenbach","30 - 35 Jahre",177,96,81
"Buchenbach","35 - 40 Jahre",189,89,100
"Buchenbach","40 - 45 Jahre",280,143,137
"Buchenbach","45 - 50 Jahre",302,144,158
"Buchenbach","50 - 55 Jahre",229,117,112
"Buchenbach","55 - 60 Jahre",205,91,114
"Buchenbach","60 - 65 Jahre",169,85,84
"Buchenbach","65 - 75 Jahre",337,152,185
"Buchenbach","75 und mehr Jahre",231,89,142
"Buchenbach","Insgesamt",3195,1547,1648
"Buggingen","unter 3 Jahre",109,53,56
"Buggingen","3 -  6 Jahre",107,67,40
"Buggingen","6 - 10 Jahre",153,76,77
"Buggingen","10 - 15 Jahre",220,121,99
"Buggingen","15 - 18 Jahre",141,74,67
"Buggingen","18 - 20 Jahre",86,47,39
"Buggingen","20 - 25 Jahre",228,129,99
"Buggingen","25 - 30 Jahre",237,118,119
"Buggingen","30 - 35 Jahre",207,104,103
"Buggingen","35 - 40 Jahre",253,117,136
"Buggingen","40 - 45 Jahre",333,173,160
"Buggingen","45 - 50 Jahre",351,178,173
"Buggingen","50 - 55 Jahre",294,149,145
"Buggingen","55 - 60 Jahre",282,154,128
"Buggingen","60 - 65 Jahre",211,100,111
"Buggingen","65 - 75 Jahre",371,189,182
"Buggingen","75 und mehr Jahre",318,125,193
"Buggingen","Insgesamt",3901,1974,1927
"Ebringen","unter 3 Jahre",77,39,38
"Ebringen","3 -  6 Jahre",78,45,33
"Ebringen","6 - 10 Jahre",105,61,44
"Ebringen","10 - 15 Jahre",149,76,73
"Ebringen","15 - 18 Jahre",89,35,54
"Ebringen","18 - 20 Jahre",77,39,38
"Ebringen","20 - 25 Jahre",160,96,64
"Ebringen","25 - 30 Jahre",169,79,90
"Ebringen","30 - 35 Jahre",143,62,81
"Ebringen","35 - 40 Jahre",177,95,82
"Ebringen","40 - 45 Jahre",247,119,128
"Ebringen","45 - 50 Jahre",276,137,139
"Ebringen","50 - 55 Jahre",207,114,93
"Ebringen","55 - 60 Jahre",183,90,93
"Ebringen","60 - 65 Jahre",169,84,85
"Ebringen","65 - 75 Jahre",257,130,127
"Ebringen","75 und mehr Jahre",208,80,128
"Ebringen","Insgesamt",2771,1381,1390
"Eichstetten am Kaiserstuhl","unter 3 Jahre",113,59,54
"Eichstetten am Kaiserstuhl","3 -  6 Jahre",97,53,44
"Eichstetten am Kaiserstuhl","6 - 10 Jahre",172,87,85
"Eichstetten am Kaiserstuhl","10 - 15 Jahre",207,113,94
"Eichstetten am Kaiserstuhl","15 - 18 Jahre",113,57,56
"Eichstetten am Kaiserstuhl","18 - 20 Jahre",105,54,51
"Eichstetten am Kaiserstuhl","20 - 25 Jahre",211,109,102
"Eichstetten am Kaiserstuhl","25 - 30 Jahre",190,87,103
"Eichstetten am Kaiserstuhl","30 - 35 Jahre",174,90,84
"Eichstetten am Kaiserstuhl","35 - 40 Jahre",197,88,109
"Eichstetten am Kaiserstuhl","40 - 45 Jahre",298,152,146
"Eichstetten am Kaiserstuhl","45 - 50 Jahre",310,159,151
"Eichstetten am Kaiserstuhl","50 - 55 Jahre",257,136,121
"Eichstetten am Kaiserstuhl","55 - 60 Jahre",223,107,116
"Eichstetten am Kaiserstuhl","60 - 65 Jahre",180,97,83
"Eichstetten am Kaiserstuhl","65 - 75 Jahre",252,118,134
"Eichstetten am Kaiserstuhl","75 und mehr Jahre",222,75,147
"Eichstetten am Kaiserstuhl","Insgesamt",3321,1641,1680
"Eisenbach (Hochschwarzwald)","unter 3 Jahre",49,28,21
"Eisenbach (Hochschwarzwald)","3 -  6 Jahre",55,27,28
"Eisenbach (Hochschwarzwald)","6 - 10 Jahre",84,39,45
"Eisenbach (Hochschwarzwald)","10 - 15 Jahre",138,70,68
"Eisenbach (Hochschwarzwald)","15 - 18 Jahre",94,54,40
"Eisenbach (Hochschwarzwald)","18 - 20 Jahre",57,32,25
"Eisenbach (Hochschwarzwald)","20 - 25 Jahre",108,54,54
"Eisenbach (Hochschwarzwald)","25 - 30 Jahre",87,53,34
"Eisenbach (Hochschwarzwald)","30 - 35 Jahre",100,44,56
"Eisenbach (Hochschwarzwald)","35 - 40 Jahre",108,59,49
"Eisenbach (Hochschwarzwald)","40 - 45 Jahre",174,80,94
"Eisenbach (Hochschwarzwald)","45 - 50 Jahre",194,101,93
"Eisenbach (Hochschwarzwald)","50 - 55 Jahre",165,93,72
"Eisenbach (Hochschwarzwald)","55 - 60 Jahre",122,56,66
"Eisenbach (Hochschwarzwald)","60 - 65 Jahre",122,61,61
"Eisenbach (Hochschwarzwald)","65 - 75 Jahre",282,147,135
"Eisenbach (Hochschwarzwald)","75 und mehr Jahre",210,92,118
"Eisenbach (Hochschwarzwald)","Insgesamt",2149,1090,1059
"Eschbach","unter 3 Jahre",78,37,41
"Eschbach","3 -  6 Jahre",74,36,38
"Eschbach","6 - 10 Jahre",88,43,45
"Eschbach","10 - 15 Jahre",169,83,86
"Eschbach","15 - 18 Jahre",107,53,54
"Eschbach","18 - 20 Jahre",68,35,33
"Eschbach","20 - 25 Jahre",135,71,64
"Eschbach","25 - 30 Jahre",124,59,65
"Eschbach","30 - 35 Jahre",182,88,94
"Eschbach","35 - 40 Jahre",164,78,86
"Eschbach","40 - 45 Jahre",252,150,102
"Eschbach","45 - 50 Jahre",238,130,108
"Eschbach","50 - 55 Jahre",199,94,105
"Eschbach","55 - 60 Jahre",150,86,64
"Eschbach","60 - 65 Jahre",118,56,62
"Eschbach","65 - 75 Jahre",170,89,81
"Eschbach","75 und mehr Jahre",100,43,57
"Eschbach","Insgesamt",2416,1231,1185
"Feldberg (Schwarzwald)","unter 3 Jahre",32,18,14
"Feldberg (Schwarzwald)","3 -  6 Jahre",39,22,17
"Feldberg (Schwarzwald)","6 - 10 Jahre",57,28,29
"Feldberg (Schwarzwald)","10 - 15 Jahre",88,40,48
"Feldberg (Schwarzwald)","15 - 18 Jahre",51,24,27
"Feldberg (Schwarzwald)","18 - 20 Jahre",37,20,17
"Feldberg (Schwarzwald)","20 - 25 Jahre",100,51,49
"Feldberg (Schwarzwald)","25 - 30 Jahre",90,42,48
"Feldberg (Schwarzwald)","30 - 35 Jahre",76,31,45
"Feldberg (Schwarzwald)","35 - 40 Jahre",113,49,64
"Feldberg (Schwarzwald)","40 - 45 Jahre",169,91,78
"Feldberg (Schwarzwald)","45 - 50 Jahre",173,96,77
"Feldberg (Schwarzwald)","50 - 55 Jahre",152,79,73
"Feldberg (Schwarzwald)","55 - 60 Jahre",143,64,79
"Feldberg (Schwarzwald)","60 - 65 Jahre",107,56,51
"Feldberg (Schwarzwald)","65 - 75 Jahre",220,110,110
"Feldberg (Schwarzwald)","75 und mehr Jahre",194,84,110
"Feldberg (Schwarzwald)","Insgesamt",1841,905,936
"Friedenweiler","unter 3 Jahre",44,22,22
"Friedenweiler","3 -  6 Jahre",59,34,25
"Friedenweiler","6 - 10 Jahre",71,40,31
"Friedenweiler","10 - 15 Jahre",108,55,53
"Friedenweiler","15 - 18 Jahre",78,40,38
"Friedenweiler","18 - 20 Jahre",50,28,22
"Friedenweiler","20 - 25 Jahre",126,71,55
"Friedenweiler","25 - 30 Jahre",100,52,48
"Friedenweiler","30 - 35 Jahre",79,42,37
"Friedenweiler","35 - 40 Jahre",105,57,48
"Friedenweiler","40 - 45 Jahre",157,78,79
"Friedenweiler","45 - 50 Jahre",178,89,89
"Friedenweiler","50 - 55 Jahre",141,69,72
"Friedenweiler","55 - 60 Jahre",138,69,69
"Friedenweiler","60 - 65 Jahre",111,56,55
"Friedenweiler","65 - 75 Jahre",196,86,110
"Friedenweiler","75 und mehr Jahre",208,86,122
"Friedenweiler","Insgesamt",1949,974,975
"Glottertal","unter 3 Jahre",81,49,32
"Glottertal","3 -  6 Jahre",102,52,50
"Glottertal","6 - 10 Jahre",148,72,76
"Glottertal","10 - 15 Jahre",170,85,85
"Glottertal","15 - 18 Jahre",105,57,48
"Glottertal","18 - 20 Jahre",72,37,35
"Glottertal","20 - 25 Jahre",168,80,88
"Glottertal","25 - 30 Jahre",157,81,76
"Glottertal","30 - 35 Jahre",154,71,83
"Glottertal","35 - 40 Jahre",184,85,99
"Glottertal","40 - 45 Jahre",275,140,135
"Glottertal","45 - 50 Jahre",282,141,141
"Glottertal","50 - 55 Jahre",229,122,107
"Glottertal","55 - 60 Jahre",188,104,84
"Glottertal","60 - 65 Jahre",170,85,85
"Glottertal","65 - 75 Jahre",264,137,127
"Glottertal","75 und mehr Jahre",276,111,165
"Glottertal","Insgesamt",3025,1509,1516
"Gottenheim","unter 3 Jahre",89,46,43
"Gottenheim","3 -  6 Jahre",89,47,42
"Gottenheim","6 - 10 Jahre",107,54,53
"Gottenheim","10 - 15 Jahre",125,66,59
"Gottenheim","15 - 18 Jahre",96,46,50
"Gottenheim","18 - 20 Jahre",60,32,28
"Gottenheim","20 - 25 Jahre",176,78,98
"Gottenheim","25 - 30 Jahre",127,65,62
"Gottenheim","30 - 35 Jahre",161,88,73
"Gottenheim","35 - 40 Jahre",176,86,90
"Gottenheim","40 - 45 Jahre",219,112,107
"Gottenheim","45 - 50 Jahre",218,97,121
"Gottenheim","50 - 55 Jahre",209,105,104
"Gottenheim","55 - 60 Jahre",173,77,96
"Gottenheim","60 - 65 Jahre",131,65,66
"Gottenheim","65 - 75 Jahre",215,107,108
"Gottenheim","75 und mehr Jahre",237,93,144
"Gottenheim","Insgesamt",2608,1264,1344
"Gundelfingen","unter 3 Jahre",291,131,160
"Gundelfingen","3 -  6 Jahre",324,165,159
"Gundelfingen","6 - 10 Jahre",392,208,184
"Gundelfingen","10 - 15 Jahre",519,259,260
"Gundelfingen","15 - 18 Jahre",316,167,149
"Gundelfingen","18 - 20 Jahre",232,133,99
"Gundelfingen","20 - 25 Jahre",587,264,323
"Gundelfingen","25 - 30 Jahre",648,311,337
"Gundelfingen","30 - 35 Jahre",631,318,313
"Gundelfingen","35 - 40 Jahre",669,339,330
"Gundelfingen","40 - 45 Jahre",939,466,473
"Gundelfingen","45 - 50 Jahre",1129,556,573
"Gundelfingen","50 - 55 Jahre",908,455,453
"Gundelfingen","55 - 60 Jahre",813,371,442
"Gundelfingen","60 - 65 Jahre",726,331,395
"Gundelfingen","65 - 75 Jahre",1412,661,751
"Gundelfingen","75 und mehr Jahre",1104,436,668
"Gundelfingen","Insgesamt",11640,5571,6069
"Hartheim","unter 3 Jahre",136,65,71
"Hartheim","3 -  6 Jahre",152,80,72
"Hartheim","6 - 10 Jahre",209,108,101
"Hartheim","10 - 15 Jahre",302,163,139
"Hartheim","15 - 18 Jahre",164,89,75
"Hartheim","18 - 20 Jahre",127,67,60
"Hartheim","20 - 25 Jahre",290,161,129
"Hartheim","25 - 30 Jahre",309,145,164
"Hartheim","30 - 35 Jahre",313,154,159
"Hartheim","35 - 40 Jahre",298,145,153
"Hartheim","40 - 45 Jahre",362,184,178
"Hartheim","45 - 50 Jahre",431,220,211
"Hartheim","50 - 55 Jahre",364,190,174
"Hartheim","55 - 60 Jahre",339,169,170
"Hartheim","60 - 65 Jahre",245,128,117
"Hartheim","65 - 75 Jahre",371,195,176
"Hartheim","75 und mehr Jahre",233,92,141
"Hartheim","Insgesamt",4645,2355,2290
"Heitersheim, Stadt","unter 3 Jahre",136,67,69
"Heitersheim, Stadt","3 -  6 Jahre",169,77,92
"Heitersheim, Stadt","6 - 10 Jahre",250,141,109
"Heitersheim, Stadt","10 - 15 Jahre",355,180,175
"Heitersheim, Stadt","15 - 18 Jahre",236,127,109
"Heitersheim, Stadt","18 - 20 Jahre",144,62,82
"Heitersheim, Stadt","20 - 25 Jahre",332,173,159
"Heitersheim, Stadt","25 - 30 Jahre",335,158,177
"Heitersheim, Stadt","30 - 35 Jahre",293,146,147
"Heitersheim, Stadt","35 - 40 Jahre",403,189,214
"Heitersheim, Stadt","40 - 45 Jahre",537,273,264
"Heitersheim, Stadt","45 - 50 Jahre",530,256,274
"Heitersheim, Stadt","50 - 55 Jahre",486,243,243
"Heitersheim, Stadt","55 - 60 Jahre",373,183,190
"Heitersheim, Stadt","60 - 65 Jahre",330,156,174
"Heitersheim, Stadt","65 - 75 Jahre",612,306,306
"Heitersheim, Stadt","75 und mehr Jahre",497,182,315
"Heitersheim, Stadt","Insgesamt",6018,2919,3099
"Heuweiler","unter 3 Jahre",28,15,13
"Heuweiler","3 -  6 Jahre",29,19,10
"Heuweiler","6 - 10 Jahre",40,21,19
"Heuweiler","10 - 15 Jahre",52,29,23
"Heuweiler","15 - 18 Jahre",37,17,20
"Heuweiler","18 - 20 Jahre",21,11,10
"Heuweiler","20 - 25 Jahre",61,24,37
"Heuweiler","25 - 30 Jahre",42,23,19
"Heuweiler","30 - 35 Jahre",53,29,24
"Heuweiler","35 - 40 Jahre",63,29,34
"Heuweiler","40 - 45 Jahre",119,60,59
"Heuweiler","45 - 50 Jahre",99,50,49
"Heuweiler","50 - 55 Jahre",94,39,55
"Heuweiler","55 - 60 Jahre",82,41,41
"Heuweiler","60 - 65 Jahre",60,37,23
"Heuweiler","65 - 75 Jahre",97,47,50
"Heuweiler","75 und mehr Jahre",90,37,53
"Heuweiler","Insgesamt",1067,528,539
"Hinterzarten","unter 3 Jahre",45,26,19
"Hinterzarten","3 -  6 Jahre",55,34,21
"Hinterzarten","6 - 10 Jahre",87,45,42
"Hinterzarten","10 - 15 Jahre",106,47,59
"Hinterzarten","15 - 18 Jahre",82,44,38
"Hinterzarten","18 - 20 Jahre",88,31,57
"Hinterzarten","20 - 25 Jahre",159,85,74
"Hinterzarten","25 - 30 Jahre",136,57,79
"Hinterzarten","30 - 35 Jahre",146,69,77
"Hinterzarten","35 - 40 Jahre",198,85,113
"Hinterzarten","40 - 45 Jahre",237,103,134
"Hinterzarten","45 - 50 Jahre",202,94,108
"Hinterzarten","50 - 55 Jahre",177,83,94
"Hinterzarten","55 - 60 Jahre",136,56,80
"Hinterzarten","60 - 65 Jahre",169,80,89
"Hinterzarten","65 - 75 Jahre",346,160,186
"Hinterzarten","75 und mehr Jahre",258,108,150
"Hinterzarten","Insgesamt",2627,1207,1420
"Horben","unter 3 Jahre",29,14,15
"Horben","3 -  6 Jahre",31,18,13
"Horben","6 - 10 Jahre",38,13,25
"Horben","10 - 15 Jahre",56,34,22
"Horben","15 - 18 Jahre",44,22,22
"Horben","18 - 20 Jahre",27,14,13
"Horben","20 - 25 Jahre",57,28,29
"Horben","25 - 30 Jahre",35,19,16
"Horben","30 - 35 Jahre",54,26,28
"Horben","35 - 40 Jahre",81,40,41
"Horben","40 - 45 Jahre",101,51,50
"Horben","45 - 50 Jahre",118,54,64
"Horben","50 - 55 Jahre",100,58,42
"Horben","55 - 60 Jahre",57,29,28
"Horben","60 - 65 Jahre",58,32,26
"Horben","65 - 75 Jahre",136,66,70
"Horben","75 und mehr Jahre",78,35,43
"Horben","Insgesamt",1100,553,547
"Ihringen","unter 3 Jahre",145,79,66
"Ihringen","3 -  6 Jahre",166,77,89
"Ihringen","6 - 10 Jahre",220,116,104
"Ihringen","10 - 15 Jahre",305,150,155
"Ihringen","15 - 18 Jahre",193,99,94
"Ihringen","18 - 20 Jahre",156,78,78
"Ihringen","20 - 25 Jahre",365,175,190
"Ihringen","25 - 30 Jahre",336,164,172
"Ihringen","30 - 35 Jahre",312,150,162
"Ihringen","35 - 40 Jahre",351,190,161
"Ihringen","40 - 45 Jahre",522,242,280
"Ihringen","45 - 50 Jahre",529,259,270
"Ihringen","50 - 55 Jahre",494,254,240
"Ihringen","55 - 60 Jahre",417,216,201
"Ihringen","60 - 65 Jahre",295,148,147
"Ihringen","65 - 75 Jahre",634,292,342
"Ihringen","75 und mehr Jahre",472,201,271
"Ihringen","Insgesamt",5912,2890,3022
"Kirchzarten","unter 3 Jahre",236,126,110
"Kirchzarten","3 -  6 Jahre",251,113,138
"Kirchzarten","6 - 10 Jahre",395,210,185
"Kirchzarten","10 - 15 Jahre",586,288,298
"Kirchzarten","15 - 18 Jahre",298,153,145
"Kirchzarten","18 - 20 Jahre",225,126,99
"Kirchzarten","20 - 25 Jahre",489,233,256
"Kirchzarten","25 - 30 Jahre",411,212,199
"Kirchzarten","30 - 35 Jahre",465,221,244
"Kirchzarten","35 - 40 Jahre",537,267,270
"Kirchzarten","40 - 45 Jahre",804,381,423
"Kirchzarten","45 - 50 Jahre",822,396,426
"Kirchzarten","50 - 55 Jahre",767,380,387
"Kirchzarten","55 - 60 Jahre",635,282,353
"Kirchzarten","60 - 65 Jahre",542,245,297
"Kirchzarten","65 - 75 Jahre",1326,603,723
"Kirchzarten","75 und mehr Jahre",981,389,592
"Kirchzarten","Insgesamt",9770,4625,5145
"Lenzkirch","unter 3 Jahre",126,71,55
"Lenzkirch","3 -  6 Jahre",131,72,59
"Lenzkirch","6 - 10 Jahre",188,102,86
"Lenzkirch","10 - 15 Jahre",243,120,123
"Lenzkirch","15 - 18 Jahre",130,72,58
"Lenzkirch","18 - 20 Jahre",90,50,40
"Lenzkirch","20 - 25 Jahre",257,126,131
"Lenzkirch","25 - 30 Jahre",288,132,156
"Lenzkirch","30 - 35 Jahre",250,128,122
"Lenzkirch","35 - 40 Jahre",282,136,146
"Lenzkirch","40 - 45 Jahre",423,182,241
"Lenzkirch","45 - 50 Jahre",399,230,169
"Lenzkirch","50 - 55 Jahre",376,200,176
"Lenzkirch","55 - 60 Jahre",346,177,169
"Lenzkirch","60 - 65 Jahre",310,150,160
"Lenzkirch","65 - 75 Jahre",616,289,327
"Lenzkirch","75 und mehr Jahre",578,219,359
"Lenzkirch","Insgesamt",5033,2456,2577
"Löffingen, Stadt","unter 3 Jahre",212,94,118
"Löffingen, Stadt","3 -  6 Jahre",210,106,104
"Löffingen, Stadt","6 - 10 Jahre",351,181,170
"Löffingen, Stadt","10 - 15 Jahre",473,255,218
"Löffingen, Stadt","15 - 18 Jahre",259,137,122
"Löffingen, Stadt","18 - 20 Jahre",200,106,94
"Löffingen, Stadt","20 - 25 Jahre",465,232,233
"Löffingen, Stadt","25 - 30 Jahre",416,227,189
"Löffingen, Stadt","30 - 35 Jahre",391,198,193
"Löffingen, Stadt","35 - 40 Jahre",436,216,220
"Löffingen, Stadt","40 - 45 Jahre",643,328,315
"Löffingen, Stadt","45 - 50 Jahre",631,332,299
"Löffingen, Stadt","50 - 55 Jahre",582,279,303
"Löffingen, Stadt","55 - 60 Jahre",541,271,270
"Löffingen, Stadt","60 - 65 Jahre",391,198,193
"Löffingen, Stadt","65 - 75 Jahre",769,383,386
"Löffingen, Stadt","75 und mehr Jahre",687,279,408
"Löffingen, Stadt","Insgesamt",7657,3822,3835
"Merdingen","unter 3 Jahre",76,32,44
"Merdingen","3 -  6 Jahre",71,27,44
"Merdingen","6 - 10 Jahre",113,48,65
"Merdingen","10 - 15 Jahre",151,82,69
"Merdingen","15 - 18 Jahre",88,38,50
"Merdingen","18 - 20 Jahre",51,27,24
"Merdingen","20 - 25 Jahre",145,59,86
"Merdingen","25 - 30 Jahre",145,69,76
"Merdingen","30 - 35 Jahre",119,62,57
"Merdingen","35 - 40 Jahre",181,88,93
"Merdingen","40 - 45 Jahre",220,114,106
"Merdingen","45 - 50 Jahre",272,141,131
"Merdingen","50 - 55 Jahre",199,95,104
"Merdingen","55 - 60 Jahre",188,89,99
"Merdingen","60 - 65 Jahre",140,69,71
"Merdingen","65 - 75 Jahre",227,118,109
"Merdingen","75 und mehr Jahre",172,72,100
"Merdingen","Insgesamt",2558,1230,1328
"Merzhausen","unter 3 Jahre",146,84,62
"Merzhausen","3 -  6 Jahre",113,72,41
"Merzhausen","6 - 10 Jahre",149,67,82
"Merzhausen","10 - 15 Jahre",204,118,86
"Merzhausen","15 - 18 Jahre",136,68,68
"Merzhausen","18 - 20 Jahre",76,41,35
"Merzhausen","20 - 25 Jahre",227,105,122
"Merzhausen","25 - 30 Jahre",250,124,126
"Merzhausen","30 - 35 Jahre",267,107,160
"Merzhausen","35 - 40 Jahre",295,141,154
"Merzhausen","40 - 45 Jahre",387,202,185
"Merzhausen","45 - 50 Jahre",415,183,232
"Merzhausen","50 - 55 Jahre",327,176,151
"Merzhausen","55 - 60 Jahre",273,106,167
"Merzhausen","60 - 65 Jahre",317,136,181
"Merzhausen","65 - 75 Jahre",741,318,423
"Merzhausen","75 und mehr Jahre",501,215,286
"Merzhausen","Insgesamt",4824,2263,2561
"Müllheim, Stadt","unter 3 Jahre",443,223,220
"Müllheim, Stadt","3 -  6 Jahre",462,244,218
"Müllheim, Stadt","6 - 10 Jahre",719,373,346
"Müllheim, Stadt","10 - 15 Jahre",1032,563,469
"Müllheim, Stadt","15 - 18 Jahre",683,353,330
"Müllheim, Stadt","18 - 20 Jahre",461,235,226
"Müllheim, Stadt","20 - 25 Jahre",1127,578,549
"Müllheim, Stadt","25 - 30 Jahre",978,489,489
"Müllheim, Stadt","30 - 35 Jahre",942,460,482
"Müllheim, Stadt","35 - 40 Jahre",1066,500,566
"Müllheim, Stadt","40 - 45 Jahre",1468,694,774
"Müllheim, Stadt","45 - 50 Jahre",1552,743,809
"Müllheim, Stadt","50 - 55 Jahre",1365,669,696
"Müllheim, Stadt","55 - 60 Jahre",1185,563,622
"Müllheim, Stadt","60 - 65 Jahre",1004,477,527
"Müllheim, Stadt","65 - 75 Jahre",2043,949,1094
"Müllheim, Stadt","75 und mehr Jahre",1840,685,1155
"Müllheim, Stadt","Insgesamt",18370,8798,9572
"Neuenburg am Rhein, Stadt","unter 3 Jahre",308,170,138
"Neuenburg am Rhein, Stadt","3 -  6 Jahre",341,169,172
"Neuenburg am Rhein, Stadt","6 - 10 Jahre",508,284,224
"Neuenburg am Rhein, Stadt","10 - 15 Jahre",749,408,341
"Neuenburg am Rhein, Stadt","15 - 18 Jahre",460,245,215
"Neuenburg am Rhein, Stadt","18 - 20 Jahre",351,170,181
"Neuenburg am Rhein, Stadt","20 - 25 Jahre",683,350,333
"Neuenburg am Rhein, Stadt","25 - 30 Jahre",700,345,355
"Neuenburg am Rhein, Stadt","30 - 35 Jahre",679,325,354
"Neuenburg am Rhein, Stadt","35 - 40 Jahre",759,346,413
"Neuenburg am Rhein, Stadt","40 - 45 Jahre",1078,543,535
"Neuenburg am Rhein, Stadt","45 - 50 Jahre",1091,570,521
"Neuenburg am Rhein, Stadt","50 - 55 Jahre",928,477,451
"Neuenburg am Rhein, Stadt","55 - 60 Jahre",786,404,382
"Neuenburg am Rhein, Stadt","60 - 65 Jahre",637,329,308
"Neuenburg am Rhein, Stadt","65 - 75 Jahre",1136,549,587
"Neuenburg am Rhein, Stadt","75 und mehr Jahre",834,328,506
"Neuenburg am Rhein, Stadt","Insgesamt",12028,6012,6016
"Oberried","unter 3 Jahre",71,33,38
"Oberried","3 -  6 Jahre",73,36,37
"Oberried","6 - 10 Jahre",139,79,60
"Oberried","10 - 15 Jahre",205,94,111
"Oberried","15 - 18 Jahre",125,70,55
"Oberried","18 - 20 Jahre",80,45,35
"Oberried","20 - 25 Jahre",153,78,75
"Oberried","25 - 30 Jahre",122,54,68
"Oberried","30 - 35 Jahre",140,73,67
"Oberried","35 - 40 Jahre",184,90,94
"Oberried","40 - 45 Jahre",254,116,138
"Oberried","45 - 50 Jahre",273,148,125
"Oberried","50 - 55 Jahre",200,112,88
"Oberried","55 - 60 Jahre",172,91,81
"Oberried","60 - 65 Jahre",139,68,71
"Oberried","65 - 75 Jahre",294,143,151
"Oberried","75 und mehr Jahre",191,93,98
"Oberried","Insgesamt",2815,1423,1392
"Pfaffenweiler","unter 3 Jahre",59,20,39
"Pfaffenweiler","3 -  6 Jahre",84,35,49
"Pfaffenweiler","6 - 10 Jahre",111,64,47
"Pfaffenweiler","10 - 15 Jahre",140,73,67
"Pfaffenweiler","15 - 18 Jahre",64,27,37
"Pfaffenweiler","18 - 20 Jahre",62,35,27
"Pfaffenweiler","20 - 25 Jahre",136,71,65
"Pfaffenweiler","25 - 30 Jahre",128,64,64
"Pfaffenweiler","30 - 35 Jahre",130,56,74
"Pfaffenweiler","35 - 40 Jahre",142,59,83
"Pfaffenweiler","40 - 45 Jahre",209,101,108
"Pfaffenweiler","45 - 50 Jahre",207,110,97
"Pfaffenweiler","50 - 55 Jahre",205,96,109
"Pfaffenweiler","55 - 60 Jahre",168,77,91
"Pfaffenweiler","60 - 65 Jahre",170,92,78
"Pfaffenweiler","65 - 75 Jahre",311,141,170
"Pfaffenweiler","75 und mehr Jahre",176,81,95
"Pfaffenweiler","Insgesamt",2502,1202,1300
"St. Märgen","unter 3 Jahre",69,32,37
"St. Märgen","3 -  6 Jahre",71,36,35
"St. Märgen","6 - 10 Jahre",102,59,43
"St. Märgen","10 - 15 Jahre",115,64,51
"St. Märgen","15 - 18 Jahre",80,42,38
"St. Märgen","18 - 20 Jahre",52,24,28
"St. Märgen","20 - 25 Jahre",88,52,36
"St. Märgen","25 - 30 Jahre",93,48,45
"St. Märgen","30 - 35 Jahre",99,41,58
"St. Märgen","35 - 40 Jahre",107,54,53
"St. Märgen","40 - 45 Jahre",147,81,66
"St. Märgen","45 - 50 Jahre",166,83,83
"St. Märgen","50 - 55 Jahre",128,72,56
"St. Märgen","55 - 60 Jahre",110,63,47
"St. Märgen","60 - 65 Jahre",95,46,49
"St. Märgen","65 - 75 Jahre",190,88,102
"St. Märgen","75 und mehr Jahre",173,69,104
"St. Märgen","Insgesamt",1885,954,931
"St. Peter","unter 3 Jahre",85,46,39
"St. Peter","3 -  6 Jahre",79,36,43
"St. Peter","6 - 10 Jahre",112,64,48
"St. Peter","10 - 15 Jahre",169,72,97
"St. Peter","15 - 18 Jahre",102,55,47
"St. Peter","18 - 20 Jahre",65,47,18
"St. Peter","20 - 25 Jahre",155,81,74
"St. Peter","25 - 30 Jahre",111,62,49
"St. Peter","30 - 35 Jahre",122,58,64
"St. Peter","35 - 40 Jahre",145,69,76
"St. Peter","40 - 45 Jahre",194,98,96
"St. Peter","45 - 50 Jahre",230,130,100
"St. Peter","50 - 55 Jahre",200,107,93
"St. Peter","55 - 60 Jahre",138,79,59
"St. Peter","60 - 65 Jahre",142,66,76
"St. Peter","65 - 75 Jahre",277,127,150
"St. Peter","75 und mehr Jahre",221,114,107
"St. Peter","Insgesamt",2547,1311,1236
"Schallstadt","unter 3 Jahre",167,78,89
"Schallstadt","3 -  6 Jahre",171,74,97
"Schallstadt","6 - 10 Jahre",215,109,106
"Schallstadt","10 - 15 Jahre",327,185,142
"Schallstadt","15 - 18 Jahre",211,101,110
"Schallstadt","18 - 20 Jahre",156,79,77
"Schallstadt","20 - 25 Jahre",341,157,184
"Schallstadt","25 - 30 Jahre",301,145,156
"Schallstadt","30 - 35 Jahre",324,157,167
"Schallstadt","35 - 40 Jahre",353,159,194
"Schallstadt","40 - 45 Jahre",510,246,264
"Schallstadt","45 - 50 Jahre",545,260,285
"Schallstadt","50 - 55 Jahre",484,233,251
"Schallstadt","55 - 60 Jahre",416,207,209
"Schallstadt","60 - 65 Jahre",385,179,206
"Schallstadt","65 - 75 Jahre",658,341,317
"Schallstadt","75 und mehr Jahre",449,190,259
"Schallstadt","Insgesamt",6013,2900,3113
"Schluchsee","unter 3 Jahre",49,25,24
"Schluchsee","3 -  6 Jahre",46,22,24
"Schluchsee","6 - 10 Jahre",64,40,24
"Schluchsee","10 - 15 Jahre",80,43,37
"Schluchsee","15 - 18 Jahre",66,30,36
"Schluchsee","18 - 20 Jahre",55,31,24
"Schluchsee","20 - 25 Jahre",125,58,67
"Schluchsee","25 - 30 Jahre",162,81,81
"Schluchsee","30 - 35 Jahre",150,74,76
"Schluchsee","35 - 40 Jahre",149,77,72
"Schluchsee","40 - 45 Jahre",252,117,135
"Schluchsee","45 - 50 Jahre",175,86,89
"Schluchsee","50 - 55 Jahre",202,118,84
"Schluchsee","55 - 60 Jahre",168,71,97
"Schluchsee","60 - 65 Jahre",171,79,92
"Schluchsee","65 - 75 Jahre",354,179,175
"Schluchsee","75 und mehr Jahre",270,117,153
"Schluchsee","Insgesamt",2538,1248,1290
"Sölden","unter 3 Jahre",28,16,12
"Sölden","3 -  6 Jahre",27,11,16
"Sölden","6 - 10 Jahre",51,24,27
"Sölden","10 - 15 Jahre",72,34,38
"Sölden","15 - 18 Jahre",43,20,23
"Sölden","18 - 20 Jahre",25,14,11
"Sölden","20 - 25 Jahre",65,35,30
"Sölden","25 - 30 Jahre",59,33,26
"Sölden","30 - 35 Jahre",52,22,30
"Sölden","35 - 40 Jahre",69,35,34
"Sölden","40 - 45 Jahre",70,35,35
"Sölden","45 - 50 Jahre",87,40,47
"Sölden","50 - 55 Jahre",128,58,70
"Sölden","55 - 60 Jahre",93,45,48
"Sölden","60 - 65 Jahre",77,39,38
"Sölden","65 - 75 Jahre",129,52,77
"Sölden","75 und mehr Jahre",92,43,49
"Sölden","Insgesamt",1167,556,611
"Staufen im Breisgau, Stadt","unter 3 Jahre",174,84,90
"Staufen im Breisgau, Stadt","3 -  6 Jahre",165,76,89
"Staufen im Breisgau, Stadt","6 - 10 Jahre",270,139,131
"Staufen im Breisgau, Stadt","10 - 15 Jahre",362,182,180
"Staufen im Breisgau, Stadt","15 - 18 Jahre",259,128,131
"Staufen im Breisgau, Stadt","18 - 20 Jahre",161,89,72
"Staufen im Breisgau, Stadt","20 - 25 Jahre",358,186,172
"Staufen im Breisgau, Stadt","25 - 30 Jahre",258,137,121
"Staufen im Breisgau, Stadt","30 - 35 Jahre",320,154,166
"Staufen im Breisgau, Stadt","35 - 40 Jahre",355,162,193
"Staufen im Breisgau, Stadt","40 - 45 Jahre",659,309,350
"Staufen im Breisgau, Stadt","45 - 50 Jahre",661,302,359
"Staufen im Breisgau, Stadt","50 - 55 Jahre",596,265,331
"Staufen im Breisgau, Stadt","55 - 60 Jahre",572,273,299
"Staufen im Breisgau, Stadt","60 - 65 Jahre",540,256,284
"Staufen im Breisgau, Stadt","65 - 75 Jahre",999,483,516
"Staufen im Breisgau, Stadt","75 und mehr Jahre",919,319,600
"Staufen im Breisgau, Stadt","Insgesamt",7628,3544,4084
"Stegen","unter 3 Jahre",107,57,50
"Stegen","3 -  6 Jahre",129,72,57
"Stegen","6 - 10 Jahre",186,102,84
"Stegen","10 - 15 Jahre",276,146,130
"Stegen","15 - 18 Jahre",180,105,75
"Stegen","18 - 20 Jahre",112,55,57
"Stegen","20 - 25 Jahre",264,135,129
"Stegen","25 - 30 Jahre",214,111,103
"Stegen","30 - 35 Jahre",199,73,126
"Stegen","35 - 40 Jahre",211,89,122
"Stegen","40 - 45 Jahre",309,149,160
"Stegen","45 - 50 Jahre",389,178,211
"Stegen","50 - 55 Jahre",330,159,171
"Stegen","55 - 60 Jahre",284,131,153
"Stegen","60 - 65 Jahre",215,104,111
"Stegen","65 - 75 Jahre",522,233,289
"Stegen","75 und mehr Jahre",384,178,206
"Stegen","Insgesamt",4311,2077,2234
"Sulzburg, Stadt","unter 3 Jahre",61,37,24
"Sulzburg, Stadt","3 -  6 Jahre",75,40,35
"Sulzburg, Stadt","6 - 10 Jahre",109,44,65
"Sulzburg, Stadt","10 - 15 Jahre",179,90,89
"Sulzburg, Stadt","15 - 18 Jahre",103,52,51
"Sulzburg, Stadt","18 - 20 Jahre",79,47,32
"Sulzburg, Stadt","20 - 25 Jahre",121,56,65
"Sulzburg, Stadt","25 - 30 Jahre",127,54,73
"Sulzburg, Stadt","30 - 35 Jahre",114,56,58
"Sulzburg, Stadt","35 - 40 Jahre",132,62,70
"Sulzburg, Stadt","40 - 45 Jahre",254,104,150
"Sulzburg, Stadt","45 - 50 Jahre",247,130,117
"Sulzburg, Stadt","50 - 55 Jahre",208,102,106
"Sulzburg, Stadt","55 - 60 Jahre",194,99,95
"Sulzburg, Stadt","60 - 65 Jahre",163,75,88
"Sulzburg, Stadt","65 - 75 Jahre",320,152,168
"Sulzburg, Stadt","75 und mehr Jahre",256,96,160
"Sulzburg, Stadt","Insgesamt",2742,1296,1446
"Titisee-Neustadt, Stadt","unter 3 Jahre",326,172,154
"Titisee-Neustadt, Stadt","3 -  6 Jahre",316,174,142
"Titisee-Neustadt, Stadt","6 - 10 Jahre",470,249,221
"Titisee-Neustadt, Stadt","10 - 15 Jahre",595,319,276
"Titisee-Neustadt, Stadt","15 - 18 Jahre",403,213,190
"Titisee-Neustadt, Stadt","18 - 20 Jahre",287,121,166
"Titisee-Neustadt, Stadt","20 - 25 Jahre",696,348,348
"Titisee-Neustadt, Stadt","25 - 30 Jahre",711,360,351
"Titisee-Neustadt, Stadt","30 - 35 Jahre",703,333,370
"Titisee-Neustadt, Stadt","35 - 40 Jahre",729,354,375
"Titisee-Neustadt, Stadt","40 - 45 Jahre",921,495,426
"Titisee-Neustadt, Stadt","45 - 50 Jahre",883,424,459
"Titisee-Neustadt, Stadt","50 - 55 Jahre",870,426,444
"Titisee-Neustadt, Stadt","55 - 60 Jahre",832,433,399
"Titisee-Neustadt, Stadt","60 - 65 Jahre",664,333,331
"Titisee-Neustadt, Stadt","65 - 75 Jahre",1225,584,641
"Titisee-Neustadt, Stadt","75 und mehr Jahre",1225,487,738
"Titisee-Neustadt, Stadt","Insgesamt",11856,5825,6031
"Umkirch","unter 3 Jahre",132,81,51
"Umkirch","3 -  6 Jahre",136,69,67
"Umkirch","6 - 10 Jahre",190,100,90
"Umkirch","10 - 15 Jahre",254,145,109
"Umkirch","15 - 18 Jahre",173,97,76
"Umkirch","18 - 20 Jahre",134,62,72
"Umkirch","20 - 25 Jahre",343,189,154
"Umkirch","25 - 30 Jahre",304,159,145
"Umkirch","30 - 35 Jahre",296,133,163
"Umkirch","35 - 40 Jahre",267,135,132
"Umkirch","40 - 45 Jahre",358,182,176
"Umkirch","45 - 50 Jahre",453,221,232
"Umkirch","50 - 55 Jahre",404,211,193
"Umkirch","55 - 60 Jahre",383,177,206
"Umkirch","60 - 65 Jahre",327,161,166
"Umkirch","65 - 75 Jahre",669,322,347
"Umkirch","75 und mehr Jahre",394,169,225
"Umkirch","Insgesamt",5217,2613,2604
"Wittnau","unter 3 Jahre",36,18,18
"Wittnau","3 -  6 Jahre",36,20,16
"Wittnau","6 - 10 Jahre",46,28,18
"Wittnau","10 - 15 Jahre",82,44,38
"Wittnau","15 - 18 Jahre",53,28,25
"Wittnau","18 - 20 Jahre",47,23,24
"Wittnau","20 - 25 Jahre",96,56,40
"Wittnau","25 - 30 Jahre",68,35,33
"Wittnau","30 - 35 Jahre",57,29,28
"Wittnau","35 - 40 Jahre",61,22,39
"Wittnau","40 - 45 Jahre",115,52,63
"Wittnau","45 - 50 Jahre",140,66,74
"Wittnau","50 - 55 Jahre",134,75,59
"Wittnau","55 - 60 Jahre",113,55,58
"Wittnau","60 - 65 Jahre",84,39,45
"Wittnau","65 - 75 Jahre",175,91,84
"Wittnau","75 und mehr Jahre",118,52,66
"Wittnau","Insgesamt",1461,733,728
"Münstertal/Schwarzwald","unter 3 Jahre",118,64,54
"Münstertal/Schwarzwald","3 -  6 Jahre",138,79,59
"Münstertal/Schwarzwald","6 - 10 Jahre",193,97,96
"Münstertal/Schwarzwald","10 - 15 Jahre",291,154,137
"Münstertal/Schwarzwald","15 - 18 Jahre",216,115,101
"Münstertal/Schwarzwald","18 - 20 Jahre",130,64,66
"Münstertal/Schwarzwald","20 - 25 Jahre",277,145,132
"Münstertal/Schwarzwald","25 - 30 Jahre",254,141,113
"Münstertal/Schwarzwald","30 - 35 Jahre",250,119,131
"Münstertal/Schwarzwald","35 - 40 Jahre",258,124,134
"Münstertal/Schwarzwald","40 - 45 Jahre",446,219,227
"Münstertal/Schwarzwald","45 - 50 Jahre",485,243,242
"Münstertal/Schwarzwald","50 - 55 Jahre",362,182,180
"Münstertal/Schwarzwald","55 - 60 Jahre",359,178,181
"Münstertal/Schwarzwald","60 - 65 Jahre",264,146,118
"Münstertal/Schwarzwald","65 - 75 Jahre",605,285,320
"Münstertal/Schwarzwald","75 und mehr Jahre",509,205,304
"Münstertal/Schwarzwald","Insgesamt",5155,2560,2595
"Ehrenkirchen","unter 3 Jahre",179,100,79
"Ehrenkirchen","3 -  6 Jahre",209,96,113
"Ehrenkirchen","6 - 10 Jahre",328,170,158
"Ehrenkirchen","10 - 15 Jahre",447,251,196
"Ehrenkirchen","15 - 18 Jahre",282,142,140
"Ehrenkirchen","18 - 20 Jahre",177,96,81
"Ehrenkirchen","20 - 25 Jahre",396,208,188
"Ehrenkirchen","25 - 30 Jahre",353,164,189
"Ehrenkirchen","30 - 35 Jahre",387,206,181
"Ehrenkirchen","35 - 40 Jahre",438,206,232
"Ehrenkirchen","40 - 45 Jahre",684,313,371
"Ehrenkirchen","45 - 50 Jahre",699,362,337
"Ehrenkirchen","50 - 55 Jahre",610,321,289
"Ehrenkirchen","55 - 60 Jahre",405,196,209
"Ehrenkirchen","60 - 65 Jahre",357,189,168
"Ehrenkirchen","65 - 75 Jahre",770,367,403
"Ehrenkirchen","75 und mehr Jahre",549,231,318
"Ehrenkirchen","Insgesamt",7270,3618,3652
"March","unter 3 Jahre",264,150,114
"March","3 -  6 Jahre",210,113,97
"March","6 - 10 Jahre",291,142,149
"March","10 - 15 Jahre",430,241,189
"March","15 - 18 Jahre",306,166,140
"March","18 - 20 Jahre",208,120,88
"March","20 - 25 Jahre",548,280,268
"March","25 - 30 Jahre",532,270,262
"March","30 - 35 Jahre",491,233,258
"March","35 - 40 Jahre",492,236,256
"March","40 - 45 Jahre",693,354,339
"March","45 - 50 Jahre",850,439,411
"March","50 - 55 Jahre",749,376,373
"March","55 - 60 Jahre",644,307,337
"March","60 - 65 Jahre",494,245,249
"March","65 - 75 Jahre",893,434,459
"March","75 und mehr Jahre",659,261,398
"March","Insgesamt",8754,4367,4387
"Vogtsburg im Kaiserstuhl, Stadt","unter 3 Jahre",148,66,82
"Vogtsburg im Kaiserstuhl, Stadt","3 -  6 Jahre",146,76,70
"Vogtsburg im Kaiserstuhl, Stadt","6 - 10 Jahre",195,96,99
"Vogtsburg im Kaiserstuhl, Stadt","10 - 15 Jahre",310,164,146
"Vogtsburg im Kaiserstuhl, Stadt","15 - 18 Jahre",210,120,90
"Vogtsburg im Kaiserstuhl, Stadt","18 - 20 Jahre",133,82,51
"Vogtsburg im Kaiserstuhl, Stadt","20 - 25 Jahre",319,169,150
"Vogtsburg im Kaiserstuhl, Stadt","25 - 30 Jahre",300,147,153
"Vogtsburg im Kaiserstuhl, Stadt","30 - 35 Jahre",269,149,120
"Vogtsburg im Kaiserstuhl, Stadt","35 - 40 Jahre",300,148,152
"Vogtsburg im Kaiserstuhl, Stadt","40 - 45 Jahre",507,253,254
"Vogtsburg im Kaiserstuhl, Stadt","45 - 50 Jahre",515,272,243
"Vogtsburg im Kaiserstuhl, Stadt","50 - 55 Jahre",408,200,208
"Vogtsburg im Kaiserstuhl, Stadt","55 - 60 Jahre",422,214,208
"Vogtsburg im Kaiserstuhl, Stadt","60 - 65 Jahre",347,188,159
"Vogtsburg im Kaiserstuhl, Stadt","65 - 75 Jahre",629,301,328
"Vogtsburg im Kaiserstuhl, Stadt","75 und mehr Jahre",522,221,301
"Vogtsburg im Kaiserstuhl, Stadt","Insgesamt",5680,2866,2814
"Landkreis Emmendingen","unter 3 Jahre",4031,2083,1948
"Landkreis Emmendingen","3 -  6 Jahre",4385,2258,2127
"Landkreis Emmendingen","6 - 10 Jahre",6112,3204,2908
"Landkreis Emmendingen","10 - 15 Jahre",9010,4554,4456
"Landkreis Emmendingen","15 - 18 Jahre",5543,2851,2692
"Landkreis Emmendingen","18 - 20 Jahre",3766,1927,1839
"Landkreis Emmendingen","20 - 25 Jahre",9086,4713,4373
"Landkreis Emmendingen","25 - 30 Jahre",8490,4359,4131
"Landkreis Emmendingen","30 - 35 Jahre",8415,4146,4269
"Landkreis Emmendingen","35 - 40 Jahre",9512,4622,4890
"Landkreis Emmendingen","40 - 45 Jahre",13327,6761,6566
"Landkreis Emmendingen","45 - 50 Jahre",14110,7083,7027
"Landkreis Emmendingen","50 - 55 Jahre",12458,6176,6282
"Landkreis Emmendingen","55 - 60 Jahre",10800,5379,5421
"Landkreis Emmendingen","60 - 65 Jahre",8763,4350,4413
"Landkreis Emmendingen","65 - 75 Jahre",16826,7967,8859
"Landkreis Emmendingen","75 und mehr Jahre",13708,5313,8395
"Landkreis Emmendingen","Insgesamt",158342,77746,80596
"Bahlingen am Kaiserstuhl","unter 3 Jahre",113,62,51
"Bahlingen am Kaiserstuhl","3 -  6 Jahre",110,63,47
"Bahlingen am Kaiserstuhl","6 - 10 Jahre",138,67,71
"Bahlingen am Kaiserstuhl","10 - 15 Jahre",221,118,103
"Bahlingen am Kaiserstuhl","15 - 18 Jahre",125,67,58
"Bahlingen am Kaiserstuhl","18 - 20 Jahre",92,50,42
"Bahlingen am Kaiserstuhl","20 - 25 Jahre",273,129,144
"Bahlingen am Kaiserstuhl","25 - 30 Jahre",236,117,119
"Bahlingen am Kaiserstuhl","30 - 35 Jahre",255,119,136
"Bahlingen am Kaiserstuhl","35 - 40 Jahre",211,110,101
"Bahlingen am Kaiserstuhl","40 - 45 Jahre",330,172,158
"Bahlingen am Kaiserstuhl","45 - 50 Jahre",364,181,183
"Bahlingen am Kaiserstuhl","50 - 55 Jahre",336,163,173
"Bahlingen am Kaiserstuhl","55 - 60 Jahre",296,148,148
"Bahlingen am Kaiserstuhl","60 - 65 Jahre",200,112,88
"Bahlingen am Kaiserstuhl","65 - 75 Jahre",344,166,178
"Bahlingen am Kaiserstuhl","75 und mehr Jahre",320,127,193
"Bahlingen am Kaiserstuhl","Insgesamt",3964,1971,1993
"Biederbach","unter 3 Jahre",55,36,19
"Biederbach","3 -  6 Jahre",58,29,29
"Biederbach","6 - 10 Jahre",86,45,41
"Biederbach","10 - 15 Jahre",105,62,43
"Biederbach","15 - 18 Jahre",66,31,35
"Biederbach","18 - 20 Jahre",44,19,25
"Biederbach","20 - 25 Jahre",100,50,50
"Biederbach","25 - 30 Jahre",86,47,39
"Biederbach","30 - 35 Jahre",106,49,57
"Biederbach","35 - 40 Jahre",125,70,55
"Biederbach","40 - 45 Jahre",166,79,87
"Biederbach","45 - 50 Jahre",159,94,65
"Biederbach","50 - 55 Jahre",127,66,61
"Biederbach","55 - 60 Jahre",88,45,43
"Biederbach","60 - 65 Jahre",77,35,42
"Biederbach","65 - 75 Jahre",159,83,76
"Biederbach","75 und mehr Jahre",142,59,83
"Biederbach","Insgesamt",1749,899,850
"Denzlingen","unter 3 Jahre",372,190,182
"Denzlingen","3 -  6 Jahre",402,220,182
"Denzlingen","6 - 10 Jahre",494,239,255
"Denzlingen","10 - 15 Jahre",693,353,340
"Denzlingen","15 - 18 Jahre",403,221,182
"Denzlingen","18 - 20 Jahre",316,160,156
"Denzlingen","20 - 25 Jahre",691,355,336
"Denzlingen","25 - 30 Jahre",784,398,386
"Denzlingen","30 - 35 Jahre",724,354,370
"Denzlingen","35 - 40 Jahre",828,402,426
"Denzlingen","40 - 45 Jahre",1107,550,557
"Denzlingen","45 - 50 Jahre",1180,584,596
"Denzlingen","50 - 55 Jahre",1011,479,532
"Denzlingen","55 - 60 Jahre",943,449,494
"Denzlingen","60 - 65 Jahre",869,394,475
"Denzlingen","65 - 75 Jahre",1675,785,890
"Denzlingen","75 und mehr Jahre",1220,492,728
"Denzlingen","Insgesamt",13712,6625,7087
"Elzach, Stadt","unter 3 Jahre",147,68,79
"Elzach, Stadt","3 -  6 Jahre",203,94,109
"Elzach, Stadt","6 - 10 Jahre",290,154,136
"Elzach, Stadt","10 - 15 Jahre",470,241,229
"Elzach, Stadt","15 - 18 Jahre",253,115,138
"Elzach, Stadt","18 - 20 Jahre",177,84,93
"Elzach, Stadt","20 - 25 Jahre",445,224,221
"Elzach, Stadt","25 - 30 Jahre",343,188,155
"Elzach, Stadt","30 - 35 Jahre",357,170,187
"Elzach, Stadt","35 - 40 Jahre",429,214,215
"Elzach, Stadt","40 - 45 Jahre",576,300,276
"Elzach, Stadt","45 - 50 Jahre",583,313,270
"Elzach, Stadt","50 - 55 Jahre",544,291,253
"Elzach, Stadt","55 - 60 Jahre",461,229,232
"Elzach, Stadt","60 - 65 Jahre",330,166,164
"Elzach, Stadt","65 - 75 Jahre",682,323,359
"Elzach, Stadt","75 und mehr Jahre",660,257,403
"Elzach, Stadt","Insgesamt",6950,3431,3519
"Emmendingen, Stadt","unter 3 Jahre",715,371,344
"Emmendingen, Stadt","3 -  6 Jahre",800,403,397
"Emmendingen, Stadt","6 - 10 Jahre",991,536,455
"Emmendingen, Stadt","10 - 15 Jahre",1402,712,690
"Emmendingen, Stadt","15 - 18 Jahre",931,480,451
"Emmendingen, Stadt","18 - 20 Jahre",622,308,314
"Emmendingen, Stadt","20 - 25 Jahre",1537,794,743
"Emmendingen, Stadt","25 - 30 Jahre",1486,750,736
"Emmendingen, Stadt","30 - 35 Jahre",1444,733,711
"Emmendingen, Stadt","35 - 40 Jahre",1569,767,802
"Emmendingen, Stadt","40 - 45 Jahre",2174,1132,1042
"Emmendingen, Stadt","45 - 50 Jahre",2275,1103,1172
"Emmendingen, Stadt","50 - 55 Jahre",2084,1009,1075
"Emmendingen, Stadt","55 - 60 Jahre",1891,894,997
"Emmendingen, Stadt","60 - 65 Jahre",1554,750,804
"Emmendingen, Stadt","65 - 75 Jahre",3013,1436,1577
"Emmendingen, Stadt","75 und mehr Jahre",2386,884,1502
"Emmendingen, Stadt","Insgesamt",26874,13062,13812
"Endingen am Kaiserstuhl, Stadt","unter 3 Jahre",240,131,109
"Endingen am Kaiserstuhl, Stadt","3 -  6 Jahre",265,142,123
"Endingen am Kaiserstuhl, Stadt","6 - 10 Jahre",359,185,174
"Endingen am Kaiserstuhl, Stadt","10 - 15 Jahre",492,235,257
"Endingen am Kaiserstuhl, Stadt","15 - 18 Jahre",309,136,173
"Endingen am Kaiserstuhl, Stadt","18 - 20 Jahre",220,107,113
"Endingen am Kaiserstuhl, Stadt","20 - 25 Jahre",533,296,237
"Endingen am Kaiserstuhl, Stadt","25 - 30 Jahre",493,250,243
"Endingen am Kaiserstuhl, Stadt","30 - 35 Jahre",521,268,253
"Endingen am Kaiserstuhl, Stadt","35 - 40 Jahre",582,286,296
"Endingen am Kaiserstuhl, Stadt","40 - 45 Jahre",709,347,362
"Endingen am Kaiserstuhl, Stadt","45 - 50 Jahre",778,394,384
"Endingen am Kaiserstuhl, Stadt","50 - 55 Jahre",695,354,341
"Endingen am Kaiserstuhl, Stadt","55 - 60 Jahre",661,339,322
"Endingen am Kaiserstuhl, Stadt","60 - 65 Jahre",488,232,256
"Endingen am Kaiserstuhl, Stadt","65 - 75 Jahre",932,454,478
"Endingen am Kaiserstuhl, Stadt","75 und mehr Jahre",827,307,520
"Endingen am Kaiserstuhl, Stadt","Insgesamt",9104,4463,4641
"Forchheim","unter 3 Jahre",51,21,30
"Forchheim","3 -  6 Jahre",38,15,23
"Forchheim","6 - 10 Jahre",59,38,21
"Forchheim","10 - 15 Jahre",80,40,40
"Forchheim","15 - 18 Jahre",41,21,20
"Forchheim","18 - 20 Jahre",22,11,11
"Forchheim","20 - 25 Jahre",76,37,39
"Forchheim","25 - 30 Jahre",73,40,33
"Forchheim","30 - 35 Jahre",71,31,40
"Forchheim","35 - 40 Jahre",73,38,35
"Forchheim","40 - 45 Jahre",103,54,49
"Forchheim","45 - 50 Jahre",110,62,48
"Forchheim","50 - 55 Jahre",91,44,47
"Forchheim","55 - 60 Jahre",71,34,37
"Forchheim","60 - 65 Jahre",66,31,35
"Forchheim","65 - 75 Jahre",107,49,58
"Forchheim","75 und mehr Jahre",95,40,55
"Forchheim","Insgesamt",1227,606,621
"Gutach im Breisgau","unter 3 Jahre",105,61,44
"Gutach im Breisgau","3 -  6 Jahre",112,57,55
"Gutach im Breisgau","6 - 10 Jahre",206,117,89
"Gutach im Breisgau","10 - 15 Jahre",275,130,145
"Gutach im Breisgau","15 - 18 Jahre",175,92,83
"Gutach im Breisgau","18 - 20 Jahre",114,58,56
"Gutach im Breisgau","20 - 25 Jahre",236,136,100
"Gutach im Breisgau","25 - 30 Jahre",243,111,132
"Gutach im Breisgau","30 - 35 Jahre",248,119,129
"Gutach im Breisgau","35 - 40 Jahre",289,146,143
"Gutach im Breisgau","40 - 45 Jahre",398,195,203
"Gutach im Breisgau","45 - 50 Jahre",455,227,228
"Gutach im Breisgau","50 - 55 Jahre",323,147,176
"Gutach im Breisgau","55 - 60 Jahre",333,167,166
"Gutach im Breisgau","60 - 65 Jahre",224,132,92
"Gutach im Breisgau","65 - 75 Jahre",402,182,220
"Gutach im Breisgau","75 und mehr Jahre",319,126,193
"Gutach im Breisgau","Insgesamt",4457,2203,2254
"Herbolzheim, Stadt","unter 3 Jahre",267,138,129
"Herbolzheim, Stadt","3 -  6 Jahre",277,141,136
"Herbolzheim, Stadt","6 - 10 Jahre",421,208,213
"Herbolzheim, Stadt","10 - 15 Jahre",586,302,284
"Herbolzheim, Stadt","15 - 18 Jahre",354,202,152
"Herbolzheim, Stadt","18 - 20 Jahre",240,116,124
"Herbolzheim, Stadt","20 - 25 Jahre",622,319,303
"Herbolzheim, Stadt","25 - 30 Jahre",576,299,277
"Herbolzheim, Stadt","30 - 35 Jahre",562,289,273
"Herbolzheim, Stadt","35 - 40 Jahre",632,310,322
"Herbolzheim, Stadt","40 - 45 Jahre",820,420,400
"Herbolzheim, Stadt","45 - 50 Jahre",850,434,416
"Herbolzheim, Stadt","50 - 55 Jahre",787,390,397
"Herbolzheim, Stadt","55 - 60 Jahre",634,327,307
"Herbolzheim, Stadt","60 - 65 Jahre",509,244,265
"Herbolzheim, Stadt","65 - 75 Jahre",969,458,511
"Herbolzheim, Stadt","75 und mehr Jahre",841,321,520
"Herbolzheim, Stadt","Insgesamt",9947,4918,5029
"Kenzingen, Stadt","unter 3 Jahre",248,120,128
"Kenzingen, Stadt","3 -  6 Jahre",261,138,123
"Kenzingen, Stadt","6 - 10 Jahre",340,181,159
"Kenzingen, Stadt","10 - 15 Jahre",594,283,311
"Kenzingen, Stadt","15 - 18 Jahre",362,179,183
"Kenzingen, Stadt","18 - 20 Jahre",229,125,104
"Kenzingen, Stadt","20 - 25 Jahre",555,285,270
"Kenzingen, Stadt","25 - 30 Jahre",520,259,261
"Kenzingen, Stadt","30 - 35 Jahre",447,222,225
"Kenzingen, Stadt","35 - 40 Jahre",552,258,294
"Kenzingen, Stadt","40 - 45 Jahre",723,379,344
"Kenzingen, Stadt","45 - 50 Jahre",769,372,397
"Kenzingen, Stadt","50 - 55 Jahre",762,389,373
"Kenzingen, Stadt","55 - 60 Jahre",638,312,326
"Kenzingen, Stadt","60 - 65 Jahre",519,263,256
"Kenzingen, Stadt","65 - 75 Jahre",896,443,453
"Kenzingen, Stadt","75 und mehr Jahre",817,286,531
"Kenzingen, Stadt","Insgesamt",9232,4494,4738
"Malterdingen","unter 3 Jahre",68,39,29
"Malterdingen","3 -  6 Jahre",92,49,43
"Malterdingen","6 - 10 Jahre",124,64,60
"Malterdingen","10 - 15 Jahre",189,99,90
"Malterdingen","15 - 18 Jahre",115,63,52
"Malterdingen","18 - 20 Jahre",71,43,28
"Malterdingen","20 - 25 Jahre",181,103,78
"Malterdingen","25 - 30 Jahre",153,75,78
"Malterdingen","30 - 35 Jahre",181,92,89
"Malterdingen","35 - 40 Jahre",191,96,95
"Malterdingen","40 - 45 Jahre",263,131,132
"Malterdingen","45 - 50 Jahre",278,140,138
"Malterdingen","50 - 55 Jahre",262,137,125
"Malterdingen","55 - 60 Jahre",224,118,106
"Malterdingen","60 - 65 Jahre",167,86,81
"Malterdingen","65 - 75 Jahre",245,119,126
"Malterdingen","75 und mehr Jahre",213,81,132
"Malterdingen","Insgesamt",3017,1535,1482
"Reute","unter 3 Jahre",70,42,28
"Reute","3 -  6 Jahre",58,27,31
"Reute","6 - 10 Jahre",127,81,46
"Reute","10 - 15 Jahre",205,113,92
"Reute","15 - 18 Jahre",108,55,53
"Reute","18 - 20 Jahre",76,35,41
"Reute","20 - 25 Jahre",206,104,102
"Reute","25 - 30 Jahre",180,98,82
"Reute","30 - 35 Jahre",127,57,70
"Reute","35 - 40 Jahre",193,90,103
"Reute","40 - 45 Jahre",295,142,153
"Reute","45 - 50 Jahre",320,156,164
"Reute","50 - 55 Jahre",224,107,117
"Reute","55 - 60 Jahre",219,101,118
"Reute","60 - 65 Jahre",173,95,78
"Reute","65 - 75 Jahre",297,149,148
"Reute","75 und mehr Jahre",174,70,104
"Reute","Insgesamt",3052,1522,1530
"Riegel am Kaiserstuhl","unter 3 Jahre",94,47,47
"Riegel am Kaiserstuhl","3 -  6 Jahre",100,58,42
"Riegel am Kaiserstuhl","6 - 10 Jahre",101,49,52
"Riegel am Kaiserstuhl","10 - 15 Jahre",208,104,104
"Riegel am Kaiserstuhl","15 - 18 Jahre",119,59,60
"Riegel am Kaiserstuhl","18 - 20 Jahre",102,53,49
"Riegel am Kaiserstuhl","20 - 25 Jahre",244,119,125
"Riegel am Kaiserstuhl","25 - 30 Jahre",227,125,102
"Riegel am Kaiserstuhl","30 - 35 Jahre",222,116,106
"Riegel am Kaiserstuhl","35 - 40 Jahre",212,89,123
"Riegel am Kaiserstuhl","40 - 45 Jahre",335,177,158
"Riegel am Kaiserstuhl","45 - 50 Jahre",376,186,190
"Riegel am Kaiserstuhl","50 - 55 Jahre",311,162,149
"Riegel am Kaiserstuhl","55 - 60 Jahre",255,134,121
"Riegel am Kaiserstuhl","60 - 65 Jahre",192,84,108
"Riegel am Kaiserstuhl","65 - 75 Jahre",333,157,176
"Riegel am Kaiserstuhl","75 und mehr Jahre",214,87,127
"Riegel am Kaiserstuhl","Insgesamt",3645,1806,1839
"Sasbach am Kaiserstuhl","unter 3 Jahre",96,47,49
"Sasbach am Kaiserstuhl","3 -  6 Jahre",93,45,48
"Sasbach am Kaiserstuhl","6 - 10 Jahre",132,71,61
"Sasbach am Kaiserstuhl","10 - 15 Jahre",203,99,104
"Sasbach am Kaiserstuhl","15 - 18 Jahre",111,53,58
"Sasbach am Kaiserstuhl","18 - 20 Jahre",91,48,43
"Sasbach am Kaiserstuhl","20 - 25 Jahre",195,99,96
"Sasbach am Kaiserstuhl","25 - 30 Jahre",168,92,76
"Sasbach am Kaiserstuhl","30 - 35 Jahre",153,68,85
"Sasbach am Kaiserstuhl","35 - 40 Jahre",191,87,104
"Sasbach am Kaiserstuhl","40 - 45 Jahre",319,168,151
"Sasbach am Kaiserstuhl","45 - 50 Jahre",327,177,150
"Sasbach am Kaiserstuhl","50 - 55 Jahre",276,125,151
"Sasbach am Kaiserstuhl","55 - 60 Jahre",229,118,111
"Sasbach am Kaiserstuhl","60 - 65 Jahre",200,104,96
"Sasbach am Kaiserstuhl","65 - 75 Jahre",327,160,167
"Sasbach am Kaiserstuhl","75 und mehr Jahre",266,126,140
"Sasbach am Kaiserstuhl","Insgesamt",3377,1687,1690
"Sexau","unter 3 Jahre",89,45,44
"Sexau","3 -  6 Jahre",76,40,36
"Sexau","6 - 10 Jahre",112,53,59
"Sexau","10 - 15 Jahre",182,80,102
"Sexau","15 - 18 Jahre",119,53,66
"Sexau","18 - 20 Jahre",72,40,32
"Sexau","20 - 25 Jahre",175,83,92
"Sexau","25 - 30 Jahre",150,73,77
"Sexau","30 - 35 Jahre",156,73,83
"Sexau","35 - 40 Jahre",165,82,83
"Sexau","40 - 45 Jahre",300,141,159
"Sexau","45 - 50 Jahre",312,153,159
"Sexau","50 - 55 Jahre",269,134,135
"Sexau","55 - 60 Jahre",223,125,98
"Sexau","60 - 65 Jahre",205,100,105
"Sexau","65 - 75 Jahre",366,176,190
"Sexau","75 und mehr Jahre",274,120,154
"Sexau","Insgesamt",3245,1571,1674
"Simonswald","unter 3 Jahre",82,48,34
"Simonswald","3 -  6 Jahre",63,34,29
"Simonswald","6 - 10 Jahre",110,60,50
"Simonswald","10 - 15 Jahre",180,94,86
"Simonswald","15 - 18 Jahre",107,59,48
"Simonswald","18 - 20 Jahre",68,32,36
"Simonswald","20 - 25 Jahre",160,82,78
"Simonswald","25 - 30 Jahre",151,81,70
"Simonswald","30 - 35 Jahre",176,88,88
"Simonswald","35 - 40 Jahre",189,95,94
"Simonswald","40 - 45 Jahre",264,139,125
"Simonswald","45 - 50 Jahre",290,148,142
"Simonswald","50 - 55 Jahre",227,113,114
"Simonswald","55 - 60 Jahre",209,114,95
"Simonswald","60 - 65 Jahre",171,87,84
"Simonswald","65 - 75 Jahre",318,155,163
"Simonswald","75 und mehr Jahre",254,111,143
"Simonswald","Insgesamt",3019,1540,1479
"Teningen","unter 3 Jahre",242,136,106
"Teningen","3 -  6 Jahre",297,168,129
"Teningen","6 - 10 Jahre",421,218,203
"Teningen","10 - 15 Jahre",645,328,317
"Teningen","15 - 18 Jahre",432,240,192
"Teningen","18 - 20 Jahre",259,136,123
"Teningen","20 - 25 Jahre",609,331,278
"Teningen","25 - 30 Jahre",522,263,259
"Teningen","30 - 35 Jahre",619,304,315
"Teningen","35 - 40 Jahre",705,338,367
"Teningen","40 - 45 Jahre",1035,537,498
"Teningen","45 - 50 Jahre",1043,514,529
"Teningen","50 - 55 Jahre",917,459,458
"Teningen","55 - 60 Jahre",836,412,424
"Teningen","60 - 65 Jahre",677,349,328
"Teningen","65 - 75 Jahre",1436,678,758
"Teningen","75 und mehr Jahre",1038,414,624
"Teningen","Insgesamt",11733,5825,5908
"Vörstetten","unter 3 Jahre",70,36,34
"Vörstetten","3 -  6 Jahre",107,45,62
"Vörstetten","6 - 10 Jahre",119,55,64
"Vörstetten","10 - 15 Jahre",149,69,80
"Vörstetten","15 - 18 Jahre",90,51,39
"Vörstetten","18 - 20 Jahre",85,50,35
"Vörstetten","20 - 25 Jahre",149,79,70
"Vörstetten","25 - 30 Jahre",146,65,81
"Vörstetten","30 - 35 Jahre",169,82,87
"Vörstetten","35 - 40 Jahre",191,91,100
"Vörstetten","40 - 45 Jahre",271,123,148
"Vörstetten","45 - 50 Jahre",299,172,127
"Vörstetten","50 - 55 Jahre",250,121,129
"Vörstetten","55 - 60 Jahre",207,97,110
"Vörstetten","60 - 65 Jahre",143,77,66
"Vörstetten","65 - 75 Jahre",314,155,159
"Vörstetten","75 und mehr Jahre",196,82,114
"Vörstetten","Insgesamt",2955,1450,1505
"Weisweil","unter 3 Jahre",44,22,22
"Weisweil","3 -  6 Jahre",51,23,28
"Weisweil","6 - 10 Jahre",77,44,33
"Weisweil","10 - 15 Jahre",122,68,54
"Weisweil","15 - 18 Jahre",88,35,53
"Weisweil","18 - 20 Jahre",65,27,38
"Weisweil","20 - 25 Jahre",149,75,74
"Weisweil","25 - 30 Jahre",109,72,37
"Weisweil","30 - 35 Jahre",111,54,57
"Weisweil","35 - 40 Jahre",119,56,63
"Weisweil","40 - 45 Jahre",176,85,91
"Weisweil","45 - 50 Jahre",220,107,113
"Weisweil","50 - 55 Jahre",217,116,101
"Weisweil","55 - 60 Jahre",122,67,55
"Weisweil","60 - 65 Jahre",108,53,55
"Weisweil","65 - 75 Jahre",201,90,111
"Weisweil","75 und mehr Jahre",147,57,90
"Weisweil","Insgesamt",2126,1051,1075
"Wyhl am Kaiserstuhl","unter 3 Jahre",83,39,44
"Wyhl am Kaiserstuhl","3 -  6 Jahre",75,39,36
"Wyhl am Kaiserstuhl","6 - 10 Jahre",129,71,58
"Wyhl am Kaiserstuhl","10 - 15 Jahre",216,103,113
"Wyhl am Kaiserstuhl","15 - 18 Jahre",133,67,66
"Wyhl am Kaiserstuhl","18 - 20 Jahre",90,50,40
"Wyhl am Kaiserstuhl","20 - 25 Jahre",256,126,130
"Wyhl am Kaiserstuhl","25 - 30 Jahre",246,135,111
"Wyhl am Kaiserstuhl","30 - 35 Jahre",189,84,105
"Wyhl am Kaiserstuhl","35 - 40 Jahre",207,115,92
"Wyhl am Kaiserstuhl","40 - 45 Jahre",315,154,161
"Wyhl am Kaiserstuhl","45 - 50 Jahre",367,185,182
"Wyhl am Kaiserstuhl","50 - 55 Jahre",344,161,183
"Wyhl am Kaiserstuhl","55 - 60 Jahre",247,148,99
"Wyhl am Kaiserstuhl","60 - 65 Jahre",183,93,90
"Wyhl am Kaiserstuhl","65 - 75 Jahre",298,144,154
"Wyhl am Kaiserstuhl","75 und mehr Jahre",234,90,144
"Wyhl am Kaiserstuhl","Insgesamt",3612,1804,1808
"Rheinhausen","unter 3 Jahre",92,40,52
"Rheinhausen","3 -  6 Jahre",124,66,58
"Rheinhausen","6 - 10 Jahre",158,75,83
"Rheinhausen","10 - 15 Jahre",226,125,101
"Rheinhausen","15 - 18 Jahre",120,61,59
"Rheinhausen","18 - 20 Jahre",71,39,32
"Rheinhausen","20 - 25 Jahre",200,111,89
"Rheinhausen","25 - 30 Jahre",149,71,78
"Rheinhausen","30 - 35 Jahre",182,95,87
"Rheinhausen","35 - 40 Jahre",217,113,104
"Rheinhausen","40 - 45 Jahre",313,160,153
"Rheinhausen","45 - 50 Jahre",321,174,147
"Rheinhausen","50 - 55 Jahre",249,116,133
"Rheinhausen","55 - 60 Jahre",207,105,102
"Rheinhausen","60 - 65 Jahre",197,113,84
"Rheinhausen","65 - 75 Jahre",347,146,201
"Rheinhausen","75 und mehr Jahre",270,100,170
"Rheinhausen","Insgesamt",3443,1710,1733
"Freiamt","unter 3 Jahre",96,46,50
"Freiamt","3 -  6 Jahre",112,54,58
"Freiamt","6 - 10 Jahre",178,98,80
"Freiamt","10 - 15 Jahre",249,126,123
"Freiamt","15 - 18 Jahre",153,84,69
"Freiamt","18 - 20 Jahre",103,51,52
"Freiamt","20 - 25 Jahre",233,125,108
"Freiamt","25 - 30 Jahre",196,99,97
"Freiamt","30 - 35 Jahre",176,90,86
"Freiamt","35 - 40 Jahre",253,118,135
"Freiamt","40 - 45 Jahre",365,196,169
"Freiamt","45 - 50 Jahre",398,207,191
"Freiamt","50 - 55 Jahre",351,179,172
"Freiamt","55 - 60 Jahre",296,153,143
"Freiamt","60 - 65 Jahre",238,123,115
"Freiamt","65 - 75 Jahre",414,200,214
"Freiamt","75 und mehr Jahre",406,161,245
"Freiamt","Insgesamt",4217,2110,2107
"Winden im Elztal","unter 3 Jahre",67,34,33
"Winden im Elztal","3 -  6 Jahre",78,39,39
"Winden im Elztal","6 - 10 Jahre",94,56,38
"Winden im Elztal","10 - 15 Jahre",170,94,76
"Winden im Elztal","15 - 18 Jahre",108,49,59
"Winden im Elztal","18 - 20 Jahre",65,35,30
"Winden im Elztal","20 - 25 Jahre",155,86,69
"Winden im Elztal","25 - 30 Jahre",168,92,76
"Winden im Elztal","30 - 35 Jahre",154,82,72
"Winden im Elztal","35 - 40 Jahre",187,93,94
"Winden im Elztal","40 - 45 Jahre",260,142,118
"Winden im Elztal","45 - 50 Jahre",256,128,128
"Winden im Elztal","50 - 55 Jahre",246,128,118
"Winden im Elztal","55 - 60 Jahre",195,105,90
"Winden im Elztal","60 - 65 Jahre",149,75,74
"Winden im Elztal","65 - 75 Jahre",246,117,129
"Winden im Elztal","75 und mehr Jahre",230,91,139
"Winden im Elztal","Insgesamt",2828,1446,1382
"Waldkirch, Stadt","unter 3 Jahre",525,264,261
"Waldkirch, Stadt","3 -  6 Jahre",533,269,264
"Waldkirch, Stadt","6 - 10 Jahre",846,439,407
"Waldkirch, Stadt","10 - 15 Jahre",1148,576,572
"Waldkirch, Stadt","15 - 18 Jahre",721,378,343
"Waldkirch, Stadt","18 - 20 Jahre",472,250,222
"Waldkirch, Stadt","20 - 25 Jahre",1106,565,541
"Waldkirch, Stadt","25 - 30 Jahre",1085,559,526
"Waldkirch, Stadt","30 - 35 Jahre",1065,507,558
"Waldkirch, Stadt","35 - 40 Jahre",1202,558,644
"Waldkirch, Stadt","40 - 45 Jahre",1710,838,872
"Waldkirch, Stadt","45 - 50 Jahre",1780,872,908
"Waldkirch, Stadt","50 - 55 Jahre",1555,786,769
"Waldkirch, Stadt","55 - 60 Jahre",1315,638,677
"Waldkirch, Stadt","60 - 65 Jahre",1124,552,572
"Waldkirch, Stadt","65 - 75 Jahre",2505,1142,1363
"Waldkirch, Stadt","75 und mehr Jahre",2165,824,1341
"Waldkirch, Stadt","Insgesamt",20857,10017,10840
"Landkreis Ortenaukreis","unter 3 Jahre",10681,5472,5209
"Landkreis Ortenaukreis","3 -  6 Jahre",11309,5728,5581
"Landkreis Ortenaukreis","6 - 10 Jahre",16085,8290,7795
"Landkreis Ortenaukreis","10 - 15 Jahre",23392,12104,11288
"Landkreis Ortenaukreis","15 - 18 Jahre",14725,7465,7260
"Landkreis Ortenaukreis","18 - 20 Jahre",10218,5270,4948
"Landkreis Ortenaukreis","20 - 25 Jahre",25054,13155,11899
"Landkreis Ortenaukreis","25 - 30 Jahre",23342,11995,11347
"Landkreis Ortenaukreis","30 - 35 Jahre",22519,11186,11333
"Landkreis Ortenaukreis","35 - 40 Jahre",24888,12448,12440
"Landkreis Ortenaukreis","40 - 45 Jahre",34226,17250,16976
"Landkreis Ortenaukreis","45 - 50 Jahre",36215,18389,17826
"Landkreis Ortenaukreis","50 - 55 Jahre",32225,16362,15863
"Landkreis Ortenaukreis","55 - 60 Jahre",28221,14142,14079
"Landkreis Ortenaukreis","60 - 65 Jahre",22511,11271,11240
"Landkreis Ortenaukreis","65 - 75 Jahre",43116,20448,22668
"Landkreis Ortenaukreis","75 und mehr Jahre",38786,14672,24114
"Landkreis Ortenaukreis","Insgesamt",417513,205647,211866
"Achern, Stadt","unter 3 Jahre",678,321,357
"Achern, Stadt","3 -  6 Jahre",721,357,364
"Achern, Stadt","6 - 10 Jahre",975,523,452
"Achern, Stadt","10 - 15 Jahre",1471,739,732
"Achern, Stadt","15 - 18 Jahre",918,464,454
"Achern, Stadt","18 - 20 Jahre",645,357,288
"Achern, Stadt","20 - 25 Jahre",1471,758,713
"Achern, Stadt","25 - 30 Jahre",1483,766,717
"Achern, Stadt","30 - 35 Jahre",1408,692,716
"Achern, Stadt","35 - 40 Jahre",1528,786,742
"Achern, Stadt","40 - 45 Jahre",2009,982,1027
"Achern, Stadt","45 - 50 Jahre",2141,1080,1061
"Achern, Stadt","50 - 55 Jahre",1843,886,957
"Achern, Stadt","55 - 60 Jahre",1676,861,815
"Achern, Stadt","60 - 65 Jahre",1308,647,661
"Achern, Stadt","65 - 75 Jahre",2490,1159,1331
"Achern, Stadt","75 und mehr Jahre",2249,829,1420
"Achern, Stadt","Insgesamt",25014,12207,12807
"Appenweier","unter 3 Jahre",271,129,142
"Appenweier","3 -  6 Jahre",259,139,120
"Appenweier","6 - 10 Jahre",333,181,152
"Appenweier","10 - 15 Jahre",532,285,247
"Appenweier","15 - 18 Jahre",332,170,162
"Appenweier","18 - 20 Jahre",244,131,113
"Appenweier","20 - 25 Jahre",628,312,316
"Appenweier","25 - 30 Jahre",543,293,250
"Appenweier","30 - 35 Jahre",563,280,283
"Appenweier","35 - 40 Jahre",582,292,290
"Appenweier","40 - 45 Jahre",780,398,382
"Appenweier","45 - 50 Jahre",852,408,444
"Appenweier","50 - 55 Jahre",797,398,399
"Appenweier","55 - 60 Jahre",697,328,369
"Appenweier","60 - 65 Jahre",556,273,283
"Appenweier","65 - 75 Jahre",984,486,498
"Appenweier","75 und mehr Jahre",849,311,538
"Appenweier","Insgesamt",9802,4814,4988
"Bad Peterstal-Griesbach","unter 3 Jahre",62,30,32
"Bad Peterstal-Griesbach","3 -  6 Jahre",75,38,37
"Bad Peterstal-Griesbach","6 - 10 Jahre",75,45,30
"Bad Peterstal-Griesbach","10 - 15 Jahre",137,70,67
"Bad Peterstal-Griesbach","15 - 18 Jahre",84,44,40
"Bad Peterstal-Griesbach","18 - 20 Jahre",83,51,32
"Bad Peterstal-Griesbach","20 - 25 Jahre",180,100,80
"Bad Peterstal-Griesbach","25 - 30 Jahre",124,54,70
"Bad Peterstal-Griesbach","30 - 35 Jahre",134,66,68
"Bad Peterstal-Griesbach","35 - 40 Jahre",144,76,68
"Bad Peterstal-Griesbach","40 - 45 Jahre",217,119,98
"Bad Peterstal-Griesbach","45 - 50 Jahre",193,86,107
"Bad Peterstal-Griesbach","50 - 55 Jahre",195,100,95
"Bad Peterstal-Griesbach","55 - 60 Jahre",174,102,72
"Bad Peterstal-Griesbach","60 - 65 Jahre",156,70,86
"Bad Peterstal-Griesbach","65 - 75 Jahre",333,164,169
"Bad Peterstal-Griesbach","75 und mehr Jahre",332,128,204
"Bad Peterstal-Griesbach","Insgesamt",2698,1343,1355
"Berghaupten","unter 3 Jahre",72,38,34
"Berghaupten","3 -  6 Jahre",70,38,32
"Berghaupten","6 - 10 Jahre",98,57,41
"Berghaupten","10 - 15 Jahre",130,65,65
"Berghaupten","15 - 18 Jahre",79,42,37
"Berghaupten","18 - 20 Jahre",63,32,31
"Berghaupten","20 - 25 Jahre",147,73,74
"Berghaupten","25 - 30 Jahre",104,57,47
"Berghaupten","30 - 35 Jahre",123,56,67
"Berghaupten","35 - 40 Jahre",129,70,59
"Berghaupten","40 - 45 Jahre",241,122,119
"Berghaupten","45 - 50 Jahre",211,112,99
"Berghaupten","50 - 55 Jahre",194,103,91
"Berghaupten","55 - 60 Jahre",151,75,76
"Berghaupten","60 - 65 Jahre",160,81,79
"Berghaupten","65 - 75 Jahre",244,116,128
"Berghaupten","75 und mehr Jahre",199,81,118
"Berghaupten","Insgesamt",2415,1218,1197
"Biberach","unter 3 Jahre",101,54,47
"Biberach","3 -  6 Jahre",92,46,46
"Biberach","6 - 10 Jahre",138,68,70
"Biberach","10 - 15 Jahre",167,91,76
"Biberach","15 - 18 Jahre",136,65,71
"Biberach","18 - 20 Jahre",83,41,42
"Biberach","20 - 25 Jahre",201,97,104
"Biberach","25 - 30 Jahre",186,98,88
"Biberach","30 - 35 Jahre",168,89,79
"Biberach","35 - 40 Jahre",207,95,112
"Biberach","40 - 45 Jahre",292,167,125
"Biberach","45 - 50 Jahre",282,134,148
"Biberach","50 - 55 Jahre",263,131,132
"Biberach","55 - 60 Jahre",238,130,108
"Biberach","60 - 65 Jahre",173,90,83
"Biberach","65 - 75 Jahre",313,143,170
"Biberach","75 und mehr Jahre",325,122,203
"Biberach","Insgesamt",3365,1661,1704
"Durbach","unter 3 Jahre",92,47,45
"Durbach","3 -  6 Jahre",91,48,43
"Durbach","6 - 10 Jahre",142,70,72
"Durbach","10 - 15 Jahre",201,102,99
"Durbach","15 - 18 Jahre",114,61,53
"Durbach","18 - 20 Jahre",78,38,40
"Durbach","20 - 25 Jahre",217,122,95
"Durbach","25 - 30 Jahre",200,83,117
"Durbach","30 - 35 Jahre",176,90,86
"Durbach","35 - 40 Jahre",194,94,100
"Durbach","40 - 45 Jahre",316,163,153
"Durbach","45 - 50 Jahre",336,176,160
"Durbach","50 - 55 Jahre",316,170,146
"Durbach","55 - 60 Jahre",298,137,161
"Durbach","60 - 65 Jahre",261,143,118
"Durbach","65 - 75 Jahre",439,205,234
"Durbach","75 und mehr Jahre",343,141,202
"Durbach","Insgesamt",3814,1890,1924
"Ettenheim, Stadt","unter 3 Jahre",297,156,141
"Ettenheim, Stadt","3 -  6 Jahre",319,170,149
"Ettenheim, Stadt","6 - 10 Jahre",435,203,232
"Ettenheim, Stadt","10 - 15 Jahre",703,342,361
"Ettenheim, Stadt","15 - 18 Jahre",444,215,229
"Ettenheim, Stadt","18 - 20 Jahre",327,139,188
"Ettenheim, Stadt","20 - 25 Jahre",737,359,378
"Ettenheim, Stadt","25 - 30 Jahre",614,301,313
"Ettenheim, Stadt","30 - 35 Jahre",621,317,304
"Ettenheim, Stadt","35 - 40 Jahre",823,432,391
"Ettenheim, Stadt","40 - 45 Jahre",1105,553,552
"Ettenheim, Stadt","45 - 50 Jahre",1126,538,588
"Ettenheim, Stadt","50 - 55 Jahre",986,501,485
"Ettenheim, Stadt","55 - 60 Jahre",810,412,398
"Ettenheim, Stadt","60 - 65 Jahre",632,326,306
"Ettenheim, Stadt","65 - 75 Jahre",1232,578,654
"Ettenheim, Stadt","75 und mehr Jahre",1033,381,652
"Ettenheim, Stadt","Insgesamt",12244,5923,6321
"Fischerbach","unter 3 Jahre",47,30,17
"Fischerbach","3 -  6 Jahre",49,29,20
"Fischerbach","6 - 10 Jahre",69,42,27
"Fischerbach","10 - 15 Jahre",127,72,55
"Fischerbach","15 - 18 Jahre",64,34,30
"Fischerbach","18 - 20 Jahre",49,27,22
"Fischerbach","20 - 25 Jahre",114,68,46
"Fischerbach","25 - 30 Jahre",79,39,40
"Fischerbach","30 - 35 Jahre",94,58,36
"Fischerbach","35 - 40 Jahre",94,43,51
"Fischerbach","40 - 45 Jahre",152,71,81
"Fischerbach","45 - 50 Jahre",161,77,84
"Fischerbach","50 - 55 Jahre",144,81,63
"Fischerbach","55 - 60 Jahre",86,42,44
"Fischerbach","60 - 65 Jahre",73,33,40
"Fischerbach","65 - 75 Jahre",203,97,106
"Fischerbach","75 und mehr Jahre",136,57,79
"Fischerbach","Insgesamt",1741,900,841
"Friesenheim","unter 3 Jahre",340,189,151
"Friesenheim","3 -  6 Jahre",323,163,160
"Friesenheim","6 - 10 Jahre",497,241,256
"Friesenheim","10 - 15 Jahre",696,389,307
"Friesenheim","15 - 18 Jahre",463,240,223
"Friesenheim","18 - 20 Jahre",287,151,136
"Friesenheim","20 - 25 Jahre",762,417,345
"Friesenheim","25 - 30 Jahre",767,404,363
"Friesenheim","30 - 35 Jahre",690,355,335
"Friesenheim","35 - 40 Jahre",717,362,355
"Friesenheim","40 - 45 Jahre",1079,529,550
"Friesenheim","45 - 50 Jahre",1139,571,568
"Friesenheim","50 - 55 Jahre",1062,531,531
"Friesenheim","55 - 60 Jahre",862,439,423
"Friesenheim","60 - 65 Jahre",638,315,323
"Friesenheim","65 - 75 Jahre",1238,581,657
"Friesenheim","75 und mehr Jahre",1181,437,744
"Friesenheim","Insgesamt",12741,6314,6427
"Gengenbach, Stadt","unter 3 Jahre",251,140,111
"Gengenbach, Stadt","3 -  6 Jahre",243,124,119
"Gengenbach, Stadt","6 - 10 Jahre",352,187,165
"Gengenbach, Stadt","10 - 15 Jahre",506,284,222
"Gengenbach, Stadt","15 - 18 Jahre",333,160,173
"Gengenbach, Stadt","18 - 20 Jahre",250,117,133
"Gengenbach, Stadt","20 - 25 Jahre",624,310,314
"Gengenbach, Stadt","25 - 30 Jahre",556,320,236
"Gengenbach, Stadt","30 - 35 Jahre",522,259,263
"Gengenbach, Stadt","35 - 40 Jahre",591,294,297
"Gengenbach, Stadt","40 - 45 Jahre",899,404,495
"Gengenbach, Stadt","45 - 50 Jahre",949,458,491
"Gengenbach, Stadt","50 - 55 Jahre",786,389,397
"Gengenbach, Stadt","55 - 60 Jahre",802,390,412
"Gengenbach, Stadt","60 - 65 Jahre",660,343,317
"Gengenbach, Stadt","65 - 75 Jahre",1324,645,679
"Gengenbach, Stadt","75 und mehr Jahre",1375,498,877
"Gengenbach, Stadt","Insgesamt",11023,5322,5701
"Gutach (Schwarzwaldbahn)","unter 3 Jahre",56,29,27
"Gutach (Schwarzwaldbahn)","3 -  6 Jahre",58,24,34
"Gutach (Schwarzwaldbahn)","6 - 10 Jahre",85,44,41
"Gutach (Schwarzwaldbahn)","10 - 15 Jahre",122,64,58
"Gutach (Schwarzwaldbahn)","15 - 18 Jahre",82,42,40
"Gutach (Schwarzwaldbahn)","18 - 20 Jahre",37,12,25
"Gutach (Schwarzwaldbahn)","20 - 25 Jahre",115,61,54
"Gutach (Schwarzwaldbahn)","25 - 30 Jahre",110,55,55
"Gutach (Schwarzwaldbahn)","30 - 35 Jahre",108,55,53
"Gutach (Schwarzwaldbahn)","35 - 40 Jahre",129,68,61
"Gutach (Schwarzwaldbahn)","40 - 45 Jahre",178,86,92
"Gutach (Schwarzwaldbahn)","45 - 50 Jahre",182,99,83
"Gutach (Schwarzwaldbahn)","50 - 55 Jahre",168,87,81
"Gutach (Schwarzwaldbahn)","55 - 60 Jahre",132,68,64
"Gutach (Schwarzwaldbahn)","60 - 65 Jahre",111,51,60
"Gutach (Schwarzwaldbahn)","65 - 75 Jahre",283,142,141
"Gutach (Schwarzwaldbahn)","75 und mehr Jahre",222,90,132
"Gutach (Schwarzwaldbahn)","Insgesamt",2178,1077,1101
"Haslach im Kinzigtal, Stadt","unter 3 Jahre",178,96,82
"Haslach im Kinzigtal, Stadt","3 -  6 Jahre",212,117,95
"Haslach im Kinzigtal, Stadt","6 - 10 Jahre",247,136,111
"Haslach im Kinzigtal, Stadt","10 - 15 Jahre",380,200,180
"Haslach im Kinzigtal, Stadt","15 - 18 Jahre",268,129,139
"Haslach im Kinzigtal, Stadt","18 - 20 Jahre",147,65,82
"Haslach im Kinzigtal, Stadt","20 - 25 Jahre",390,208,182
"Haslach im Kinzigtal, Stadt","25 - 30 Jahre",390,208,182
"Haslach im Kinzigtal, Stadt","30 - 35 Jahre",345,156,189
"Haslach im Kinzigtal, Stadt","35 - 40 Jahre",467,242,225
"Haslach im Kinzigtal, Stadt","40 - 45 Jahre",542,268,274
"Haslach im Kinzigtal, Stadt","45 - 50 Jahre",633,312,321
"Haslach im Kinzigtal, Stadt","50 - 55 Jahre",520,255,265
"Haslach im Kinzigtal, Stadt","55 - 60 Jahre",433,222,211
"Haslach im Kinzigtal, Stadt","60 - 65 Jahre",338,169,169
"Haslach im Kinzigtal, Stadt","65 - 75 Jahre",737,328,409
"Haslach im Kinzigtal, Stadt","75 und mehr Jahre",752,285,467
"Haslach im Kinzigtal, Stadt","Insgesamt",6979,3396,3583
"Hausach, Stadt","unter 3 Jahre",143,72,71
"Hausach, Stadt","3 -  6 Jahre",154,70,84
"Hausach, Stadt","6 - 10 Jahre",239,125,114
"Hausach, Stadt","10 - 15 Jahre",301,149,152
"Hausach, Stadt","15 - 18 Jahre",199,105,94
"Hausach, Stadt","18 - 20 Jahre",161,77,84
"Hausach, Stadt","20 - 25 Jahre",359,187,172
"Hausach, Stadt","25 - 30 Jahre",336,187,149
"Hausach, Stadt","30 - 35 Jahre",317,146,171
"Hausach, Stadt","35 - 40 Jahre",329,182,147
"Hausach, Stadt","40 - 45 Jahre",441,230,211
"Hausach, Stadt","45 - 50 Jahre",509,243,266
"Hausach, Stadt","50 - 55 Jahre",460,244,216
"Hausach, Stadt","55 - 60 Jahre",389,196,193
"Hausach, Stadt","60 - 65 Jahre",300,152,148
"Hausach, Stadt","65 - 75 Jahre",589,282,307
"Hausach, Stadt","75 und mehr Jahre",644,242,402
"Hausach, Stadt","Insgesamt",5870,2889,2981
"Hofstetten","unter 3 Jahre",49,28,21
"Hofstetten","3 -  6 Jahre",56,24,32
"Hofstetten","6 - 10 Jahre",87,47,40
"Hofstetten","10 - 15 Jahre",131,67,64
"Hofstetten","15 - 18 Jahre",53,27,26
"Hofstetten","18 - 20 Jahre",35,18,17
"Hofstetten","20 - 25 Jahre",90,55,35
"Hofstetten","25 - 30 Jahre",91,49,42
"Hofstetten","30 - 35 Jahre",108,48,60
"Hofstetten","35 - 40 Jahre",109,62,47
"Hofstetten","40 - 45 Jahre",143,83,60
"Hofstetten","45 - 50 Jahre",151,77,74
"Hofstetten","50 - 55 Jahre",106,49,57
"Hofstetten","55 - 60 Jahre",107,60,47
"Hofstetten","60 - 65 Jahre",88,43,45
"Hofstetten","65 - 75 Jahre",180,89,91
"Hofstetten","75 und mehr Jahre",119,52,67
"Hofstetten","Insgesamt",1703,878,825
"Hohberg","unter 3 Jahre",186,100,86
"Hohberg","3 -  6 Jahre",223,112,111
"Hohberg","6 - 10 Jahre",319,163,156
"Hohberg","10 - 15 Jahre",449,215,234
"Hohberg","15 - 18 Jahre",299,159,140
"Hohberg","18 - 20 Jahre",197,97,100
"Hohberg","20 - 25 Jahre",479,254,225
"Hohberg","25 - 30 Jahre",425,223,202
"Hohberg","30 - 35 Jahre",380,178,202
"Hohberg","35 - 40 Jahre",451,218,233
"Hohberg","40 - 45 Jahre",677,329,348
"Hohberg","45 - 50 Jahre",711,375,336
"Hohberg","50 - 55 Jahre",642,338,304
"Hohberg","55 - 60 Jahre",563,280,283
"Hohberg","60 - 65 Jahre",421,219,202
"Hohberg","65 - 75 Jahre",736,349,387
"Hohberg","75 und mehr Jahre",677,253,424
"Hohberg","Insgesamt",7835,3862,3973
"Hornberg, Stadt","unter 3 Jahre",114,68,46
"Hornberg, Stadt","3 -  6 Jahre",122,64,58
"Hornberg, Stadt","6 - 10 Jahre",181,90,91
"Hornberg, Stadt","10 - 15 Jahre",210,107,103
"Hornberg, Stadt","15 - 18 Jahre",132,67,65
"Hornberg, Stadt","18 - 20 Jahre",91,43,48
"Hornberg, Stadt","20 - 25 Jahre",216,113,103
"Hornberg, Stadt","25 - 30 Jahre",220,113,107
"Hornberg, Stadt","30 - 35 Jahre",231,107,124
"Hornberg, Stadt","35 - 40 Jahre",238,132,106
"Hornberg, Stadt","40 - 45 Jahre",327,171,156
"Hornberg, Stadt","45 - 50 Jahre",327,169,158
"Hornberg, Stadt","50 - 55 Jahre",350,180,170
"Hornberg, Stadt","55 - 60 Jahre",302,161,141
"Hornberg, Stadt","60 - 65 Jahre",265,148,117
"Hornberg, Stadt","65 - 75 Jahre",452,204,248
"Hornberg, Stadt","75 und mehr Jahre",516,185,331
"Hornberg, Stadt","Insgesamt",4294,2122,2172
"Kappelrodeck","unter 3 Jahre",147,74,73
"Kappelrodeck","3 -  6 Jahre",136,72,64
"Kappelrodeck","6 - 10 Jahre",241,127,114
"Kappelrodeck","10 - 15 Jahre",320,144,176
"Kappelrodeck","15 - 18 Jahre",210,103,107
"Kappelrodeck","18 - 20 Jahre",153,91,62
"Kappelrodeck","20 - 25 Jahre",326,171,155
"Kappelrodeck","25 - 30 Jahre",308,149,159
"Kappelrodeck","30 - 35 Jahre",323,162,161
"Kappelrodeck","35 - 40 Jahre",352,179,173
"Kappelrodeck","40 - 45 Jahre",500,276,224
"Kappelrodeck","45 - 50 Jahre",475,245,230
"Kappelrodeck","50 - 55 Jahre",469,243,226
"Kappelrodeck","55 - 60 Jahre",378,198,180
"Kappelrodeck","60 - 65 Jahre",313,151,162
"Kappelrodeck","65 - 75 Jahre",585,272,313
"Kappelrodeck","75 und mehr Jahre",547,198,349
"Kappelrodeck","Insgesamt",5783,2855,2928
"Kehl, Stadt","unter 3 Jahre",910,464,446
"Kehl, Stadt","3 -  6 Jahre",950,463,487
"Kehl, Stadt","6 - 10 Jahre",1386,709,677
"Kehl, Stadt","10 - 15 Jahre",1912,954,958
"Kehl, Stadt","15 - 18 Jahre",1099,539,560
"Kehl, Stadt","18 - 20 Jahre",818,431,387
"Kehl, Stadt","20 - 25 Jahre",2059,1067,992
"Kehl, Stadt","25 - 30 Jahre",1849,926,923
"Kehl, Stadt","30 - 35 Jahre",1981,950,1031
"Kehl, Stadt","35 - 40 Jahre",2161,1066,1095
"Kehl, Stadt","40 - 45 Jahre",2964,1468,1496
"Kehl, Stadt","45 - 50 Jahre",2782,1381,1401
"Kehl, Stadt","50 - 55 Jahre",2660,1349,1311
"Kehl, Stadt","55 - 60 Jahre",2416,1213,1203
"Kehl, Stadt","60 - 65 Jahre",2001,987,1014
"Kehl, Stadt","65 - 75 Jahre",3716,1780,1936
"Kehl, Stadt","75 und mehr Jahre",3125,1210,1915
"Kehl, Stadt","Insgesamt",34789,16957,17832
"Kippenheim","unter 3 Jahre",146,65,81
"Kippenheim","3 -  6 Jahre",151,75,76
"Kippenheim","6 - 10 Jahre",188,107,81
"Kippenheim","10 - 15 Jahre",279,146,133
"Kippenheim","15 - 18 Jahre",169,78,91
"Kippenheim","18 - 20 Jahre",115,60,55
"Kippenheim","20 - 25 Jahre",311,161,150
"Kippenheim","25 - 30 Jahre",286,150,136
"Kippenheim","30 - 35 Jahre",301,149,152
"Kippenheim","35 - 40 Jahre",263,129,134
"Kippenheim","40 - 45 Jahre",401,215,186
"Kippenheim","45 - 50 Jahre",477,233,244
"Kippenheim","50 - 55 Jahre",389,204,185
"Kippenheim","55 - 60 Jahre",383,199,184
"Kippenheim","60 - 65 Jahre",283,147,136
"Kippenheim","65 - 75 Jahre",527,257,270
"Kippenheim","75 und mehr Jahre",498,193,305
"Kippenheim","Insgesamt",5167,2568,2599
"Lahr/Schwarzwald, Stadt","unter 3 Jahre",1257,635,622
"Lahr/Schwarzwald, Stadt","3 -  6 Jahre",1317,667,650
"Lahr/Schwarzwald, Stadt","6 - 10 Jahre",1767,919,848
"Lahr/Schwarzwald, Stadt","10 - 15 Jahre",2406,1285,1121
"Lahr/Schwarzwald, Stadt","15 - 18 Jahre",1521,754,767
"Lahr/Schwarzwald, Stadt","18 - 20 Jahre",1085,556,529
"Lahr/Schwarzwald, Stadt","20 - 25 Jahre",2835,1448,1387
"Lahr/Schwarzwald, Stadt","25 - 30 Jahre",2676,1388,1288
"Lahr/Schwarzwald, Stadt","30 - 35 Jahre",2472,1243,1229
"Lahr/Schwarzwald, Stadt","35 - 40 Jahre",2662,1351,1311
"Lahr/Schwarzwald, Stadt","40 - 45 Jahre",3377,1691,1686
"Lahr/Schwarzwald, Stadt","45 - 50 Jahre",3551,1817,1734
"Lahr/Schwarzwald, Stadt","50 - 55 Jahre",3224,1615,1609
"Lahr/Schwarzwald, Stadt","55 - 60 Jahre",2923,1435,1488
"Lahr/Schwarzwald, Stadt","60 - 65 Jahre",2285,1139,1146
"Lahr/Schwarzwald, Stadt","65 - 75 Jahre",4408,2023,2385
"Lahr/Schwarzwald, Stadt","75 und mehr Jahre",4061,1496,2565
"Lahr/Schwarzwald, Stadt","Insgesamt",43827,21462,22365
"Lautenbach","unter 3 Jahre",47,24,23
"Lautenbach","3 -  6 Jahre",42,19,23
"Lautenbach","6 - 10 Jahre",74,43,31
"Lautenbach","10 - 15 Jahre",113,60,53
"Lautenbach","15 - 18 Jahre",67,37,30
"Lautenbach","18 - 20 Jahre",24,11,13
"Lautenbach","20 - 25 Jahre",97,49,48
"Lautenbach","25 - 30 Jahre",101,61,40
"Lautenbach","30 - 35 Jahre",85,36,49
"Lautenbach","35 - 40 Jahre",117,65,52
"Lautenbach","40 - 45 Jahre",159,94,65
"Lautenbach","45 - 50 Jahre",160,80,80
"Lautenbach","50 - 55 Jahre",154,82,72
"Lautenbach","55 - 60 Jahre",131,67,64
"Lautenbach","60 - 65 Jahre",127,66,61
"Lautenbach","65 - 75 Jahre",205,100,105
"Lautenbach","75 und mehr Jahre",161,76,85
"Lautenbach","Insgesamt",1864,970,894
"Lauf","unter 3 Jahre",78,39,39
"Lauf","3 -  6 Jahre",76,35,41
"Lauf","6 - 10 Jahre",140,77,63
"Lauf","10 - 15 Jahre",226,114,112
"Lauf","15 - 18 Jahre",142,75,67
"Lauf","18 - 20 Jahre",103,59,44
"Lauf","20 - 25 Jahre",198,113,85
"Lauf","25 - 30 Jahre",179,101,78
"Lauf","30 - 35 Jahre",182,95,87
"Lauf","35 - 40 Jahre",228,108,120
"Lauf","40 - 45 Jahre",267,133,134
"Lauf","45 - 50 Jahre",350,183,167
"Lauf","50 - 55 Jahre",306,151,155
"Lauf","55 - 60 Jahre",299,141,158
"Lauf","60 - 65 Jahre",222,115,107
"Lauf","65 - 75 Jahre",424,213,211
"Lauf","75 und mehr Jahre",398,156,242
"Lauf","Insgesamt",3818,1908,1910
"Mahlberg, Stadt","unter 3 Jahre",146,62,84
"Mahlberg, Stadt","3 -  6 Jahre",144,67,77
"Mahlberg, Stadt","6 - 10 Jahre",161,86,75
"Mahlberg, Stadt","10 - 15 Jahre",269,139,130
"Mahlberg, Stadt","15 - 18 Jahre",149,90,59
"Mahlberg, Stadt","18 - 20 Jahre",135,55,80
"Mahlberg, Stadt","20 - 25 Jahre",305,160,145
"Mahlberg, Stadt","25 - 30 Jahre",301,164,137
"Mahlberg, Stadt","30 - 35 Jahre",318,150,168
"Mahlberg, Stadt","35 - 40 Jahre",258,137,121
"Mahlberg, Stadt","40 - 45 Jahre",410,202,208
"Mahlberg, Stadt","45 - 50 Jahre",486,230,256
"Mahlberg, Stadt","50 - 55 Jahre",406,202,204
"Mahlberg, Stadt","55 - 60 Jahre",294,158,136
"Mahlberg, Stadt","60 - 65 Jahre",227,110,117
"Mahlberg, Stadt","65 - 75 Jahre",373,175,198
"Mahlberg, Stadt","75 und mehr Jahre",321,116,205
"Mahlberg, Stadt","Insgesamt",4703,2303,2400
"Meißenheim","unter 3 Jahre",89,47,42
"Meißenheim","3 -  6 Jahre",108,52,56
"Meißenheim","6 - 10 Jahre",147,81,66
"Meißenheim","10 - 15 Jahre",211,104,107
"Meißenheim","15 - 18 Jahre",132,65,67
"Meißenheim","18 - 20 Jahre",92,52,40
"Meißenheim","20 - 25 Jahre",198,110,88
"Meißenheim","25 - 30 Jahre",174,84,90
"Meißenheim","30 - 35 Jahre",195,104,91
"Meißenheim","35 - 40 Jahre",209,93,116
"Meißenheim","40 - 45 Jahre",345,191,154
"Meißenheim","45 - 50 Jahre",332,176,156
"Meißenheim","50 - 55 Jahre",319,170,149
"Meißenheim","55 - 60 Jahre",266,129,137
"Meißenheim","60 - 65 Jahre",200,100,100
"Meißenheim","65 - 75 Jahre",370,176,194
"Meißenheim","75 und mehr Jahre",344,137,207
"Meißenheim","Insgesamt",3731,1871,1860
"Mühlenbach","unter 3 Jahre",50,27,23
"Mühlenbach","3 -  6 Jahre",51,27,24
"Mühlenbach","6 - 10 Jahre",72,47,25
"Mühlenbach","10 - 15 Jahre",119,69,50
"Mühlenbach","15 - 18 Jahre",65,26,39
"Mühlenbach","18 - 20 Jahre",47,30,17
"Mühlenbach","20 - 25 Jahre",111,51,60
"Mühlenbach","25 - 30 Jahre",81,43,38
"Mühlenbach","30 - 35 Jahre",88,35,53
"Mühlenbach","35 - 40 Jahre",103,50,53
"Mühlenbach","40 - 45 Jahre",151,75,76
"Mühlenbach","45 - 50 Jahre",130,67,63
"Mühlenbach","50 - 55 Jahre",123,73,50
"Mühlenbach","55 - 60 Jahre",96,57,39
"Mühlenbach","60 - 65 Jahre",68,30,38
"Mühlenbach","65 - 75 Jahre",163,82,81
"Mühlenbach","75 und mehr Jahre",150,70,80
"Mühlenbach","Insgesamt",1668,859,809
"Nordrach","unter 3 Jahre",46,21,25
"Nordrach","3 -  6 Jahre",45,25,20
"Nordrach","6 - 10 Jahre",74,32,42
"Nordrach","10 - 15 Jahre",144,72,72
"Nordrach","15 - 18 Jahre",78,39,39
"Nordrach","18 - 20 Jahre",52,26,26
"Nordrach","20 - 25 Jahre",79,43,36
"Nordrach","25 - 30 Jahre",90,56,34
"Nordrach","30 - 35 Jahre",83,33,50
"Nordrach","35 - 40 Jahre",91,45,46
"Nordrach","40 - 45 Jahre",207,113,94
"Nordrach","45 - 50 Jahre",173,88,85
"Nordrach","50 - 55 Jahre",165,96,69
"Nordrach","55 - 60 Jahre",133,69,64
"Nordrach","60 - 65 Jahre",118,63,55
"Nordrach","65 - 75 Jahre",230,123,107
"Nordrach","75 und mehr Jahre",166,73,93
"Nordrach","Insgesamt",1974,1017,957
"Oberharmersbach","unter 3 Jahre",59,31,28
"Oberharmersbach","3 -  6 Jahre",65,34,31
"Oberharmersbach","6 - 10 Jahre",103,53,50
"Oberharmersbach","10 - 15 Jahre",182,98,84
"Oberharmersbach","15 - 18 Jahre",105,54,51
"Oberharmersbach","18 - 20 Jahre",85,43,42
"Oberharmersbach","20 - 25 Jahre",179,103,76
"Oberharmersbach","25 - 30 Jahre",142,76,66
"Oberharmersbach","30 - 35 Jahre",100,65,35
"Oberharmersbach","35 - 40 Jahre",134,61,73
"Oberharmersbach","40 - 45 Jahre",203,108,95
"Oberharmersbach","45 - 50 Jahre",234,123,111
"Oberharmersbach","50 - 55 Jahre",199,105,94
"Oberharmersbach","55 - 60 Jahre",150,85,65
"Oberharmersbach","60 - 65 Jahre",107,51,56
"Oberharmersbach","65 - 75 Jahre",236,109,127
"Oberharmersbach","75 und mehr Jahre",218,92,126
"Oberharmersbach","Insgesamt",2501,1291,1210
"Oberkirch, Stadt","unter 3 Jahre",511,253,258
"Oberkirch, Stadt","3 -  6 Jahre",534,250,284
"Oberkirch, Stadt","6 - 10 Jahre",795,411,384
"Oberkirch, Stadt","10 - 15 Jahre",1183,602,581
"Oberkirch, Stadt","15 - 18 Jahre",779,391,388
"Oberkirch, Stadt","18 - 20 Jahre",563,295,268
"Oberkirch, Stadt","20 - 25 Jahre",1271,688,583
"Oberkirch, Stadt","25 - 30 Jahre",1139,581,558
"Oberkirch, Stadt","30 - 35 Jahre",996,513,483
"Oberkirch, Stadt","35 - 40 Jahre",1127,540,587
"Oberkirch, Stadt","40 - 45 Jahre",1580,789,791
"Oberkirch, Stadt","45 - 50 Jahre",1760,901,859
"Oberkirch, Stadt","50 - 55 Jahre",1560,809,751
"Oberkirch, Stadt","55 - 60 Jahre",1318,657,661
"Oberkirch, Stadt","60 - 65 Jahre",1051,524,527
"Oberkirch, Stadt","65 - 75 Jahre",1997,975,1022
"Oberkirch, Stadt","75 und mehr Jahre",1797,701,1096
"Oberkirch, Stadt","Insgesamt",19961,9880,10081
"Oberwolfach","unter 3 Jahre",67,32,35
"Oberwolfach","3 -  6 Jahre",83,44,39
"Oberwolfach","6 - 10 Jahre",130,60,70
"Oberwolfach","10 - 15 Jahre",182,90,92
"Oberwolfach","15 - 18 Jahre",122,64,58
"Oberwolfach","18 - 20 Jahre",58,35,23
"Oberwolfach","20 - 25 Jahre",124,57,67
"Oberwolfach","25 - 30 Jahre",143,70,73
"Oberwolfach","30 - 35 Jahre",149,65,84
"Oberwolfach","35 - 40 Jahre",158,88,70
"Oberwolfach","40 - 45 Jahre",232,118,114
"Oberwolfach","45 - 50 Jahre",244,150,94
"Oberwolfach","50 - 55 Jahre",187,82,105
"Oberwolfach","55 - 60 Jahre",154,75,79
"Oberwolfach","60 - 65 Jahre",124,67,57
"Oberwolfach","65 - 75 Jahre",295,146,149
"Oberwolfach","75 und mehr Jahre",277,118,159
"Oberwolfach","Insgesamt",2729,1361,1368
"Offenburg, Stadt","unter 3 Jahre",1519,769,750
"Offenburg, Stadt","3 -  6 Jahre",1531,778,753
"Offenburg, Stadt","6 - 10 Jahre",2176,1078,1098
"Offenburg, Stadt","10 - 15 Jahre",3051,1568,1483
"Offenburg, Stadt","15 - 18 Jahre",1992,1041,951
"Offenburg, Stadt","18 - 20 Jahre",1314,691,623
"Offenburg, Stadt","20 - 25 Jahre",3568,1918,1650
"Offenburg, Stadt","25 - 30 Jahre",3787,1932,1855
"Offenburg, Stadt","30 - 35 Jahre",3537,1783,1754
"Offenburg, Stadt","35 - 40 Jahre",3633,1737,1896
"Offenburg, Stadt","40 - 45 Jahre",4657,2346,2311
"Offenburg, Stadt","45 - 50 Jahre",4803,2451,2352
"Offenburg, Stadt","50 - 55 Jahre",4473,2232,2241
"Offenburg, Stadt","55 - 60 Jahre",3959,1915,2044
"Offenburg, Stadt","60 - 65 Jahre",3221,1534,1687
"Offenburg, Stadt","65 - 75 Jahre",6409,2977,3432
"Offenburg, Stadt","75 und mehr Jahre",5585,2064,3521
"Offenburg, Stadt","Insgesamt",59215,28814,30401
"Ohlsbach","unter 3 Jahre",70,29,41
"Ohlsbach","3 -  6 Jahre",77,36,41
"Ohlsbach","6 - 10 Jahre",142,85,57
"Ohlsbach","10 - 15 Jahre",209,109,100
"Ohlsbach","15 - 18 Jahre",105,52,53
"Ohlsbach","18 - 20 Jahre",77,43,34
"Ohlsbach","20 - 25 Jahre",183,97,86
"Ohlsbach","25 - 30 Jahre",166,85,81
"Ohlsbach","30 - 35 Jahre",136,69,67
"Ohlsbach","35 - 40 Jahre",186,82,104
"Ohlsbach","40 - 45 Jahre",311,144,167
"Ohlsbach","45 - 50 Jahre",323,175,148
"Ohlsbach","50 - 55 Jahre",259,140,119
"Ohlsbach","55 - 60 Jahre",207,92,115
"Ohlsbach","60 - 65 Jahre",188,88,100
"Ohlsbach","65 - 75 Jahre",328,169,159
"Ohlsbach","75 und mehr Jahre",264,117,147
"Ohlsbach","Insgesamt",3231,1612,1619
"Oppenau, Stadt","unter 3 Jahre",115,53,62
"Oppenau, Stadt","3 -  6 Jahre",129,65,64
"Oppenau, Stadt","6 - 10 Jahre",195,110,85
"Oppenau, Stadt","10 - 15 Jahre",275,145,130
"Oppenau, Stadt","15 - 18 Jahre",161,80,81
"Oppenau, Stadt","18 - 20 Jahre",128,67,61
"Oppenau, Stadt","20 - 25 Jahre",304,163,141
"Oppenau, Stadt","25 - 30 Jahre",243,123,120
"Oppenau, Stadt","30 - 35 Jahre",217,108,109
"Oppenau, Stadt","35 - 40 Jahre",258,135,123
"Oppenau, Stadt","40 - 45 Jahre",392,217,175
"Oppenau, Stadt","45 - 50 Jahre",414,221,193
"Oppenau, Stadt","50 - 55 Jahre",336,164,172
"Oppenau, Stadt","55 - 60 Jahre",318,171,147
"Oppenau, Stadt","60 - 65 Jahre",242,124,118
"Oppenau, Stadt","65 - 75 Jahre",531,246,285
"Oppenau, Stadt","75 und mehr Jahre",592,217,375
"Oppenau, Stadt","Insgesamt",4850,2409,2441
"Ortenberg","unter 3 Jahre",73,39,34
"Ortenberg","3 -  6 Jahre",78,42,36
"Ortenberg","6 - 10 Jahre",146,80,66
"Ortenberg","10 - 15 Jahre",216,114,102
"Ortenberg","15 - 18 Jahre",115,64,51
"Ortenberg","18 - 20 Jahre",77,39,38
"Ortenberg","20 - 25 Jahre",160,77,83
"Ortenberg","25 - 30 Jahre",148,71,77
"Ortenberg","30 - 35 Jahre",190,96,94
"Ortenberg","35 - 40 Jahre",189,80,109
"Ortenberg","40 - 45 Jahre",281,160,121
"Ortenberg","45 - 50 Jahre",319,168,151
"Ortenberg","50 - 55 Jahre",257,135,122
"Ortenberg","55 - 60 Jahre",233,107,126
"Ortenberg","60 - 65 Jahre",190,91,99
"Ortenberg","65 - 75 Jahre",348,162,186
"Ortenberg","75 und mehr Jahre",329,134,195
"Ortenberg","Insgesamt",3349,1659,1690
"Ottenhöfen im Schwarzwald","unter 3 Jahre",70,32,38
"Ottenhöfen im Schwarzwald","3 -  6 Jahre",84,44,40
"Ottenhöfen im Schwarzwald","6 - 10 Jahre",136,62,74
"Ottenhöfen im Schwarzwald","10 - 15 Jahre",217,110,107
"Ottenhöfen im Schwarzwald","15 - 18 Jahre",135,72,63
"Ottenhöfen im Schwarzwald","18 - 20 Jahre",90,38,52
"Ottenhöfen im Schwarzwald","20 - 25 Jahre",198,106,92
"Ottenhöfen im Schwarzwald","25 - 30 Jahre",182,92,90
"Ottenhöfen im Schwarzwald","30 - 35 Jahre",165,86,79
"Ottenhöfen im Schwarzwald","35 - 40 Jahre",169,81,88
"Ottenhöfen im Schwarzwald","40 - 45 Jahre",273,140,133
"Ottenhöfen im Schwarzwald","45 - 50 Jahre",272,136,136
"Ottenhöfen im Schwarzwald","50 - 55 Jahre",219,119,100
"Ottenhöfen im Schwarzwald","55 - 60 Jahre",176,92,84
"Ottenhöfen im Schwarzwald","60 - 65 Jahre",162,79,83
"Ottenhöfen im Schwarzwald","65 - 75 Jahre",352,163,189
"Ottenhöfen im Schwarzwald","75 und mehr Jahre",371,155,216
"Ottenhöfen im Schwarzwald","Insgesamt",3271,1607,1664
"Renchen, Stadt","unter 3 Jahre",163,87,76
"Renchen, Stadt","3 -  6 Jahre",206,115,91
"Renchen, Stadt","6 - 10 Jahre",288,161,127
"Renchen, Stadt","10 - 15 Jahre",394,213,181
"Renchen, Stadt","15 - 18 Jahre",282,135,147
"Renchen, Stadt","18 - 20 Jahre",200,89,111
"Renchen, Stadt","20 - 25 Jahre",483,233,250
"Renchen, Stadt","25 - 30 Jahre",404,217,187
"Renchen, Stadt","30 - 35 Jahre",386,194,192
"Renchen, Stadt","35 - 40 Jahre",458,226,232
"Renchen, Stadt","40 - 45 Jahre",640,316,324
"Renchen, Stadt","45 - 50 Jahre",701,356,345
"Renchen, Stadt","50 - 55 Jahre",548,282,266
"Renchen, Stadt","55 - 60 Jahre",512,259,253
"Renchen, Stadt","60 - 65 Jahre",349,189,160
"Renchen, Stadt","65 - 75 Jahre",706,328,378
"Renchen, Stadt","75 und mehr Jahre",625,252,373
"Renchen, Stadt","Insgesamt",7345,3652,3693
"Ringsheim","unter 3 Jahre",71,36,35
"Ringsheim","3 -  6 Jahre",65,30,35
"Ringsheim","6 - 10 Jahre",87,54,33
"Ringsheim","10 - 15 Jahre",125,86,39
"Ringsheim","15 - 18 Jahre",64,33,31
"Ringsheim","18 - 20 Jahre",31,19,12
"Ringsheim","20 - 25 Jahre",103,56,47
"Ringsheim","25 - 30 Jahre",120,48,72
"Ringsheim","30 - 35 Jahre",150,66,84
"Ringsheim","35 - 40 Jahre",135,75,60
"Ringsheim","40 - 45 Jahre",187,105,82
"Ringsheim","45 - 50 Jahre",197,96,101
"Ringsheim","50 - 55 Jahre",169,87,82
"Ringsheim","55 - 60 Jahre",162,86,76
"Ringsheim","60 - 65 Jahre",117,60,57
"Ringsheim","65 - 75 Jahre",244,122,122
"Ringsheim","75 und mehr Jahre",194,76,118
"Ringsheim","Insgesamt",2221,1135,1086
"Rust","unter 3 Jahre",112,57,55
"Rust","3 -  6 Jahre",94,44,50
"Rust","6 - 10 Jahre",128,68,60
"Rust","10 - 15 Jahre",229,126,103
"Rust","15 - 18 Jahre",132,63,69
"Rust","18 - 20 Jahre",84,47,37
"Rust","20 - 25 Jahre",273,141,132
"Rust","25 - 30 Jahre",297,146,151
"Rust","30 - 35 Jahre",264,131,133
"Rust","35 - 40 Jahre",236,124,112
"Rust","40 - 45 Jahre",334,150,184
"Rust","45 - 50 Jahre",314,153,161
"Rust","50 - 55 Jahre",285,151,134
"Rust","55 - 60 Jahre",237,124,113
"Rust","60 - 65 Jahre",205,116,89
"Rust","65 - 75 Jahre",297,147,150
"Rust","75 und mehr Jahre",215,77,138
"Rust","Insgesamt",3736,1865,1871
"Sasbach","unter 3 Jahre",111,65,46
"Sasbach","3 -  6 Jahre",141,72,69
"Sasbach","6 - 10 Jahre",195,96,99
"Sasbach","10 - 15 Jahre",315,149,166
"Sasbach","15 - 18 Jahre",184,100,84
"Sasbach","18 - 20 Jahre",144,67,77
"Sasbach","20 - 25 Jahre",325,186,139
"Sasbach","25 - 30 Jahre",249,135,114
"Sasbach","30 - 35 Jahre",264,137,127
"Sasbach","35 - 40 Jahre",377,197,180
"Sasbach","40 - 45 Jahre",496,282,214
"Sasbach","45 - 50 Jahre",489,267,222
"Sasbach","50 - 55 Jahre",388,200,188
"Sasbach","55 - 60 Jahre",346,167,179
"Sasbach","60 - 65 Jahre",307,158,149
"Sasbach","65 - 75 Jahre",528,245,283
"Sasbach","75 und mehr Jahre",587,177,410
"Sasbach","Insgesamt",5446,2700,2746
"Sasbachwalden","unter 3 Jahre",39,22,17
"Sasbachwalden","3 -  6 Jahre",51,26,25
"Sasbachwalden","6 - 10 Jahre",95,51,44
"Sasbachwalden","10 - 15 Jahre",120,57,63
"Sasbachwalden","15 - 18 Jahre",69,36,33
"Sasbachwalden","18 - 20 Jahre",47,28,19
"Sasbachwalden","20 - 25 Jahre",104,58,46
"Sasbachwalden","25 - 30 Jahre",97,47,50
"Sasbachwalden","30 - 35 Jahre",85,44,41
"Sasbachwalden","35 - 40 Jahre",126,60,66
"Sasbachwalden","40 - 45 Jahre",226,121,105
"Sasbachwalden","45 - 50 Jahre",211,110,101
"Sasbachwalden","50 - 55 Jahre",195,104,91
"Sasbachwalden","55 - 60 Jahre",192,100,92
"Sasbachwalden","60 - 65 Jahre",154,71,83
"Sasbachwalden","65 - 75 Jahre",339,168,171
"Sasbachwalden","75 und mehr Jahre",289,111,178
"Sasbachwalden","Insgesamt",2439,1214,1225
"Schuttertal","unter 3 Jahre",73,39,34
"Schuttertal","3 -  6 Jahre",89,49,40
"Schuttertal","6 - 10 Jahre",151,57,94
"Schuttertal","10 - 15 Jahre",226,117,109
"Schuttertal","15 - 18 Jahre",134,71,63
"Schuttertal","18 - 20 Jahre",70,37,33
"Schuttertal","20 - 25 Jahre",220,120,100
"Schuttertal","25 - 30 Jahre",146,84,62
"Schuttertal","30 - 35 Jahre",145,74,71
"Schuttertal","35 - 40 Jahre",181,94,87
"Schuttertal","40 - 45 Jahre",264,136,128
"Schuttertal","45 - 50 Jahre",316,168,148
"Schuttertal","50 - 55 Jahre",258,136,122
"Schuttertal","55 - 60 Jahre",189,104,85
"Schuttertal","60 - 65 Jahre",157,88,69
"Schuttertal","65 - 75 Jahre",307,137,170
"Schuttertal","75 und mehr Jahre",302,125,177
"Schuttertal","Insgesamt",3228,1636,1592
"Schutterwald","unter 3 Jahre",142,75,67
"Schutterwald","3 -  6 Jahre",183,91,92
"Schutterwald","6 - 10 Jahre",264,141,123
"Schutterwald","10 - 15 Jahre",405,228,177
"Schutterwald","15 - 18 Jahre",285,149,136
"Schutterwald","18 - 20 Jahre",174,96,78
"Schutterwald","20 - 25 Jahre",432,249,183
"Schutterwald","25 - 30 Jahre",362,185,177
"Schutterwald","30 - 35 Jahre",291,144,147
"Schutterwald","35 - 40 Jahre",409,209,200
"Schutterwald","40 - 45 Jahre",605,304,301
"Schutterwald","45 - 50 Jahre",641,321,320
"Schutterwald","50 - 55 Jahre",559,305,254
"Schutterwald","55 - 60 Jahre",484,246,238
"Schutterwald","60 - 65 Jahre",419,203,216
"Schutterwald","65 - 75 Jahre",838,404,434
"Schutterwald","75 und mehr Jahre",680,293,387
"Schutterwald","Insgesamt",7173,3643,3530
"Seebach","unter 3 Jahre",39,23,16
"Seebach","3 -  6 Jahre",37,20,17
"Seebach","6 - 10 Jahre",64,36,28
"Seebach","10 - 15 Jahre",82,47,35
"Seebach","15 - 18 Jahre",67,41,26
"Seebach","18 - 20 Jahre",35,14,21
"Seebach","20 - 25 Jahre",75,34,41
"Seebach","25 - 30 Jahre",76,43,33
"Seebach","30 - 35 Jahre",64,30,34
"Seebach","35 - 40 Jahre",93,57,36
"Seebach","40 - 45 Jahre",129,63,66
"Seebach","45 - 50 Jahre",128,61,67
"Seebach","50 - 55 Jahre",121,68,53
"Seebach","55 - 60 Jahre",82,47,35
"Seebach","60 - 65 Jahre",64,23,41
"Seebach","65 - 75 Jahre",153,76,77
"Seebach","75 und mehr Jahre",139,57,82
"Seebach","Insgesamt",1448,740,708
"Seelbach","unter 3 Jahre",129,68,61
"Seelbach","3 -  6 Jahre",109,59,50
"Seelbach","6 - 10 Jahre",162,76,86
"Seelbach","10 - 15 Jahre",258,130,128
"Seelbach","15 - 18 Jahre",180,80,100
"Seelbach","18 - 20 Jahre",123,63,60
"Seelbach","20 - 25 Jahre",300,171,129
"Seelbach","25 - 30 Jahre",231,113,118
"Seelbach","30 - 35 Jahre",253,130,123
"Seelbach","35 - 40 Jahre",243,139,104
"Seelbach","40 - 45 Jahre",356,169,187
"Seelbach","45 - 50 Jahre",490,249,241
"Seelbach","50 - 55 Jahre",412,210,202
"Seelbach","55 - 60 Jahre",331,162,169
"Seelbach","60 - 65 Jahre",319,164,155
"Seelbach","65 - 75 Jahre",610,299,311
"Seelbach","75 und mehr Jahre",520,193,327
"Seelbach","Insgesamt",5026,2475,2551
"Steinach","unter 3 Jahre",120,64,56
"Steinach","3 -  6 Jahre",141,74,67
"Steinach","6 - 10 Jahre",182,94,88
"Steinach","10 - 15 Jahre",242,124,118
"Steinach","15 - 18 Jahre",148,72,76
"Steinach","18 - 20 Jahre",89,44,45
"Steinach","20 - 25 Jahre",253,130,123
"Steinach","25 - 30 Jahre",206,108,98
"Steinach","30 - 35 Jahre",203,106,97
"Steinach","35 - 40 Jahre",254,129,125
"Steinach","40 - 45 Jahre",317,173,144
"Steinach","45 - 50 Jahre",366,196,170
"Steinach","50 - 55 Jahre",312,168,144
"Steinach","55 - 60 Jahre",269,131,138
"Steinach","60 - 65 Jahre",164,86,78
"Steinach","65 - 75 Jahre",360,174,186
"Steinach","75 und mehr Jahre",314,128,186
"Steinach","Insgesamt",3940,2001,1939
"Willstätt","unter 3 Jahre",234,125,109
"Willstätt","3 -  6 Jahre",269,141,128
"Willstätt","6 - 10 Jahre",318,158,160
"Willstätt","10 - 15 Jahre",540,272,268
"Willstätt","15 - 18 Jahre",329,173,156
"Willstätt","18 - 20 Jahre",240,130,110
"Willstätt","20 - 25 Jahre",543,296,247
"Willstätt","25 - 30 Jahre",509,238,271
"Willstätt","30 - 35 Jahre",479,243,236
"Willstätt","35 - 40 Jahre",581,290,291
"Willstätt","40 - 45 Jahre",766,383,383
"Willstätt","45 - 50 Jahre",859,441,418
"Willstätt","50 - 55 Jahre",765,386,379
"Willstätt","55 - 60 Jahre",655,315,340
"Willstätt","60 - 65 Jahre",494,254,240
"Willstätt","65 - 75 Jahre",835,401,434
"Willstätt","75 und mehr Jahre",680,274,406
"Willstätt","Insgesamt",9096,4520,4576
"Wolfach, Stadt","unter 3 Jahre",157,76,81
"Wolfach, Stadt","3 -  6 Jahre",166,87,79
"Wolfach, Stadt","6 - 10 Jahre",204,108,96
"Wolfach, Stadt","10 - 15 Jahre",279,154,125
"Wolfach, Stadt","15 - 18 Jahre",187,100,87
"Wolfach, Stadt","18 - 20 Jahre",133,74,59
"Wolfach, Stadt","20 - 25 Jahre",292,157,135
"Wolfach, Stadt","25 - 30 Jahre",301,150,151
"Wolfach, Stadt","30 - 35 Jahre",320,147,173
"Wolfach, Stadt","35 - 40 Jahre",350,200,150
"Wolfach, Stadt","40 - 45 Jahre",436,219,217
"Wolfach, Stadt","45 - 50 Jahre",546,310,236
"Wolfach, Stadt","50 - 55 Jahre",398,202,196
"Wolfach, Stadt","55 - 60 Jahre",438,214,224
"Wolfach, Stadt","60 - 65 Jahre",321,177,144
"Wolfach, Stadt","65 - 75 Jahre",687,331,356
"Wolfach, Stadt","75 und mehr Jahre",610,227,383
"Wolfach, Stadt","Insgesamt",5825,2933,2892
"Zell am Harmersbach, Stadt","unter 3 Jahre",208,107,101
"Zell am Harmersbach, Stadt","3 -  6 Jahre",216,108,108
"Zell am Harmersbach, Stadt","6 - 10 Jahre",301,157,144
"Zell am Harmersbach, Stadt","10 - 15 Jahre",446,235,211
"Zell am Harmersbach, Stadt","15 - 18 Jahre",246,124,122
"Zell am Harmersbach, Stadt","18 - 20 Jahre",197,109,88
"Zell am Harmersbach, Stadt","20 - 25 Jahre",490,261,229
"Zell am Harmersbach, Stadt","25 - 30 Jahre",438,227,211
"Zell am Harmersbach, Stadt","30 - 35 Jahre",444,220,224
"Zell am Harmersbach, Stadt","35 - 40 Jahre",496,251,245
"Zell am Harmersbach, Stadt","40 - 45 Jahre",611,309,302
"Zell am Harmersbach, Stadt","45 - 50 Jahre",694,355,339
"Zell am Harmersbach, Stadt","50 - 55 Jahre",635,316,319
"Zell am Harmersbach, Stadt","55 - 60 Jahre",599,302,297
"Zell am Harmersbach, Stadt","60 - 65 Jahre",433,216,217
"Zell am Harmersbach, Stadt","65 - 75 Jahre",875,420,455
"Zell am Harmersbach, Stadt","75 und mehr Jahre",734,274,460
"Zell am Harmersbach, Stadt","Insgesamt",8063,3991,4072
"Schwanau","unter 3 Jahre",169,95,74
"Schwanau","3 -  6 Jahre",184,101,83
"Schwanau","6 - 10 Jahre",284,154,130
"Schwanau","10 - 15 Jahre",416,226,190
"Schwanau","15 - 18 Jahre",239,117,122
"Schwanau","18 - 20 Jahre",158,71,87
"Schwanau","20 - 25 Jahre",394,190,204
"Schwanau","25 - 30 Jahre",363,183,180
"Schwanau","30 - 35 Jahre",335,174,161
"Schwanau","35 - 40 Jahre",417,194,223
"Schwanau","40 - 45 Jahre",594,302,292
"Schwanau","45 - 50 Jahre",653,333,320
"Schwanau","50 - 55 Jahre",490,242,248
"Schwanau","55 - 60 Jahre",440,223,217
"Schwanau","60 - 65 Jahre",356,188,168
"Schwanau","65 - 75 Jahre",688,323,365
"Schwanau","75 und mehr Jahre",666,194,472
"Schwanau","Insgesamt",6846,3310,3536
"Neuried","unter 3 Jahre",202,107,95
"Neuried","3 -  6 Jahre",251,124,127
"Neuried","6 - 10 Jahre",384,176,208
"Neuried","10 - 15 Jahre",563,295,268
"Neuried","15 - 18 Jahre",353,189,164
"Neuried","18 - 20 Jahre",275,144,131
"Neuried","20 - 25 Jahre",590,314,276
"Neuried","25 - 30 Jahre",511,248,263
"Neuried","30 - 35 Jahre",503,241,262
"Neuried","35 - 40 Jahre",521,240,281
"Neuried","40 - 45 Jahre",814,393,421
"Neuried","45 - 50 Jahre",893,468,425
"Neuried","50 - 55 Jahre",768,385,383
"Neuried","55 - 60 Jahre",636,325,311
"Neuried","60 - 65 Jahre",508,260,248
"Neuried","65 - 75 Jahre",853,406,447
"Neuried","75 und mehr Jahre",824,298,526
"Neuried","Insgesamt",9449,4613,4836
"Kappel-Grafenhausen","unter 3 Jahre",128,70,58
"Kappel-Grafenhausen","3 -  6 Jahre",130,65,65
"Kappel-Grafenhausen","6 - 10 Jahre",193,92,101
"Kappel-Grafenhausen","10 - 15 Jahre",297,153,144
"Kappel-Grafenhausen","15 - 18 Jahre",219,115,104
"Kappel-Grafenhausen","18 - 20 Jahre",139,61,78
"Kappel-Grafenhausen","20 - 25 Jahre",294,151,143
"Kappel-Grafenhausen","25 - 30 Jahre",238,117,121
"Kappel-Grafenhausen","30 - 35 Jahre",275,143,132
"Kappel-Grafenhausen","35 - 40 Jahre",300,155,145
"Kappel-Grafenhausen","40 - 45 Jahre",424,209,215
"Kappel-Grafenhausen","45 - 50 Jahre",461,235,226
"Kappel-Grafenhausen","50 - 55 Jahre",394,201,193
"Kappel-Grafenhausen","55 - 60 Jahre",303,163,140
"Kappel-Grafenhausen","60 - 65 Jahre",241,116,125
"Kappel-Grafenhausen","65 - 75 Jahre",440,207,233
"Kappel-Grafenhausen","75 und mehr Jahre",332,142,190
"Kappel-Grafenhausen","Insgesamt",4808,2395,2413
"Rheinau, Stadt","unter 3 Jahre",247,133,114
"Rheinau, Stadt","3 -  6 Jahre",309,164,145
"Rheinau, Stadt","6 - 10 Jahre",440,222,218
"Rheinau, Stadt","10 - 15 Jahre",678,328,350
"Rheinau, Stadt","15 - 18 Jahre",461,219,242
"Rheinau, Stadt","18 - 20 Jahre",286,159,127
"Rheinau, Stadt","20 - 25 Jahre",647,332,315
"Rheinau, Stadt","25 - 30 Jahre",571,304,267
"Rheinau, Stadt","30 - 35 Jahre",552,268,284
"Rheinau, Stadt","35 - 40 Jahre",681,333,348
"Rheinau, Stadt","40 - 45 Jahre",919,461,458
"Rheinau, Stadt","45 - 50 Jahre",1068,530,538
"Rheinau, Stadt","50 - 55 Jahre",991,505,486
"Rheinau, Stadt","55 - 60 Jahre",792,411,381
"Rheinau, Stadt","60 - 65 Jahre",634,333,301
"Rheinau, Stadt","65 - 75 Jahre",1082,544,538
"Rheinau, Stadt","75 und mehr Jahre",919,359,560
"Rheinau, Stadt","Insgesamt",11277,5605,5672
"Landkreis Rottweil","unter 3 Jahre",3470,1799,1671
"Landkreis Rottweil","3 -  6 Jahre",3737,1897,1840
"Landkreis Rottweil","6 - 10 Jahre",5445,2746,2699
"Landkreis Rottweil","10 - 15 Jahre",8176,4131,4045
"Landkreis Rottweil","15 - 18 Jahre",5326,2716,2610
"Landkreis Rottweil","18 - 20 Jahre",3629,1878,1751
"Landkreis Rottweil","20 - 25 Jahre",8020,4162,3858
"Landkreis Rottweil","25 - 30 Jahre",7436,3805,3631
"Landkreis Rottweil","30 - 35 Jahre",7504,3780,3724
"Landkreis Rottweil","35 - 40 Jahre",8264,4159,4105
"Landkreis Rottweil","40 - 45 Jahre",11382,5852,5530
"Landkreis Rottweil","45 - 50 Jahre",12003,6136,5867
"Landkreis Rottweil","50 - 55 Jahre",10565,5385,5180
"Landkreis Rottweil","55 - 60 Jahre",8733,4366,4367
"Landkreis Rottweil","60 - 65 Jahre",7424,3690,3734
"Landkreis Rottweil","65 - 75 Jahre",15438,7397,8041
"Landkreis Rottweil","75 und mehr Jahre",12764,4802,7962
"Landkreis Rottweil","Insgesamt",139316,68701,70615
"Aichhalden","unter 3 Jahre",97,44,53
"Aichhalden","3 -  6 Jahre",113,53,60
"Aichhalden","6 - 10 Jahre",161,82,79
"Aichhalden","10 - 15 Jahre",259,134,125
"Aichhalden","15 - 18 Jahre",156,87,69
"Aichhalden","18 - 20 Jahre",126,64,62
"Aichhalden","20 - 25 Jahre",218,117,101
"Aichhalden","25 - 30 Jahre",219,123,96
"Aichhalden","30 - 35 Jahre",222,112,110
"Aichhalden","35 - 40 Jahre",222,124,98
"Aichhalden","40 - 45 Jahre",330,174,156
"Aichhalden","45 - 50 Jahre",364,174,190
"Aichhalden","50 - 55 Jahre",344,178,166
"Aichhalden","55 - 60 Jahre",229,111,118
"Aichhalden","60 - 65 Jahre",230,116,114
"Aichhalden","65 - 75 Jahre",479,241,238
"Aichhalden","75 und mehr Jahre",314,113,201
"Aichhalden","Insgesamt",4083,2047,2036
"Bösingen","unter 3 Jahre",92,50,42
"Bösingen","3 -  6 Jahre",124,63,61
"Bösingen","6 - 10 Jahre",170,92,78
"Bösingen","10 - 15 Jahre",250,112,138
"Bösingen","15 - 18 Jahre",164,83,81
"Bösingen","18 - 20 Jahre",96,46,50
"Bösingen","20 - 25 Jahre",230,123,107
"Bösingen","25 - 30 Jahre",184,93,91
"Bösingen","30 - 35 Jahre",174,87,87
"Bösingen","35 - 40 Jahre",234,111,123
"Bösingen","40 - 45 Jahre",339,182,157
"Bösingen","45 - 50 Jahre",296,156,140
"Bösingen","50 - 55 Jahre",245,123,122
"Bösingen","55 - 60 Jahre",195,103,92
"Bösingen","60 - 65 Jahre",153,75,78
"Bösingen","65 - 75 Jahre",322,158,164
"Bösingen","75 und mehr Jahre",231,96,135
"Bösingen","Insgesamt",3499,1753,1746
"Dietingen","unter 3 Jahre",105,58,47
"Dietingen","3 -  6 Jahre",112,61,51
"Dietingen","6 - 10 Jahre",173,85,88
"Dietingen","10 - 15 Jahre",258,118,140
"Dietingen","15 - 18 Jahre",145,71,74
"Dietingen","18 - 20 Jahre",112,54,58
"Dietingen","20 - 25 Jahre",203,100,103
"Dietingen","25 - 30 Jahre",176,83,93
"Dietingen","30 - 35 Jahre",189,88,101
"Dietingen","35 - 40 Jahre",229,106,123
"Dietingen","40 - 45 Jahre",365,185,180
"Dietingen","45 - 50 Jahre",364,201,163
"Dietingen","50 - 55 Jahre",303,150,153
"Dietingen","55 - 60 Jahre",237,129,108
"Dietingen","60 - 65 Jahre",200,92,108
"Dietingen","65 - 75 Jahre",414,202,212
"Dietingen","75 und mehr Jahre",350,148,202
"Dietingen","Insgesamt",3935,1931,2004
"Dornhan, Stadt","unter 3 Jahre",133,73,60
"Dornhan, Stadt","3 -  6 Jahre",180,75,105
"Dornhan, Stadt","6 - 10 Jahre",248,130,118
"Dornhan, Stadt","10 - 15 Jahre",370,187,183
"Dornhan, Stadt","15 - 18 Jahre",238,122,116
"Dornhan, Stadt","18 - 20 Jahre",137,66,71
"Dornhan, Stadt","20 - 25 Jahre",376,212,164
"Dornhan, Stadt","25 - 30 Jahre",279,152,127
"Dornhan, Stadt","30 - 35 Jahre",308,141,167
"Dornhan, Stadt","35 - 40 Jahre",393,212,181
"Dornhan, Stadt","40 - 45 Jahre",446,221,225
"Dornhan, Stadt","45 - 50 Jahre",575,303,272
"Dornhan, Stadt","50 - 55 Jahre",439,224,215
"Dornhan, Stadt","55 - 60 Jahre",372,190,182
"Dornhan, Stadt","60 - 65 Jahre",346,180,166
"Dornhan, Stadt","65 - 75 Jahre",707,346,361
"Dornhan, Stadt","75 und mehr Jahre",568,212,356
"Dornhan, Stadt","Insgesamt",6115,3046,3069
"Dunningen","unter 3 Jahre",184,99,85
"Dunningen","3 -  6 Jahre",168,78,90
"Dunningen","6 - 10 Jahre",220,100,120
"Dunningen","10 - 15 Jahre",343,179,164
"Dunningen","15 - 18 Jahre",249,131,118
"Dunningen","18 - 20 Jahre",147,65,82
"Dunningen","20 - 25 Jahre",391,231,160
"Dunningen","25 - 30 Jahre",376,177,199
"Dunningen","30 - 35 Jahre",334,165,169
"Dunningen","35 - 40 Jahre",368,189,179
"Dunningen","40 - 45 Jahre",486,246,240
"Dunningen","45 - 50 Jahre",527,267,260
"Dunningen","50 - 55 Jahre",498,274,224
"Dunningen","55 - 60 Jahre",420,218,202
"Dunningen","60 - 65 Jahre",281,148,133
"Dunningen","65 - 75 Jahre",559,290,269
"Dunningen","75 und mehr Jahre",474,182,292
"Dunningen","Insgesamt",6025,3039,2986
"Epfendorf","unter 3 Jahre",87,46,41
"Epfendorf","3 -  6 Jahre",74,42,32
"Epfendorf","6 - 10 Jahre",134,73,61
"Epfendorf","10 - 15 Jahre",217,93,124
"Epfendorf","15 - 18 Jahre",124,78,46
"Epfendorf","18 - 20 Jahre",84,44,40
"Epfendorf","20 - 25 Jahre",201,98,103
"Epfendorf","25 - 30 Jahre",167,88,79
"Epfendorf","30 - 35 Jahre",150,71,79
"Epfendorf","35 - 40 Jahre",158,72,86
"Epfendorf","40 - 45 Jahre",288,155,133
"Epfendorf","45 - 50 Jahre",308,138,170
"Epfendorf","50 - 55 Jahre",299,167,132
"Epfendorf","55 - 60 Jahre",193,97,96
"Epfendorf","60 - 65 Jahre",188,102,86
"Epfendorf","65 - 75 Jahre",375,180,195
"Epfendorf","75 und mehr Jahre",306,105,201
"Epfendorf","Insgesamt",3353,1649,1704
"Hardt","unter 3 Jahre",50,23,27
"Hardt","3 -  6 Jahre",73,36,37
"Hardt","6 - 10 Jahre",124,64,60
"Hardt","10 - 15 Jahre",148,73,75
"Hardt","15 - 18 Jahre",105,52,53
"Hardt","18 - 20 Jahre",73,39,34
"Hardt","20 - 25 Jahre",130,71,59
"Hardt","25 - 30 Jahre",130,68,62
"Hardt","30 - 35 Jahre",155,78,77
"Hardt","35 - 40 Jahre",166,80,86
"Hardt","40 - 45 Jahre",214,110,104
"Hardt","45 - 50 Jahre",210,106,104
"Hardt","50 - 55 Jahre",165,73,92
"Hardt","55 - 60 Jahre",185,98,87
"Hardt","60 - 65 Jahre",125,58,67
"Hardt","65 - 75 Jahre",305,147,158
"Hardt","75 und mehr Jahre",189,88,101
"Hardt","Insgesamt",2547,1264,1283
"Lauterbach","unter 3 Jahre",62,40,22
"Lauterbach","3 -  6 Jahre",88,37,51
"Lauterbach","6 - 10 Jahre",107,52,55
"Lauterbach","10 - 15 Jahre",172,94,78
"Lauterbach","15 - 18 Jahre",125,59,66
"Lauterbach","18 - 20 Jahre",95,48,47
"Lauterbach","20 - 25 Jahre",145,80,65
"Lauterbach","25 - 30 Jahre",115,61,54
"Lauterbach","30 - 35 Jahre",117,59,58
"Lauterbach","35 - 40 Jahre",189,87,102
"Lauterbach","40 - 45 Jahre",249,140,109
"Lauterbach","45 - 50 Jahre",244,120,124
"Lauterbach","50 - 55 Jahre",207,108,99
"Lauterbach","55 - 60 Jahre",155,70,85
"Lauterbach","60 - 65 Jahre",153,73,80
"Lauterbach","65 - 75 Jahre",420,193,227
"Lauterbach","75 und mehr Jahre",363,135,228
"Lauterbach","Insgesamt",3006,1456,1550
"Oberndorf am Neckar, Stadt","unter 3 Jahre",377,201,176
"Oberndorf am Neckar, Stadt","3 -  6 Jahre",381,189,192
"Oberndorf am Neckar, Stadt","6 - 10 Jahre",565,278,287
"Oberndorf am Neckar, Stadt","10 - 15 Jahre",847,444,403
"Oberndorf am Neckar, Stadt","15 - 18 Jahre",523,261,262
"Oberndorf am Neckar, Stadt","18 - 20 Jahre",325,156,169
"Oberndorf am Neckar, Stadt","20 - 25 Jahre",774,368,406
"Oberndorf am Neckar, Stadt","25 - 30 Jahre",777,403,374
"Oberndorf am Neckar, Stadt","30 - 35 Jahre",770,408,362
"Oberndorf am Neckar, Stadt","35 - 40 Jahre",852,416,436
"Oberndorf am Neckar, Stadt","40 - 45 Jahre",1175,610,565
"Oberndorf am Neckar, Stadt","45 - 50 Jahre",1224,662,562
"Oberndorf am Neckar, Stadt","50 - 55 Jahre",991,536,455
"Oberndorf am Neckar, Stadt","55 - 60 Jahre",851,412,439
"Oberndorf am Neckar, Stadt","60 - 65 Jahre",826,400,426
"Oberndorf am Neckar, Stadt","65 - 75 Jahre",1750,853,897
"Oberndorf am Neckar, Stadt","75 und mehr Jahre",1370,517,853
"Oberndorf am Neckar, Stadt","Insgesamt",14378,7114,7264
"Rottweil, Stadt","unter 3 Jahre",640,324,316
"Rottweil, Stadt","3 -  6 Jahre",686,368,318
"Rottweil, Stadt","6 - 10 Jahre",930,469,461
"Rottweil, Stadt","10 - 15 Jahre",1379,705,674
"Rottweil, Stadt","15 - 18 Jahre",874,413,461
"Rottweil, Stadt","18 - 20 Jahre",637,335,302
"Rottweil, Stadt","20 - 25 Jahre",1386,714,672
"Rottweil, Stadt","25 - 30 Jahre",1493,727,766
"Rottweil, Stadt","30 - 35 Jahre",1590,797,793
"Rottweil, Stadt","35 - 40 Jahre",1573,804,769
"Rottweil, Stadt","40 - 45 Jahre",2097,1078,1019
"Rottweil, Stadt","45 - 50 Jahre",2150,1072,1078
"Rottweil, Stadt","50 - 55 Jahre",1909,961,948
"Rottweil, Stadt","55 - 60 Jahre",1683,836,847
"Rottweil, Stadt","60 - 65 Jahre",1446,680,766
"Rottweil, Stadt","65 - 75 Jahre",2804,1322,1482
"Rottweil, Stadt","75 und mehr Jahre",2382,884,1498
"Rottweil, Stadt","Insgesamt",25659,12489,13170
"Schenkenzell","unter 3 Jahre",44,16,28
"Schenkenzell","3 -  6 Jahre",44,23,21
"Schenkenzell","6 - 10 Jahre",71,40,31
"Schenkenzell","10 - 15 Jahre",111,53,58
"Schenkenzell","15 - 18 Jahre",78,41,37
"Schenkenzell","18 - 20 Jahre",54,28,26
"Schenkenzell","20 - 25 Jahre",103,60,43
"Schenkenzell","25 - 30 Jahre",84,53,31
"Schenkenzell","30 - 35 Jahre",78,38,40
"Schenkenzell","35 - 40 Jahre",98,55,43
"Schenkenzell","40 - 45 Jahre",136,60,76
"Schenkenzell","45 - 50 Jahre",165,87,78
"Schenkenzell","50 - 55 Jahre",143,82,61
"Schenkenzell","55 - 60 Jahre",96,52,44
"Schenkenzell","60 - 65 Jahre",73,37,36
"Schenkenzell","65 - 75 Jahre",214,92,122
"Schenkenzell","75 und mehr Jahre",186,79,107
"Schenkenzell","Insgesamt",1778,896,882
"Schiltach, Stadt","unter 3 Jahre",78,43,35
"Schiltach, Stadt","3 -  6 Jahre",90,51,39
"Schiltach, Stadt","6 - 10 Jahre",136,65,71
"Schiltach, Stadt","10 - 15 Jahre",226,98,128
"Schiltach, Stadt","15 - 18 Jahre",150,83,67
"Schiltach, Stadt","18 - 20 Jahre",113,61,52
"Schiltach, Stadt","20 - 25 Jahre",209,107,102
"Schiltach, Stadt","25 - 30 Jahre",209,105,104
"Schiltach, Stadt","30 - 35 Jahre",168,87,81
"Schiltach, Stadt","35 - 40 Jahre",171,77,94
"Schiltach, Stadt","40 - 45 Jahre",288,144,144
"Schiltach, Stadt","45 - 50 Jahre",345,172,173
"Schiltach, Stadt","50 - 55 Jahre",313,157,156
"Schiltach, Stadt","55 - 60 Jahre",247,125,122
"Schiltach, Stadt","60 - 65 Jahre",183,103,80
"Schiltach, Stadt","65 - 75 Jahre",454,219,235
"Schiltach, Stadt","75 und mehr Jahre",495,171,324
"Schiltach, Stadt","Insgesamt",3875,1868,2007
"Schramberg, Stadt","unter 3 Jahre",499,257,242
"Schramberg, Stadt","3 -  6 Jahre",508,273,235
"Schramberg, Stadt","6 - 10 Jahre",764,393,371
"Schramberg, Stadt","10 - 15 Jahre",1184,610,574
"Schramberg, Stadt","15 - 18 Jahre",826,423,403
"Schramberg, Stadt","18 - 20 Jahre",571,307,264
"Schramberg, Stadt","20 - 25 Jahre",1265,669,596
"Schramberg, Stadt","25 - 30 Jahre",1183,622,561
"Schramberg, Stadt","30 - 35 Jahre",1098,581,517
"Schramberg, Stadt","35 - 40 Jahre",1215,634,581
"Schramberg, Stadt","40 - 45 Jahre",1674,840,834
"Schramberg, Stadt","45 - 50 Jahre",1708,877,831
"Schramberg, Stadt","50 - 55 Jahre",1559,779,780
"Schramberg, Stadt","55 - 60 Jahre",1354,671,683
"Schramberg, Stadt","60 - 65 Jahre",1181,573,608
"Schramberg, Stadt","65 - 75 Jahre",2508,1175,1333
"Schramberg, Stadt","75 und mehr Jahre",2145,764,1381
"Schramberg, Stadt","Insgesamt",21242,10448,10794
"Sulz am Neckar, Stadt","unter 3 Jahre",303,156,147
"Sulz am Neckar, Stadt","3 -  6 Jahre",309,161,148
"Sulz am Neckar, Stadt","6 - 10 Jahre",446,198,248
"Sulz am Neckar, Stadt","10 - 15 Jahre",779,389,390
"Sulz am Neckar, Stadt","15 - 18 Jahre",513,261,252
"Sulz am Neckar, Stadt","18 - 20 Jahre",329,172,157
"Sulz am Neckar, Stadt","20 - 25 Jahre",744,377,367
"Sulz am Neckar, Stadt","25 - 30 Jahre",613,326,287
"Sulz am Neckar, Stadt","30 - 35 Jahre",604,308,296
"Sulz am Neckar, Stadt","35 - 40 Jahre",680,340,340
"Sulz am Neckar, Stadt","40 - 45 Jahre",1000,524,476
"Sulz am Neckar, Stadt","45 - 50 Jahre",1124,556,568
"Sulz am Neckar, Stadt","50 - 55 Jahre",968,488,480
"Sulz am Neckar, Stadt","55 - 60 Jahre",759,390,369
"Sulz am Neckar, Stadt","60 - 65 Jahre",607,311,296
"Sulz am Neckar, Stadt","65 - 75 Jahre",1222,593,629
"Sulz am Neckar, Stadt","75 und mehr Jahre",1159,430,729
"Sulz am Neckar, Stadt","Insgesamt",12159,5980,6179
"Villingendorf","unter 3 Jahre",109,51,58
"Villingendorf","3 -  6 Jahre",88,38,50
"Villingendorf","6 - 10 Jahre",134,71,63
"Villingendorf","10 - 15 Jahre",223,108,115
"Villingendorf","15 - 18 Jahre",141,71,70
"Villingendorf","18 - 20 Jahre",92,45,47
"Villingendorf","20 - 25 Jahre",216,109,107
"Villingendorf","25 - 30 Jahre",181,89,92
"Villingendorf","30 - 35 Jahre",182,106,76
"Villingendorf","35 - 40 Jahre",204,96,108
"Villingendorf","40 - 45 Jahre",281,143,138
"Villingendorf","45 - 50 Jahre",289,136,153
"Villingendorf","50 - 55 Jahre",249,121,128
"Villingendorf","55 - 60 Jahre",212,102,110
"Villingendorf","60 - 65 Jahre",163,88,75
"Villingendorf","65 - 75 Jahre",295,138,157
"Villingendorf","75 und mehr Jahre",251,99,152
"Villingendorf","Insgesamt",3310,1611,1699
"Vöhringen","unter 3 Jahre",111,55,56
"Vöhringen","3 -  6 Jahre",128,70,58
"Vöhringen","6 - 10 Jahre",194,100,94
"Vöhringen","10 - 15 Jahre",268,148,120
"Vöhringen","15 - 18 Jahre",174,91,83
"Vöhringen","18 - 20 Jahre",111,61,50
"Vöhringen","20 - 25 Jahre",239,128,111
"Vöhringen","25 - 30 Jahre",188,94,94
"Vöhringen","30 - 35 Jahre",233,118,115
"Vöhringen","35 - 40 Jahre",276,133,143
"Vöhringen","40 - 45 Jahre",323,175,148
"Vöhringen","45 - 50 Jahre",376,196,180
"Vöhringen","50 - 55 Jahre",295,148,147
"Vöhringen","55 - 60 Jahre",213,100,113
"Vöhringen","60 - 65 Jahre",210,114,96
"Vöhringen","65 - 75 Jahre",424,190,234
"Vöhringen","75 und mehr Jahre",341,120,221
"Vöhringen","Insgesamt",4104,2041,2063
"Wellendingen","unter 3 Jahre",99,48,51
"Wellendingen","3 -  6 Jahre",108,54,54
"Wellendingen","6 - 10 Jahre",143,68,75
"Wellendingen","10 - 15 Jahre",189,98,91
"Wellendingen","15 - 18 Jahre",116,50,66
"Wellendingen","18 - 20 Jahre",82,47,35
"Wellendingen","20 - 25 Jahre",171,96,75
"Wellendingen","25 - 30 Jahre",186,79,107
"Wellendingen","30 - 35 Jahre",172,92,80
"Wellendingen","35 - 40 Jahre",193,95,98
"Wellendingen","40 - 45 Jahre",248,137,111
"Wellendingen","45 - 50 Jahre",280,144,136
"Wellendingen","50 - 55 Jahre",262,133,129
"Wellendingen","55 - 60 Jahre",215,116,99
"Wellendingen","60 - 65 Jahre",141,82,59
"Wellendingen","65 - 75 Jahre",297,146,151
"Wellendingen","75 und mehr Jahre",201,79,122
"Wellendingen","Insgesamt",3103,1564,1539
"Zimmern ob Rottweil","unter 3 Jahre",121,71,50
"Zimmern ob Rottweil","3 -  6 Jahre",140,61,79
"Zimmern ob Rottweil","6 - 10 Jahre",235,132,103
"Zimmern ob Rottweil","10 - 15 Jahre",327,168,159
"Zimmern ob Rottweil","15 - 18 Jahre",219,118,101
"Zimmern ob Rottweil","18 - 20 Jahre",132,64,68
"Zimmern ob Rottweil","20 - 25 Jahre",365,165,200
"Zimmern ob Rottweil","25 - 30 Jahre",299,158,141
"Zimmern ob Rottweil","30 - 35 Jahre",339,146,193
"Zimmern ob Rottweil","35 - 40 Jahre",391,200,191
"Zimmern ob Rottweil","40 - 45 Jahre",482,241,241
"Zimmern ob Rottweil","45 - 50 Jahre",485,260,225
"Zimmern ob Rottweil","50 - 55 Jahre",502,235,267
"Zimmern ob Rottweil","55 - 60 Jahre",410,197,213
"Zimmern ob Rottweil","60 - 65 Jahre",321,165,156
"Zimmern ob Rottweil","65 - 75 Jahre",631,302,329
"Zimmern ob Rottweil","75 und mehr Jahre",461,182,279
"Zimmern ob Rottweil","Insgesamt",5860,2865,2995
"Fluorn-Winzeln","unter 3 Jahre",81,43,38
"Fluorn-Winzeln","3 -  6 Jahre",81,43,38
"Fluorn-Winzeln","6 - 10 Jahre",129,64,65
"Fluorn-Winzeln","10 - 15 Jahre",191,102,89
"Fluorn-Winzeln","15 - 18 Jahre",134,76,58
"Fluorn-Winzeln","18 - 20 Jahre",88,52,36
"Fluorn-Winzeln","20 - 25 Jahre",183,105,78
"Fluorn-Winzeln","25 - 30 Jahre",158,72,86
"Fluorn-Winzeln","30 - 35 Jahre",168,92,76
"Fluorn-Winzeln","35 - 40 Jahre",211,102,109
"Fluorn-Winzeln","40 - 45 Jahre",296,152,144
"Fluorn-Winzeln","45 - 50 Jahre",281,151,130
"Fluorn-Winzeln","50 - 55 Jahre",231,128,103
"Fluorn-Winzeln","55 - 60 Jahre",159,80,79
"Fluorn-Winzeln","60 - 65 Jahre",176,81,95
"Fluorn-Winzeln","65 - 75 Jahre",369,178,191
"Fluorn-Winzeln","75 und mehr Jahre",255,111,144
"Fluorn-Winzeln","Insgesamt",3191,1632,1559
"Eschbronn","unter 3 Jahre",54,31,23
"Eschbronn","3 -  6 Jahre",66,29,37
"Eschbronn","6 - 10 Jahre",110,49,61
"Eschbronn","10 - 15 Jahre",115,60,55
"Eschbronn","15 - 18 Jahre",68,42,26
"Eschbronn","18 - 20 Jahre",49,25,24
"Eschbronn","20 - 25 Jahre",96,49,47
"Eschbronn","25 - 30 Jahre",89,50,39
"Eschbronn","30 - 35 Jahre",113,53,60
"Eschbronn","35 - 40 Jahre",121,63,58
"Eschbronn","40 - 45 Jahre",187,99,88
"Eschbronn","45 - 50 Jahre",178,97,81
"Eschbronn","50 - 55 Jahre",147,72,75
"Eschbronn","55 - 60 Jahre",134,68,66
"Eschbronn","60 - 65 Jahre",107,50,57
"Eschbronn","65 - 75 Jahre",280,137,143
"Eschbronn","75 und mehr Jahre",172,82,90
"Eschbronn","Insgesamt",2086,1056,1030
"Deißlingen","unter 3 Jahre",144,70,74
"Deißlingen","3 -  6 Jahre",176,92,84
"Deißlingen","6 - 10 Jahre",251,141,110
"Deißlingen","10 - 15 Jahre",320,158,162
"Deißlingen","15 - 18 Jahre",204,103,101
"Deißlingen","18 - 20 Jahre",176,99,77
"Deißlingen","20 - 25 Jahre",375,183,192
"Deißlingen","25 - 30 Jahre",330,182,148
"Deißlingen","30 - 35 Jahre",340,153,187
"Deißlingen","35 - 40 Jahre",320,163,157
"Deißlingen","40 - 45 Jahre",478,236,242
"Deißlingen","45 - 50 Jahre",510,261,249
"Deißlingen","50 - 55 Jahre",496,248,248
"Deißlingen","55 - 60 Jahre",414,201,213
"Deißlingen","60 - 65 Jahre",314,162,152
"Deißlingen","65 - 75 Jahre",609,295,314
"Deißlingen","75 und mehr Jahre",551,205,346
"Deißlingen","Insgesamt",6008,2952,3056
"Landkreis Schwarzw.-Baar-Kreis","unter 3 Jahre",5116,2621,2495
"Landkreis Schwarzw.-Baar-Kreis","3 -  6 Jahre",5307,2659,2648
"Landkreis Schwarzw.-Baar-Kreis","6 - 10 Jahre",7506,3820,3686
"Landkreis Schwarzw.-Baar-Kreis","10 - 15 Jahre",11107,5830,5277
"Landkreis Schwarzw.-Baar-Kreis","15 - 18 Jahre",6975,3591,3384
"Landkreis Schwarzw.-Baar-Kreis","18 - 20 Jahre",4915,2568,2347
"Landkreis Schwarzw.-Baar-Kreis","20 - 25 Jahre",12527,6538,5989
"Landkreis Schwarzw.-Baar-Kreis","25 - 30 Jahre",11615,5957,5658
"Landkreis Schwarzw.-Baar-Kreis","30 - 35 Jahre",11170,5663,5507
"Landkreis Schwarzw.-Baar-Kreis","35 - 40 Jahre",11594,5796,5798
"Landkreis Schwarzw.-Baar-Kreis","40 - 45 Jahre",15855,7957,7898
"Landkreis Schwarzw.-Baar-Kreis","45 - 50 Jahre",16965,8623,8342
"Landkreis Schwarzw.-Baar-Kreis","50 - 55 Jahre",15718,7934,7784
"Landkreis Schwarzw.-Baar-Kreis","55 - 60 Jahre",13570,6574,6996
"Landkreis Schwarzw.-Baar-Kreis","60 - 65 Jahre",11694,5760,5934
"Landkreis Schwarzw.-Baar-Kreis","65 - 75 Jahre",23729,11124,12605
"Landkreis Schwarzw.-Baar-Kreis","75 und mehr Jahre",21172,8143,13029
"Landkreis Schwarzw.-Baar-Kreis","Insgesamt",206535,101158,105377
"Bad Dürrheim, Stadt","unter 3 Jahre",261,137,124
"Bad Dürrheim, Stadt","3 -  6 Jahre",280,134,146
"Bad Dürrheim, Stadt","6 - 10 Jahre",397,210,187
"Bad Dürrheim, Stadt","10 - 15 Jahre",596,292,304
"Bad Dürrheim, Stadt","15 - 18 Jahre",347,175,172
"Bad Dürrheim, Stadt","18 - 20 Jahre",243,121,122
"Bad Dürrheim, Stadt","20 - 25 Jahre",602,304,298
"Bad Dürrheim, Stadt","25 - 30 Jahre",653,343,310
"Bad Dürrheim, Stadt","30 - 35 Jahre",594,312,282
"Bad Dürrheim, Stadt","35 - 40 Jahre",637,302,335
"Bad Dürrheim, Stadt","40 - 45 Jahre",914,457,457
"Bad Dürrheim, Stadt","45 - 50 Jahre",1037,490,547
"Bad Dürrheim, Stadt","50 - 55 Jahre",976,490,486
"Bad Dürrheim, Stadt","55 - 60 Jahre",834,371,463
"Bad Dürrheim, Stadt","60 - 65 Jahre",784,373,411
"Bad Dürrheim, Stadt","65 - 75 Jahre",1768,784,984
"Bad Dürrheim, Stadt","75 und mehr Jahre",1989,699,1290
"Bad Dürrheim, Stadt","Insgesamt",12912,5994,6918
"Blumberg, Stadt","unter 3 Jahre",270,153,117
"Blumberg, Stadt","3 -  6 Jahre",262,142,120
"Blumberg, Stadt","6 - 10 Jahre",431,226,205
"Blumberg, Stadt","10 - 15 Jahre",572,302,270
"Blumberg, Stadt","15 - 18 Jahre",376,198,178
"Blumberg, Stadt","18 - 20 Jahre",256,124,132
"Blumberg, Stadt","20 - 25 Jahre",588,315,273
"Blumberg, Stadt","25 - 30 Jahre",554,268,286
"Blumberg, Stadt","30 - 35 Jahre",532,265,267
"Blumberg, Stadt","35 - 40 Jahre",603,295,308
"Blumberg, Stadt","40 - 45 Jahre",766,382,384
"Blumberg, Stadt","45 - 50 Jahre",851,433,418
"Blumberg, Stadt","50 - 55 Jahre",779,402,377
"Blumberg, Stadt","55 - 60 Jahre",642,304,338
"Blumberg, Stadt","60 - 65 Jahre",580,295,285
"Blumberg, Stadt","65 - 75 Jahre",1152,579,573
"Blumberg, Stadt","75 und mehr Jahre",924,361,563
"Blumberg, Stadt","Insgesamt",10138,5044,5094
"Bräunlingen, Stadt","unter 3 Jahre",163,82,81
"Bräunlingen, Stadt","3 -  6 Jahre",168,76,92
"Bräunlingen, Stadt","6 - 10 Jahre",234,124,110
"Bräunlingen, Stadt","10 - 15 Jahre",343,181,162
"Bräunlingen, Stadt","15 - 18 Jahre",239,115,124
"Bräunlingen, Stadt","18 - 20 Jahre",160,80,80
"Bräunlingen, Stadt","20 - 25 Jahre",388,185,203
"Bräunlingen, Stadt","25 - 30 Jahre",322,164,158
"Bräunlingen, Stadt","30 - 35 Jahre",329,150,179
"Bräunlingen, Stadt","35 - 40 Jahre",350,166,184
"Bräunlingen, Stadt","40 - 45 Jahre",482,242,240
"Bräunlingen, Stadt","45 - 50 Jahre",571,287,284
"Bräunlingen, Stadt","50 - 55 Jahre",495,260,235
"Bräunlingen, Stadt","55 - 60 Jahre",401,212,189
"Bräunlingen, Stadt","60 - 65 Jahre",305,152,153
"Bräunlingen, Stadt","65 - 75 Jahre",550,277,273
"Bräunlingen, Stadt","75 und mehr Jahre",469,170,299
"Bräunlingen, Stadt","Insgesamt",5969,2923,3046
"Dauchingen","unter 3 Jahre",91,40,51
"Dauchingen","3 -  6 Jahre",98,53,45
"Dauchingen","6 - 10 Jahre",133,61,72
"Dauchingen","10 - 15 Jahre",186,102,84
"Dauchingen","15 - 18 Jahre",115,65,50
"Dauchingen","18 - 20 Jahre",92,43,49
"Dauchingen","20 - 25 Jahre",220,119,101
"Dauchingen","25 - 30 Jahre",200,99,101
"Dauchingen","30 - 35 Jahre",191,87,104
"Dauchingen","35 - 40 Jahre",199,103,96
"Dauchingen","40 - 45 Jahre",324,158,166
"Dauchingen","45 - 50 Jahre",352,174,178
"Dauchingen","50 - 55 Jahre",280,141,139
"Dauchingen","55 - 60 Jahre",243,107,136
"Dauchingen","60 - 65 Jahre",213,114,99
"Dauchingen","65 - 75 Jahre",429,199,230
"Dauchingen","75 und mehr Jahre",305,149,156
"Dauchingen","Insgesamt",3671,1814,1857
"Donaueschingen, Stadt","unter 3 Jahre",567,297,270
"Donaueschingen, Stadt","3 -  6 Jahre",559,291,268
"Donaueschingen, Stadt","6 - 10 Jahre",840,432,408
"Donaueschingen, Stadt","10 - 15 Jahre",1220,615,605
"Donaueschingen, Stadt","15 - 18 Jahre",725,380,345
"Donaueschingen, Stadt","18 - 20 Jahre",515,284,231
"Donaueschingen, Stadt","20 - 25 Jahre",1314,694,620
"Donaueschingen, Stadt","25 - 30 Jahre",1245,651,594
"Donaueschingen, Stadt","30 - 35 Jahre",1214,602,612
"Donaueschingen, Stadt","35 - 40 Jahre",1200,589,611
"Donaueschingen, Stadt","40 - 45 Jahre",1659,860,799
"Donaueschingen, Stadt","45 - 50 Jahre",1656,804,852
"Donaueschingen, Stadt","50 - 55 Jahre",1659,840,819
"Donaueschingen, Stadt","55 - 60 Jahre",1467,721,746
"Donaueschingen, Stadt","60 - 65 Jahre",1150,585,565
"Donaueschingen, Stadt","65 - 75 Jahre",2211,1035,1176
"Donaueschingen, Stadt","75 und mehr Jahre",1927,756,1171
"Donaueschingen, Stadt","Insgesamt",21128,10436,10692
"Furtwangen im Schwarzwald, Stadt","unter 3 Jahre",203,94,109
"Furtwangen im Schwarzwald, Stadt","3 -  6 Jahre",209,95,114
"Furtwangen im Schwarzwald, Stadt","6 - 10 Jahre",322,159,163
"Furtwangen im Schwarzwald, Stadt","10 - 15 Jahre",524,270,254
"Furtwangen im Schwarzwald, Stadt","15 - 18 Jahre",339,171,168
"Furtwangen im Schwarzwald, Stadt","18 - 20 Jahre",251,134,117
"Furtwangen im Schwarzwald, Stadt","20 - 25 Jahre",748,438,310
"Furtwangen im Schwarzwald, Stadt","25 - 30 Jahre",552,327,225
"Furtwangen im Schwarzwald, Stadt","30 - 35 Jahre",463,247,216
"Furtwangen im Schwarzwald, Stadt","35 - 40 Jahre",455,239,216
"Furtwangen im Schwarzwald, Stadt","40 - 45 Jahre",713,379,334
"Furtwangen im Schwarzwald, Stadt","45 - 50 Jahre",905,537,368
"Furtwangen im Schwarzwald, Stadt","50 - 55 Jahre",721,374,347
"Furtwangen im Schwarzwald, Stadt","55 - 60 Jahre",538,288,250
"Furtwangen im Schwarzwald, Stadt","60 - 65 Jahre",465,240,225
"Furtwangen im Schwarzwald, Stadt","65 - 75 Jahre",939,445,494
"Furtwangen im Schwarzwald, Stadt","75 und mehr Jahre",902,352,550
"Furtwangen im Schwarzwald, Stadt","Insgesamt",9249,4789,4460
"Gütenbach","unter 3 Jahre",16,9,7
"Gütenbach","3 -  6 Jahre",19,10,9
"Gütenbach","6 - 10 Jahre",44,22,22
"Gütenbach","10 - 15 Jahre",50,21,29
"Gütenbach","15 - 18 Jahre",54,24,30
"Gütenbach","18 - 20 Jahre",17,13,4
"Gütenbach","20 - 25 Jahre",82,51,31
"Gütenbach","25 - 30 Jahre",72,38,34
"Gütenbach","30 - 35 Jahre",48,27,21
"Gütenbach","35 - 40 Jahre",47,22,25
"Gütenbach","40 - 45 Jahre",81,34,47
"Gütenbach","45 - 50 Jahre",113,57,56
"Gütenbach","50 - 55 Jahre",127,67,60
"Gütenbach","55 - 60 Jahre",87,43,44
"Gütenbach","60 - 65 Jahre",60,34,26
"Gütenbach","65 - 75 Jahre",134,65,69
"Gütenbach","75 und mehr Jahre",142,62,80
"Gütenbach","Insgesamt",1193,599,594
"Hüfingen, Stadt","unter 3 Jahre",226,112,114
"Hüfingen, Stadt","3 -  6 Jahre",243,124,119
"Hüfingen, Stadt","6 - 10 Jahre",335,173,162
"Hüfingen, Stadt","10 - 15 Jahre",447,261,186
"Hüfingen, Stadt","15 - 18 Jahre",316,171,145
"Hüfingen, Stadt","18 - 20 Jahre",208,112,96
"Hüfingen, Stadt","20 - 25 Jahre",453,250,203
"Hüfingen, Stadt","25 - 30 Jahre",471,230,241
"Hüfingen, Stadt","30 - 35 Jahre",480,238,242
"Hüfingen, Stadt","35 - 40 Jahre",442,228,214
"Hüfingen, Stadt","40 - 45 Jahre",683,320,363
"Hüfingen, Stadt","45 - 50 Jahre",676,357,319
"Hüfingen, Stadt","50 - 55 Jahre",613,313,300
"Hüfingen, Stadt","55 - 60 Jahre",469,231,238
"Hüfingen, Stadt","60 - 65 Jahre",348,176,172
"Hüfingen, Stadt","65 - 75 Jahre",663,320,343
"Hüfingen, Stadt","75 und mehr Jahre",649,247,402
"Hüfingen, Stadt","Insgesamt",7722,3863,3859
"Königsfeld im Schwarzwald","unter 3 Jahre",116,62,54
"Königsfeld im Schwarzwald","3 -  6 Jahre",144,75,69
"Königsfeld im Schwarzwald","6 - 10 Jahre",213,115,98
"Königsfeld im Schwarzwald","10 - 15 Jahre",341,178,163
"Königsfeld im Schwarzwald","15 - 18 Jahre",214,110,104
"Königsfeld im Schwarzwald","18 - 20 Jahre",162,78,84
"Königsfeld im Schwarzwald","20 - 25 Jahre",324,181,143
"Königsfeld im Schwarzwald","25 - 30 Jahre",262,138,124
"Königsfeld im Schwarzwald","30 - 35 Jahre",269,128,141
"Königsfeld im Schwarzwald","35 - 40 Jahre",320,144,176
"Königsfeld im Schwarzwald","40 - 45 Jahre",524,264,260
"Königsfeld im Schwarzwald","45 - 50 Jahre",480,234,246
"Königsfeld im Schwarzwald","50 - 55 Jahre",456,221,235
"Königsfeld im Schwarzwald","55 - 60 Jahre",434,203,231
"Königsfeld im Schwarzwald","60 - 65 Jahre",338,173,165
"Königsfeld im Schwarzwald","65 - 75 Jahre",643,283,360
"Königsfeld im Schwarzwald","75 und mehr Jahre",755,254,501
"Königsfeld im Schwarzwald","Insgesamt",5995,2841,3154
"Mönchweiler","unter 3 Jahre",71,37,34
"Mönchweiler","3 -  6 Jahre",81,38,43
"Mönchweiler","6 - 10 Jahre",113,60,53
"Mönchweiler","10 - 15 Jahre",169,90,79
"Mönchweiler","15 - 18 Jahre",102,48,54
"Mönchweiler","18 - 20 Jahre",70,36,34
"Mönchweiler","20 - 25 Jahre",155,83,72
"Mönchweiler","25 - 30 Jahre",158,79,79
"Mönchweiler","30 - 35 Jahre",137,81,56
"Mönchweiler","35 - 40 Jahre",157,74,83
"Mönchweiler","40 - 45 Jahre",263,138,125
"Mönchweiler","45 - 50 Jahre",241,112,129
"Mönchweiler","50 - 55 Jahre",248,113,135
"Mönchweiler","55 - 60 Jahre",237,119,118
"Mönchweiler","60 - 65 Jahre",194,89,105
"Mönchweiler","65 - 75 Jahre",399,202,197
"Mönchweiler","75 und mehr Jahre",286,122,164
"Mönchweiler","Insgesamt",3081,1521,1560
"Niedereschach","unter 3 Jahre",144,69,75
"Niedereschach","3 -  6 Jahre",154,87,67
"Niedereschach","6 - 10 Jahre",246,120,126
"Niedereschach","10 - 15 Jahre",359,197,162
"Niedereschach","15 - 18 Jahre",227,115,112
"Niedereschach","18 - 20 Jahre",131,65,66
"Niedereschach","20 - 25 Jahre",340,189,151
"Niedereschach","25 - 30 Jahre",284,133,151
"Niedereschach","30 - 35 Jahre",286,132,154
"Niedereschach","35 - 40 Jahre",328,172,156
"Niedereschach","40 - 45 Jahre",500,248,252
"Niedereschach","45 - 50 Jahre",590,303,287
"Niedereschach","50 - 55 Jahre",505,266,239
"Niedereschach","55 - 60 Jahre",413,213,200
"Niedereschach","60 - 65 Jahre",348,188,160
"Niedereschach","65 - 75 Jahre",575,281,294
"Niedereschach","75 und mehr Jahre",458,172,286
"Niedereschach","Insgesamt",5888,2950,2938
"St. Georgen im Schwarzwald, Stadt","unter 3 Jahre",301,162,139
"St. Georgen im Schwarzwald, Stadt","3 -  6 Jahre",333,169,164
"St. Georgen im Schwarzwald, Stadt","6 - 10 Jahre",446,224,222
"St. Georgen im Schwarzwald, Stadt","10 - 15 Jahre",688,360,328
"St. Georgen im Schwarzwald, Stadt","15 - 18 Jahre",492,248,244
"St. Georgen im Schwarzwald, Stadt","18 - 20 Jahre",311,174,137
"St. Georgen im Schwarzwald, Stadt","20 - 25 Jahre",720,394,326
"St. Georgen im Schwarzwald, Stadt","25 - 30 Jahre",640,326,314
"St. Georgen im Schwarzwald, Stadt","30 - 35 Jahre",643,320,323
"St. Georgen im Schwarzwald, Stadt","35 - 40 Jahre",756,387,369
"St. Georgen im Schwarzwald, Stadt","40 - 45 Jahre",967,474,493
"St. Georgen im Schwarzwald, Stadt","45 - 50 Jahre",1104,541,563
"St. Georgen im Schwarzwald, Stadt","50 - 55 Jahre",965,498,467
"St. Georgen im Schwarzwald, Stadt","55 - 60 Jahre",855,397,458
"St. Georgen im Schwarzwald, Stadt","60 - 65 Jahre",720,353,367
"St. Georgen im Schwarzwald, Stadt","65 - 75 Jahre",1624,768,856
"St. Georgen im Schwarzwald, Stadt","75 und mehr Jahre",1449,567,882
"St. Georgen im Schwarzwald, Stadt","Insgesamt",13014,6362,6652
"Schönwald im Schwarzwald","unter 3 Jahre",49,25,24
"Schönwald im Schwarzwald","3 -  6 Jahre",58,32,26
"Schönwald im Schwarzwald","6 - 10 Jahre",78,43,35
"Schönwald im Schwarzwald","10 - 15 Jahre",121,70,51
"Schönwald im Schwarzwald","15 - 18 Jahre",77,39,38
"Schönwald im Schwarzwald","18 - 20 Jahre",62,32,30
"Schönwald im Schwarzwald","20 - 25 Jahre",139,76,63
"Schönwald im Schwarzwald","25 - 30 Jahre",109,54,55
"Schönwald im Schwarzwald","30 - 35 Jahre",99,50,49
"Schönwald im Schwarzwald","35 - 40 Jahre",118,59,59
"Schönwald im Schwarzwald","40 - 45 Jahre",176,77,99
"Schönwald im Schwarzwald","45 - 50 Jahre",219,113,106
"Schönwald im Schwarzwald","50 - 55 Jahre",181,82,99
"Schönwald im Schwarzwald","55 - 60 Jahre",150,76,74
"Schönwald im Schwarzwald","60 - 65 Jahre",162,81,81
"Schönwald im Schwarzwald","65 - 75 Jahre",349,167,182
"Schönwald im Schwarzwald","75 und mehr Jahre",242,113,129
"Schönwald im Schwarzwald","Insgesamt",2389,1189,1200
"Schonach im Schwarzwald","unter 3 Jahre",63,34,29
"Schonach im Schwarzwald","3 -  6 Jahre",91,47,44
"Schonach im Schwarzwald","6 - 10 Jahre",119,69,50
"Schonach im Schwarzwald","10 - 15 Jahre",240,123,117
"Schonach im Schwarzwald","15 - 18 Jahre",152,79,73
"Schonach im Schwarzwald","18 - 20 Jahre",109,59,50
"Schonach im Schwarzwald","20 - 25 Jahre",242,130,112
"Schonach im Schwarzwald","25 - 30 Jahre",171,98,73
"Schonach im Schwarzwald","30 - 35 Jahre",161,76,85
"Schonach im Schwarzwald","35 - 40 Jahre",204,111,93
"Schonach im Schwarzwald","40 - 45 Jahre",283,153,130
"Schonach im Schwarzwald","45 - 50 Jahre",302,138,164
"Schonach im Schwarzwald","50 - 55 Jahre",268,140,128
"Schonach im Schwarzwald","55 - 60 Jahre",272,126,146
"Schonach im Schwarzwald","60 - 65 Jahre",234,120,114
"Schonach im Schwarzwald","65 - 75 Jahre",573,262,311
"Schonach im Schwarzwald","75 und mehr Jahre",405,177,228
"Schonach im Schwarzwald","Insgesamt",3889,1942,1947
"Triberg im Schwarzwald, Stadt","unter 3 Jahre",91,54,37
"Triberg im Schwarzwald, Stadt","3 -  6 Jahre",124,63,61
"Triberg im Schwarzwald, Stadt","6 - 10 Jahre",143,72,71
"Triberg im Schwarzwald, Stadt","10 - 15 Jahre",285,153,132
"Triberg im Schwarzwald, Stadt","15 - 18 Jahre",168,83,85
"Triberg im Schwarzwald, Stadt","18 - 20 Jahre",123,62,61
"Triberg im Schwarzwald, Stadt","20 - 25 Jahre",307,164,143
"Triberg im Schwarzwald, Stadt","25 - 30 Jahre",208,112,96
"Triberg im Schwarzwald, Stadt","30 - 35 Jahre",182,94,88
"Triberg im Schwarzwald, Stadt","35 - 40 Jahre",239,114,125
"Triberg im Schwarzwald, Stadt","40 - 45 Jahre",372,170,202
"Triberg im Schwarzwald, Stadt","45 - 50 Jahre",437,218,219
"Triberg im Schwarzwald, Stadt","50 - 55 Jahre",347,195,152
"Triberg im Schwarzwald, Stadt","55 - 60 Jahre",279,136,143
"Triberg im Schwarzwald, Stadt","60 - 65 Jahre",256,134,122
"Triberg im Schwarzwald, Stadt","65 - 75 Jahre",572,263,309
"Triberg im Schwarzwald, Stadt","75 und mehr Jahre",657,246,411
"Triberg im Schwarzwald, Stadt","Insgesamt",4790,2333,2457
"Tuningen","unter 3 Jahre",83,45,38
"Tuningen","3 -  6 Jahre",92,42,50
"Tuningen","6 - 10 Jahre",118,55,63
"Tuningen","10 - 15 Jahre",151,67,84
"Tuningen","15 - 18 Jahre",115,58,57
"Tuningen","18 - 20 Jahre",79,45,34
"Tuningen","20 - 25 Jahre",179,96,83
"Tuningen","25 - 30 Jahre",176,95,81
"Tuningen","30 - 35 Jahre",166,83,83
"Tuningen","35 - 40 Jahre",192,93,99
"Tuningen","40 - 45 Jahre",235,112,123
"Tuningen","45 - 50 Jahre",263,143,120
"Tuningen","50 - 55 Jahre",224,111,113
"Tuningen","55 - 60 Jahre",162,86,76
"Tuningen","60 - 65 Jahre",134,75,59
"Tuningen","65 - 75 Jahre",269,130,139
"Tuningen","75 und mehr Jahre",225,81,144
"Tuningen","Insgesamt",2863,1417,1446
"Unterkirnach","unter 3 Jahre",69,39,30
"Unterkirnach","3 -  6 Jahre",68,44,24
"Unterkirnach","6 - 10 Jahre",91,44,47
"Unterkirnach","10 - 15 Jahre",144,78,66
"Unterkirnach","15 - 18 Jahre",77,40,37
"Unterkirnach","18 - 20 Jahre",58,36,22
"Unterkirnach","20 - 25 Jahre",178,104,74
"Unterkirnach","25 - 30 Jahre",174,96,78
"Unterkirnach","30 - 35 Jahre",136,79,57
"Unterkirnach","35 - 40 Jahre",164,94,70
"Unterkirnach","40 - 45 Jahre",227,115,112
"Unterkirnach","45 - 50 Jahre",266,143,123
"Unterkirnach","50 - 55 Jahre",230,116,114
"Unterkirnach","55 - 60 Jahre",183,94,89
"Unterkirnach","60 - 65 Jahre",165,92,73
"Unterkirnach","65 - 75 Jahre",279,133,146
"Unterkirnach","75 und mehr Jahre",213,98,115
"Unterkirnach","Insgesamt",2722,1445,1277
"Vöhrenbach, Stadt","unter 3 Jahre",95,50,45
"Vöhrenbach, Stadt","3 -  6 Jahre",79,39,40
"Vöhrenbach, Stadt","6 - 10 Jahre",142,59,83
"Vöhrenbach, Stadt","10 - 15 Jahre",246,125,121
"Vöhrenbach, Stadt","15 - 18 Jahre",147,81,66
"Vöhrenbach, Stadt","18 - 20 Jahre",92,47,45
"Vöhrenbach, Stadt","20 - 25 Jahre",223,120,103
"Vöhrenbach, Stadt","25 - 30 Jahre",185,91,94
"Vöhrenbach, Stadt","30 - 35 Jahre",153,80,73
"Vöhrenbach, Stadt","35 - 40 Jahre",204,104,100
"Vöhrenbach, Stadt","40 - 45 Jahre",323,171,152
"Vöhrenbach, Stadt","45 - 50 Jahre",322,166,156
"Vöhrenbach, Stadt","50 - 55 Jahre",292,171,121
"Vöhrenbach, Stadt","55 - 60 Jahre",222,119,103
"Vöhrenbach, Stadt","60 - 65 Jahre",236,120,116
"Vöhrenbach, Stadt","65 - 75 Jahre",443,222,221
"Vöhrenbach, Stadt","75 und mehr Jahre",401,169,232
"Vöhrenbach, Stadt","Insgesamt",3805,1934,1871
"Villingen-Schwenningen, Stadt","unter 3 Jahre",2123,1068,1055
"Villingen-Schwenningen, Stadt","3 -  6 Jahre",2116,1042,1074
"Villingen-Schwenningen, Stadt","6 - 10 Jahre",2868,1454,1414
"Villingen-Schwenningen, Stadt","10 - 15 Jahre",4123,2187,1936
"Villingen-Schwenningen, Stadt","15 - 18 Jahre",2527,1306,1221
"Villingen-Schwenningen, Stadt","18 - 20 Jahre",1874,961,913
"Villingen-Schwenningen, Stadt","20 - 25 Jahre",5035,2500,2535
"Villingen-Schwenningen, Stadt","25 - 30 Jahre",4873,2465,2408
"Villingen-Schwenningen, Stadt","30 - 35 Jahre",4801,2466,2335
"Villingen-Schwenningen, Stadt","35 - 40 Jahre",4667,2347,2320
"Villingen-Schwenningen, Stadt","40 - 45 Jahre",5948,3007,2941
"Villingen-Schwenningen, Stadt","45 - 50 Jahre",6159,3154,3005
"Villingen-Schwenningen, Stadt","50 - 55 Jahre",5909,2917,2992
"Villingen-Schwenningen, Stadt","55 - 60 Jahre",5292,2542,2750
"Villingen-Schwenningen, Stadt","60 - 65 Jahre",4668,2199,2469
"Villingen-Schwenningen, Stadt","65 - 75 Jahre",9644,4451,5193
"Villingen-Schwenningen, Stadt","75 und mehr Jahre",8395,3200,5195
"Villingen-Schwenningen, Stadt","Insgesamt",81022,39266,41756
"Brigachtal","unter 3 Jahre",114,52,62
"Brigachtal","3 -  6 Jahre",129,56,73
"Brigachtal","6 - 10 Jahre",193,98,95
"Brigachtal","10 - 15 Jahre",302,158,144
"Brigachtal","15 - 18 Jahre",166,85,81
"Brigachtal","18 - 20 Jahre",102,62,40
"Brigachtal","20 - 25 Jahre",290,145,145
"Brigachtal","25 - 30 Jahre",306,150,156
"Brigachtal","30 - 35 Jahre",286,146,140
"Brigachtal","35 - 40 Jahre",312,153,159
"Brigachtal","40 - 45 Jahre",415,196,219
"Brigachtal","45 - 50 Jahre",421,219,202
"Brigachtal","50 - 55 Jahre",443,217,226
"Brigachtal","55 - 60 Jahre",390,186,204
"Brigachtal","60 - 65 Jahre",334,167,167
"Brigachtal","65 - 75 Jahre",513,258,255
"Brigachtal","75 und mehr Jahre",379,148,231
"Brigachtal","Insgesamt",5095,2496,2599
"Landkreis Tuttlingen","unter 3 Jahre",3697,1861,1836
"Landkreis Tuttlingen","3 -  6 Jahre",3910,2020,1890
"Landkreis Tuttlingen","6 - 10 Jahre",5541,2849,2692
"Landkreis Tuttlingen","10 - 15 Jahre",7918,4069,3849
"Landkreis Tuttlingen","15 - 18 Jahre",4774,2466,2308
"Landkreis Tuttlingen","18 - 20 Jahre",3354,1741,1613
"Landkreis Tuttlingen","20 - 25 Jahre",8169,4191,3978
"Landkreis Tuttlingen","25 - 30 Jahre",7900,4105,3795
"Landkreis Tuttlingen","30 - 35 Jahre",7762,3845,3917
"Landkreis Tuttlingen","35 - 40 Jahre",8239,4215,4024
"Landkreis Tuttlingen","40 - 45 Jahre",10356,5297,5059
"Landkreis Tuttlingen","45 - 50 Jahre",11054,5701,5353
"Landkreis Tuttlingen","50 - 55 Jahre",10014,5003,5011
"Landkreis Tuttlingen","55 - 60 Jahre",8571,4271,4300
"Landkreis Tuttlingen","60 - 65 Jahre",6897,3454,3443
"Landkreis Tuttlingen","65 - 75 Jahre",13927,6619,7308
"Landkreis Tuttlingen","75 und mehr Jahre",12106,4781,7325
"Landkreis Tuttlingen","Insgesamt",134189,66488,67701
"Aldingen","unter 3 Jahre",200,92,108
"Aldingen","3 -  6 Jahre",212,110,102
"Aldingen","6 - 10 Jahre",334,173,161
"Aldingen","10 - 15 Jahre",452,240,212
"Aldingen","15 - 18 Jahre",299,165,134
"Aldingen","18 - 20 Jahre",194,103,91
"Aldingen","20 - 25 Jahre",468,246,222
"Aldingen","25 - 30 Jahre",416,219,197
"Aldingen","30 - 35 Jahre",440,220,220
"Aldingen","35 - 40 Jahre",501,263,238
"Aldingen","40 - 45 Jahre",618,293,325
"Aldingen","45 - 50 Jahre",615,334,281
"Aldingen","50 - 55 Jahre",546,283,263
"Aldingen","55 - 60 Jahre",472,223,249
"Aldingen","60 - 65 Jahre",361,190,171
"Aldingen","65 - 75 Jahre",720,357,363
"Aldingen","75 und mehr Jahre",726,291,435
"Aldingen","Insgesamt",7574,3802,3772
"Bärenthal","unter 3 Jahre",8,5,3
"Bärenthal","3 -  6 Jahre",12,6,6
"Bärenthal","6 - 10 Jahre",15,8,7
"Bärenthal","10 - 15 Jahre",28,13,15
"Bärenthal","15 - 18 Jahre",9,3,6
"Bärenthal","18 - 20 Jahre",16,8,8
"Bärenthal","20 - 25 Jahre",32,16,16
"Bärenthal","25 - 30 Jahre",25,14,11
"Bärenthal","30 - 35 Jahre",33,14,19
"Bärenthal","35 - 40 Jahre",20,11,9
"Bärenthal","40 - 45 Jahre",30,13,17
"Bärenthal","45 - 50 Jahre",35,20,15
"Bärenthal","50 - 55 Jahre",35,14,21
"Bärenthal","55 - 60 Jahre",33,20,13
"Bärenthal","60 - 65 Jahre",13,7,6
"Bärenthal","65 - 75 Jahre",48,21,27
"Bärenthal","75 und mehr Jahre",47,22,25
"Bärenthal","Insgesamt",439,215,224
"Balgheim","unter 3 Jahre",57,32,25
"Balgheim","3 -  6 Jahre",40,24,16
"Balgheim","6 - 10 Jahre",39,23,16
"Balgheim","10 - 15 Jahre",72,32,40
"Balgheim","15 - 18 Jahre",43,26,17
"Balgheim","18 - 20 Jahre",36,21,15
"Balgheim","20 - 25 Jahre",58,35,23
"Balgheim","25 - 30 Jahre",69,30,39
"Balgheim","30 - 35 Jahre",70,35,35
"Balgheim","35 - 40 Jahre",80,41,39
"Balgheim","40 - 45 Jahre",101,52,49
"Balgheim","45 - 50 Jahre",86,41,45
"Balgheim","50 - 55 Jahre",76,35,41
"Balgheim","55 - 60 Jahre",72,37,35
"Balgheim","60 - 65 Jahre",59,28,31
"Balgheim","65 - 75 Jahre",109,54,55
"Balgheim","75 und mehr Jahre",59,29,30
"Balgheim","Insgesamt",1126,575,551
"Böttingen","unter 3 Jahre",45,21,24
"Böttingen","3 -  6 Jahre",52,28,24
"Böttingen","6 - 10 Jahre",60,33,27
"Böttingen","10 - 15 Jahre",101,53,48
"Böttingen","15 - 18 Jahre",74,36,38
"Böttingen","18 - 20 Jahre",41,20,21
"Böttingen","20 - 25 Jahre",83,50,33
"Böttingen","25 - 30 Jahre",76,35,41
"Böttingen","30 - 35 Jahre",69,38,31
"Böttingen","35 - 40 Jahre",97,46,51
"Böttingen","40 - 45 Jahre",124,64,60
"Böttingen","45 - 50 Jahre",150,74,76
"Böttingen","50 - 55 Jahre",102,63,39
"Böttingen","55 - 60 Jahre",99,48,51
"Böttingen","60 - 65 Jahre",61,35,26
"Böttingen","65 - 75 Jahre",137,67,70
"Böttingen","75 und mehr Jahre",118,36,82
"Böttingen","Insgesamt",1489,747,742
"Bubsheim","unter 3 Jahre",30,14,16
"Bubsheim","3 -  6 Jahre",41,20,21
"Bubsheim","6 - 10 Jahre",64,30,34
"Bubsheim","10 - 15 Jahre",73,45,28
"Bubsheim","15 - 18 Jahre",34,14,20
"Bubsheim","18 - 20 Jahre",32,16,16
"Bubsheim","20 - 25 Jahre",87,65,22
"Bubsheim","25 - 30 Jahre",95,60,35
"Bubsheim","30 - 35 Jahre",84,41,43
"Bubsheim","35 - 40 Jahre",86,44,42
"Bubsheim","40 - 45 Jahre",69,44,25
"Bubsheim","45 - 50 Jahre",85,46,39
"Bubsheim","50 - 55 Jahre",95,41,54
"Bubsheim","55 - 60 Jahre",86,44,42
"Bubsheim","60 - 65 Jahre",59,27,32
"Bubsheim","65 - 75 Jahre",80,36,44
"Bubsheim","75 und mehr Jahre",72,31,41
"Bubsheim","Insgesamt",1172,618,554
"Buchheim","unter 3 Jahre",17,4,13
"Buchheim","3 -  6 Jahre",24,11,13
"Buchheim","6 - 10 Jahre",24,12,12
"Buchheim","10 - 15 Jahre",38,17,21
"Buchheim","15 - 18 Jahre",36,18,18
"Buchheim","18 - 20 Jahre",18,10,8
"Buchheim","20 - 25 Jahre",42,20,22
"Buchheim","25 - 30 Jahre",38,24,14
"Buchheim","30 - 35 Jahre",27,15,12
"Buchheim","35 - 40 Jahre",34,15,19
"Buchheim","40 - 45 Jahre",43,26,17
"Buchheim","45 - 50 Jahre",51,30,21
"Buchheim","50 - 55 Jahre",52,27,25
"Buchheim","55 - 60 Jahre",51,29,22
"Buchheim","60 - 65 Jahre",37,24,13
"Buchheim","65 - 75 Jahre",31,13,18
"Buchheim","75 und mehr Jahre",57,24,33
"Buchheim","Insgesamt",620,319,301
"Deilingen","unter 3 Jahre",54,29,25
"Deilingen","3 -  6 Jahre",52,26,26
"Deilingen","6 - 10 Jahre",61,36,25
"Deilingen","10 - 15 Jahre",107,56,51
"Deilingen","15 - 18 Jahre",68,42,26
"Deilingen","18 - 20 Jahre",50,24,26
"Deilingen","20 - 25 Jahre",96,35,61
"Deilingen","25 - 30 Jahre",108,54,54
"Deilingen","30 - 35 Jahre",101,51,50
"Deilingen","35 - 40 Jahre",101,55,46
"Deilingen","40 - 45 Jahre",136,67,69
"Deilingen","45 - 50 Jahre",134,69,65
"Deilingen","50 - 55 Jahre",132,65,67
"Deilingen","55 - 60 Jahre",106,55,51
"Deilingen","60 - 65 Jahre",88,52,36
"Deilingen","65 - 75 Jahre",154,65,89
"Deilingen","75 und mehr Jahre",129,44,85
"Deilingen","Insgesamt",1677,825,852
"Denkingen","unter 3 Jahre",74,37,37
"Denkingen","3 -  6 Jahre",86,33,53
"Denkingen","6 - 10 Jahre",109,54,55
"Denkingen","10 - 15 Jahre",156,83,73
"Denkingen","15 - 18 Jahre",101,54,47
"Denkingen","18 - 20 Jahre",71,38,33
"Denkingen","20 - 25 Jahre",150,82,68
"Denkingen","25 - 30 Jahre",136,70,66
"Denkingen","30 - 35 Jahre",129,63,66
"Denkingen","35 - 40 Jahre",163,87,76
"Denkingen","40 - 45 Jahre",204,115,89
"Denkingen","45 - 50 Jahre",222,112,110
"Denkingen","50 - 55 Jahre",168,77,91
"Denkingen","55 - 60 Jahre",177,83,94
"Denkingen","60 - 65 Jahre",132,69,63
"Denkingen","65 - 75 Jahre",257,122,135
"Denkingen","75 und mehr Jahre",190,88,102
"Denkingen","Insgesamt",2525,1267,1258
"Dürbheim","unter 3 Jahre",45,17,28
"Dürbheim","3 -  6 Jahre",49,27,22
"Dürbheim","6 - 10 Jahre",69,39,30
"Dürbheim","10 - 15 Jahre",96,59,37
"Dürbheim","15 - 18 Jahre",73,33,40
"Dürbheim","18 - 20 Jahre",33,22,11
"Dürbheim","20 - 25 Jahre",102,58,44
"Dürbheim","25 - 30 Jahre",87,37,50
"Dürbheim","30 - 35 Jahre",95,46,49
"Dürbheim","35 - 40 Jahre",100,46,54
"Dürbheim","40 - 45 Jahre",132,57,75
"Dürbheim","45 - 50 Jahre",183,98,85
"Dürbheim","50 - 55 Jahre",126,65,61
"Dürbheim","55 - 60 Jahre",110,56,54
"Dürbheim","60 - 65 Jahre",92,42,50
"Dürbheim","65 - 75 Jahre",159,88,71
"Dürbheim","75 und mehr Jahre",123,59,64
"Dürbheim","Insgesamt",1674,849,825
"Durchhausen","unter 3 Jahre",29,20,9
"Durchhausen","3 -  6 Jahre",27,15,12
"Durchhausen","6 - 10 Jahre",34,18,16
"Durchhausen","10 - 15 Jahre",59,36,23
"Durchhausen","15 - 18 Jahre",43,24,19
"Durchhausen","18 - 20 Jahre",18,9,9
"Durchhausen","20 - 25 Jahre",49,28,21
"Durchhausen","25 - 30 Jahre",50,27,23
"Durchhausen","30 - 35 Jahre",41,22,19
"Durchhausen","35 - 40 Jahre",64,36,28
"Durchhausen","40 - 45 Jahre",80,44,36
"Durchhausen","45 - 50 Jahre",71,38,33
"Durchhausen","50 - 55 Jahre",72,36,36
"Durchhausen","55 - 60 Jahre",52,29,23
"Durchhausen","60 - 65 Jahre",45,24,21
"Durchhausen","65 - 75 Jahre",106,44,62
"Durchhausen","75 und mehr Jahre",82,36,46
"Durchhausen","Insgesamt",922,486,436
"Egesheim","unter 3 Jahre",13,7,6
"Egesheim","3 -  6 Jahre",20,11,9
"Egesheim","6 - 10 Jahre",31,10,21
"Egesheim","10 - 15 Jahre",45,23,22
"Egesheim","15 - 18 Jahre",21,7,14
"Egesheim","18 - 20 Jahre",23,14,9
"Egesheim","20 - 25 Jahre",43,26,17
"Egesheim","25 - 30 Jahre",45,24,21
"Egesheim","30 - 35 Jahre",46,27,19
"Egesheim","35 - 40 Jahre",47,21,26
"Egesheim","40 - 45 Jahre",46,29,17
"Egesheim","45 - 50 Jahre",51,26,25
"Egesheim","50 - 55 Jahre",54,31,23
"Egesheim","55 - 60 Jahre",19,11,8
"Egesheim","60 - 65 Jahre",31,12,19
"Egesheim","65 - 75 Jahre",60,31,29
"Egesheim","75 und mehr Jahre",36,13,23
"Egesheim","Insgesamt",631,323,308
"Fridingen an der Donau, Stadt","unter 3 Jahre",76,31,45
"Fridingen an der Donau, Stadt","3 -  6 Jahre",68,31,37
"Fridingen an der Donau, Stadt","6 - 10 Jahre",102,56,46
"Fridingen an der Donau, Stadt","10 - 15 Jahre",180,93,87
"Fridingen an der Donau, Stadt","15 - 18 Jahre",124,65,59
"Fridingen an der Donau, Stadt","18 - 20 Jahre",92,48,44
"Fridingen an der Donau, Stadt","20 - 25 Jahre",190,99,91
"Fridingen an der Donau, Stadt","25 - 30 Jahre",161,94,67
"Fridingen an der Donau, Stadt","30 - 35 Jahre",143,77,66
"Fridingen an der Donau, Stadt","35 - 40 Jahre",145,73,72
"Fridingen an der Donau, Stadt","40 - 45 Jahre",230,121,109
"Fridingen an der Donau, Stadt","45 - 50 Jahre",296,143,153
"Fridingen an der Donau, Stadt","50 - 55 Jahre",256,127,129
"Fridingen an der Donau, Stadt","55 - 60 Jahre",218,108,110
"Fridingen an der Donau, Stadt","60 - 65 Jahre",177,94,83
"Fridingen an der Donau, Stadt","65 - 75 Jahre",365,172,193
"Fridingen an der Donau, Stadt","75 und mehr Jahre",292,121,171
"Fridingen an der Donau, Stadt","Insgesamt",3115,1553,1562
"Frittlingen","unter 3 Jahre",77,37,40
"Frittlingen","3 -  6 Jahre",77,40,37
"Frittlingen","6 - 10 Jahre",75,40,35
"Frittlingen","10 - 15 Jahre",117,65,52
"Frittlingen","15 - 18 Jahre",96,46,50
"Frittlingen","18 - 20 Jahre",58,25,33
"Frittlingen","20 - 25 Jahre",125,62,63
"Frittlingen","25 - 30 Jahre",125,68,57
"Frittlingen","30 - 35 Jahre",111,60,51
"Frittlingen","35 - 40 Jahre",133,62,71
"Frittlingen","40 - 45 Jahre",177,98,79
"Frittlingen","45 - 50 Jahre",185,95,90
"Frittlingen","50 - 55 Jahre",166,82,84
"Frittlingen","55 - 60 Jahre",135,79,56
"Frittlingen","60 - 65 Jahre",104,53,51
"Frittlingen","65 - 75 Jahre",198,99,99
"Frittlingen","75 und mehr Jahre",168,67,101
"Frittlingen","Insgesamt",2127,1078,1049
"Geisingen, Stadt","unter 3 Jahre",172,86,86
"Geisingen, Stadt","3 -  6 Jahre",162,89,73
"Geisingen, Stadt","6 - 10 Jahre",250,135,115
"Geisingen, Stadt","10 - 15 Jahre",357,171,186
"Geisingen, Stadt","15 - 18 Jahre",223,112,111
"Geisingen, Stadt","18 - 20 Jahre",137,72,65
"Geisingen, Stadt","20 - 25 Jahre",344,190,154
"Geisingen, Stadt","25 - 30 Jahre",348,174,174
"Geisingen, Stadt","30 - 35 Jahre",337,159,178
"Geisingen, Stadt","35 - 40 Jahre",365,179,186
"Geisingen, Stadt","40 - 45 Jahre",426,217,209
"Geisingen, Stadt","45 - 50 Jahre",518,294,224
"Geisingen, Stadt","50 - 55 Jahre",455,233,222
"Geisingen, Stadt","55 - 60 Jahre",464,255,209
"Geisingen, Stadt","60 - 65 Jahre",321,163,158
"Geisingen, Stadt","65 - 75 Jahre",613,304,309
"Geisingen, Stadt","75 und mehr Jahre",517,199,318
"Geisingen, Stadt","Insgesamt",6009,3032,2977
"Gosheim","unter 3 Jahre",117,66,51
"Gosheim","3 -  6 Jahre",120,55,65
"Gosheim","6 - 10 Jahre",188,101,87
"Gosheim","10 - 15 Jahre",248,128,120
"Gosheim","15 - 18 Jahre",137,71,66
"Gosheim","18 - 20 Jahre",109,61,48
"Gosheim","20 - 25 Jahre",246,131,115
"Gosheim","25 - 30 Jahre",236,126,110
"Gosheim","30 - 35 Jahre",232,114,118
"Gosheim","35 - 40 Jahre",203,99,104
"Gosheim","40 - 45 Jahre",258,132,126
"Gosheim","45 - 50 Jahre",315,150,165
"Gosheim","50 - 55 Jahre",307,160,147
"Gosheim","55 - 60 Jahre",219,117,102
"Gosheim","60 - 65 Jahre",172,87,85
"Gosheim","65 - 75 Jahre",344,149,195
"Gosheim","75 und mehr Jahre",349,125,224
"Gosheim","Insgesamt",3800,1872,1928
"Gunningen","unter 3 Jahre",18,12,6
"Gunningen","3 -  6 Jahre",18,10,8
"Gunningen","6 - 10 Jahre",21,10,11
"Gunningen","10 - 15 Jahre",41,21,20
"Gunningen","15 - 18 Jahre",33,15,18
"Gunningen","18 - 20 Jahre",24,14,10
"Gunningen","20 - 25 Jahre",42,22,20
"Gunningen","25 - 30 Jahre",48,27,21
"Gunningen","30 - 35 Jahre",42,19,23
"Gunningen","35 - 40 Jahre",39,22,17
"Gunningen","40 - 45 Jahre",63,29,34
"Gunningen","45 - 50 Jahre",55,25,30
"Gunningen","50 - 55 Jahre",59,30,29
"Gunningen","55 - 60 Jahre",54,27,27
"Gunningen","60 - 65 Jahre",33,14,19
"Gunningen","65 - 75 Jahre",82,43,39
"Gunningen","75 und mehr Jahre",38,15,23
"Gunningen","Insgesamt",710,355,355
"Hausen ob Verena","unter 3 Jahre",22,14,8
"Hausen ob Verena","3 -  6 Jahre",21,12,9
"Hausen ob Verena","6 - 10 Jahre",26,13,13
"Hausen ob Verena","10 - 15 Jahre",34,15,19
"Hausen ob Verena","15 - 18 Jahre",32,18,14
"Hausen ob Verena","18 - 20 Jahre",22,12,10
"Hausen ob Verena","20 - 25 Jahre",42,24,18
"Hausen ob Verena","25 - 30 Jahre",29,12,17
"Hausen ob Verena","30 - 35 Jahre",39,17,22
"Hausen ob Verena","35 - 40 Jahre",45,19,26
"Hausen ob Verena","40 - 45 Jahre",66,36,30
"Hausen ob Verena","45 - 50 Jahre",74,36,38
"Hausen ob Verena","50 - 55 Jahre",55,19,36
"Hausen ob Verena","55 - 60 Jahre",45,23,22
"Hausen ob Verena","60 - 65 Jahre",40,22,18
"Hausen ob Verena","65 - 75 Jahre",94,52,42
"Hausen ob Verena","75 und mehr Jahre",64,27,37
"Hausen ob Verena","Insgesamt",750,371,379
"Immendingen","unter 3 Jahre",189,98,91
"Immendingen","3 -  6 Jahre",198,97,101
"Immendingen","6 - 10 Jahre",260,131,129
"Immendingen","10 - 15 Jahre",345,175,170
"Immendingen","15 - 18 Jahre",174,81,93
"Immendingen","18 - 20 Jahre",148,91,57
"Immendingen","20 - 25 Jahre",381,214,167
"Immendingen","25 - 30 Jahre",371,219,152
"Immendingen","30 - 35 Jahre",341,171,170
"Immendingen","35 - 40 Jahre",398,232,166
"Immendingen","40 - 45 Jahre",560,345,215
"Immendingen","45 - 50 Jahre",525,310,215
"Immendingen","50 - 55 Jahre",405,205,200
"Immendingen","55 - 60 Jahre",353,170,183
"Immendingen","60 - 65 Jahre",299,160,139
"Immendingen","65 - 75 Jahre",542,257,285
"Immendingen","75 und mehr Jahre",414,178,236
"Immendingen","Insgesamt",5903,3134,2769
"Irndorf","unter 3 Jahre",18,12,6
"Irndorf","3 -  6 Jahre",14,6,8
"Irndorf","6 - 10 Jahre",41,18,23
"Irndorf","10 - 15 Jahre",47,20,27
"Irndorf","15 - 18 Jahre",31,15,16
"Irndorf","18 - 20 Jahre",22,8,14
"Irndorf","20 - 25 Jahre",30,13,17
"Irndorf","25 - 30 Jahre",36,17,19
"Irndorf","30 - 35 Jahre",43,24,19
"Irndorf","35 - 40 Jahre",35,12,23
"Irndorf","40 - 45 Jahre",64,37,27
"Irndorf","45 - 50 Jahre",78,37,41
"Irndorf","50 - 55 Jahre",63,28,35
"Irndorf","55 - 60 Jahre",50,28,22
"Irndorf","60 - 65 Jahre",23,14,9
"Irndorf","65 - 75 Jahre",87,38,49
"Irndorf","75 und mehr Jahre",90,35,55
"Irndorf","Insgesamt",772,362,410
"Königsheim","unter 3 Jahre",18,7,11
"Königsheim","3 -  6 Jahre",15,10,5
"Königsheim","6 - 10 Jahre",27,16,11
"Königsheim","10 - 15 Jahre",35,19,16
"Königsheim","15 - 18 Jahre",23,14,9
"Königsheim","18 - 20 Jahre",13,7,6
"Königsheim","20 - 25 Jahre",36,20,16
"Königsheim","25 - 30 Jahre",25,15,10
"Königsheim","30 - 35 Jahre",34,16,18
"Königsheim","35 - 40 Jahre",33,18,15
"Königsheim","40 - 45 Jahre",48,20,28
"Königsheim","45 - 50 Jahre",55,31,24
"Königsheim","50 - 55 Jahre",42,24,18
"Königsheim","55 - 60 Jahre",32,16,16
"Königsheim","60 - 65 Jahre",19,9,10
"Königsheim","65 - 75 Jahre",45,23,22
"Königsheim","75 und mehr Jahre",55,23,32
"Königsheim","Insgesamt",555,288,267
"Kolbingen","unter 3 Jahre",36,18,18
"Kolbingen","3 -  6 Jahre",36,17,19
"Kolbingen","6 - 10 Jahre",52,30,22
"Kolbingen","10 - 15 Jahre",79,31,48
"Kolbingen","15 - 18 Jahre",51,22,29
"Kolbingen","18 - 20 Jahre",34,17,17
"Kolbingen","20 - 25 Jahre",53,29,24
"Kolbingen","25 - 30 Jahre",62,28,34
"Kolbingen","30 - 35 Jahre",59,33,26
"Kolbingen","35 - 40 Jahre",78,40,38
"Kolbingen","40 - 45 Jahre",113,60,53
"Kolbingen","45 - 50 Jahre",118,59,59
"Kolbingen","50 - 55 Jahre",96,50,46
"Kolbingen","55 - 60 Jahre",81,35,46
"Kolbingen","60 - 65 Jahre",71,37,34
"Kolbingen","65 - 75 Jahre",146,65,81
"Kolbingen","75 und mehr Jahre",132,61,71
"Kolbingen","Insgesamt",1297,632,665
"Mahlstetten","unter 3 Jahre",12,5,7
"Mahlstetten","3 -  6 Jahre",21,9,12
"Mahlstetten","6 - 10 Jahre",23,13,10
"Mahlstetten","10 - 15 Jahre",39,23,16
"Mahlstetten","15 - 18 Jahre",22,16,6
"Mahlstetten","18 - 20 Jahre",21,9,12
"Mahlstetten","20 - 25 Jahre",48,26,22
"Mahlstetten","25 - 30 Jahre",38,21,17
"Mahlstetten","30 - 35 Jahre",32,17,15
"Mahlstetten","35 - 40 Jahre",41,18,23
"Mahlstetten","40 - 45 Jahre",52,30,22
"Mahlstetten","45 - 50 Jahre",61,29,32
"Mahlstetten","50 - 55 Jahre",89,47,42
"Mahlstetten","55 - 60 Jahre",54,32,22
"Mahlstetten","60 - 65 Jahre",30,16,14
"Mahlstetten","65 - 75 Jahre",73,30,43
"Mahlstetten","75 und mehr Jahre",75,35,40
"Mahlstetten","Insgesamt",731,376,355
"Mühlheim an der Donau, Stadt","unter 3 Jahre",86,39,47
"Mühlheim an der Donau, Stadt","3 -  6 Jahre",72,42,30
"Mühlheim an der Donau, Stadt","6 - 10 Jahre",144,65,79
"Mühlheim an der Donau, Stadt","10 - 15 Jahre",204,116,88
"Mühlheim an der Donau, Stadt","15 - 18 Jahre",116,52,64
"Mühlheim an der Donau, Stadt","18 - 20 Jahre",68,27,41
"Mühlheim an der Donau, Stadt","20 - 25 Jahre",178,100,78
"Mühlheim an der Donau, Stadt","25 - 30 Jahre",182,88,94
"Mühlheim an der Donau, Stadt","30 - 35 Jahre",172,87,85
"Mühlheim an der Donau, Stadt","35 - 40 Jahre",209,104,105
"Mühlheim an der Donau, Stadt","40 - 45 Jahre",290,132,158
"Mühlheim an der Donau, Stadt","45 - 50 Jahre",288,152,136
"Mühlheim an der Donau, Stadt","50 - 55 Jahre",235,116,119
"Mühlheim an der Donau, Stadt","55 - 60 Jahre",239,109,130
"Mühlheim an der Donau, Stadt","60 - 65 Jahre",224,106,118
"Mühlheim an der Donau, Stadt","65 - 75 Jahre",426,226,200
"Mühlheim an der Donau, Stadt","75 und mehr Jahre",347,140,207
"Mühlheim an der Donau, Stadt","Insgesamt",3480,1701,1779
"Neuhausen ob Eck","unter 3 Jahre",121,56,65
"Neuhausen ob Eck","3 -  6 Jahre",117,58,59
"Neuhausen ob Eck","6 - 10 Jahre",175,89,86
"Neuhausen ob Eck","10 - 15 Jahre",269,122,147
"Neuhausen ob Eck","15 - 18 Jahre",152,83,69
"Neuhausen ob Eck","18 - 20 Jahre",107,60,47
"Neuhausen ob Eck","20 - 25 Jahre",252,146,106
"Neuhausen ob Eck","25 - 30 Jahre",245,137,108
"Neuhausen ob Eck","30 - 35 Jahre",204,100,104
"Neuhausen ob Eck","35 - 40 Jahre",207,104,103
"Neuhausen ob Eck","40 - 45 Jahre",299,156,143
"Neuhausen ob Eck","45 - 50 Jahre",380,189,191
"Neuhausen ob Eck","50 - 55 Jahre",329,168,161
"Neuhausen ob Eck","55 - 60 Jahre",234,123,111
"Neuhausen ob Eck","60 - 65 Jahre",155,80,75
"Neuhausen ob Eck","65 - 75 Jahre",342,153,189
"Neuhausen ob Eck","75 und mehr Jahre",279,116,163
"Neuhausen ob Eck","Insgesamt",3867,1940,1927
"Reichenbach am Heuberg","unter 3 Jahre",7,1,6
"Reichenbach am Heuberg","3 -  6 Jahre",18,11,7
"Reichenbach am Heuberg","6 - 10 Jahre",23,7,16
"Reichenbach am Heuberg","10 - 15 Jahre",33,16,17
"Reichenbach am Heuberg","15 - 18 Jahre",25,6,19
"Reichenbach am Heuberg","18 - 20 Jahre",16,11,5
"Reichenbach am Heuberg","20 - 25 Jahre",45,23,22
"Reichenbach am Heuberg","25 - 30 Jahre",23,11,12
"Reichenbach am Heuberg","30 - 35 Jahre",25,12,13
"Reichenbach am Heuberg","35 - 40 Jahre",29,14,15
"Reichenbach am Heuberg","40 - 45 Jahre",36,19,17
"Reichenbach am Heuberg","45 - 50 Jahre",43,20,23
"Reichenbach am Heuberg","50 - 55 Jahre",42,23,19
"Reichenbach am Heuberg","55 - 60 Jahre",29,20,9
"Reichenbach am Heuberg","60 - 65 Jahre",14,6,8
"Reichenbach am Heuberg","65 - 75 Jahre",52,19,33
"Reichenbach am Heuberg","75 und mehr Jahre",28,11,17
"Reichenbach am Heuberg","Insgesamt",488,230,258
"Renquishausen","unter 3 Jahre",10,4,6
"Renquishausen","3 -  6 Jahre",17,9,8
"Renquishausen","6 - 10 Jahre",36,19,17
"Renquishausen","10 - 15 Jahre",47,25,22
"Renquishausen","15 - 18 Jahre",29,17,12
"Renquishausen","18 - 20 Jahre",20,13,7
"Renquishausen","20 - 25 Jahre",47,26,21
"Renquishausen","25 - 30 Jahre",31,20,11
"Renquishausen","30 - 35 Jahre",46,21,25
"Renquishausen","35 - 40 Jahre",36,19,17
"Renquishausen","40 - 45 Jahre",72,42,30
"Renquishausen","45 - 50 Jahre",69,31,38
"Renquishausen","50 - 55 Jahre",62,32,30
"Renquishausen","55 - 60 Jahre",47,25,22
"Renquishausen","60 - 65 Jahre",34,16,18
"Renquishausen","65 - 75 Jahre",60,32,28
"Renquishausen","75 und mehr Jahre",62,30,32
"Renquishausen","Insgesamt",725,381,344
"Spaichingen, Stadt","unter 3 Jahre",323,153,170
"Spaichingen, Stadt","3 -  6 Jahre",356,187,169
"Spaichingen, Stadt","6 - 10 Jahre",490,243,247
"Spaichingen, Stadt","10 - 15 Jahre",711,386,325
"Spaichingen, Stadt","15 - 18 Jahre",439,235,204
"Spaichingen, Stadt","18 - 20 Jahre",318,162,156
"Spaichingen, Stadt","20 - 25 Jahre",694,338,356
"Spaichingen, Stadt","25 - 30 Jahre",717,385,332
"Spaichingen, Stadt","30 - 35 Jahre",706,353,353
"Spaichingen, Stadt","35 - 40 Jahre",782,361,421
"Spaichingen, Stadt","40 - 45 Jahre",835,437,398
"Spaichingen, Stadt","45 - 50 Jahre",930,462,468
"Spaichingen, Stadt","50 - 55 Jahre",896,461,435
"Spaichingen, Stadt","55 - 60 Jahre",862,400,462
"Spaichingen, Stadt","60 - 65 Jahre",658,330,328
"Spaichingen, Stadt","65 - 75 Jahre",1389,658,731
"Spaichingen, Stadt","75 und mehr Jahre",1201,458,743
"Spaichingen, Stadt","Insgesamt",12307,6009,6298
"Talheim","unter 3 Jahre",24,20,4
"Talheim","3 -  6 Jahre",29,14,15
"Talheim","6 - 10 Jahre",60,27,33
"Talheim","10 - 15 Jahre",77,35,42
"Talheim","15 - 18 Jahre",49,31,18
"Talheim","18 - 20 Jahre",40,22,18
"Talheim","20 - 25 Jahre",62,29,33
"Talheim","25 - 30 Jahre",49,27,22
"Talheim","30 - 35 Jahre",81,45,36
"Talheim","35 - 40 Jahre",68,35,33
"Talheim","40 - 45 Jahre",105,48,57
"Talheim","45 - 50 Jahre",112,57,55
"Talheim","50 - 55 Jahre",93,45,48
"Talheim","55 - 60 Jahre",79,44,35
"Talheim","60 - 65 Jahre",60,25,35
"Talheim","65 - 75 Jahre",125,61,64
"Talheim","75 und mehr Jahre",93,38,55
"Talheim","Insgesamt",1206,603,603
"Trossingen, Stadt","unter 3 Jahre",430,217,213
"Trossingen, Stadt","3 -  6 Jahre",453,232,221
"Trossingen, Stadt","6 - 10 Jahre",661,357,304
"Trossingen, Stadt","10 - 15 Jahre",904,478,426
"Trossingen, Stadt","15 - 18 Jahre",539,277,262
"Trossingen, Stadt","18 - 20 Jahre",362,175,187
"Trossingen, Stadt","20 - 25 Jahre",1061,486,575
"Trossingen, Stadt","25 - 30 Jahre",1005,502,503
"Trossingen, Stadt","30 - 35 Jahre",883,416,467
"Trossingen, Stadt","35 - 40 Jahre",876,482,394
"Trossingen, Stadt","40 - 45 Jahre",1090,529,561
"Trossingen, Stadt","45 - 50 Jahre",1176,616,560
"Trossingen, Stadt","50 - 55 Jahre",1092,511,581
"Trossingen, Stadt","55 - 60 Jahre",1013,509,504
"Trossingen, Stadt","60 - 65 Jahre",778,375,403
"Trossingen, Stadt","65 - 75 Jahre",1545,716,829
"Trossingen, Stadt","75 und mehr Jahre",1442,561,881
"Trossingen, Stadt","Insgesamt",15310,7439,7871
"Tuttlingen, Stadt","unter 3 Jahre",957,506,451
"Tuttlingen, Stadt","3 -  6 Jahre",982,523,459
"Tuttlingen, Stadt","6 - 10 Jahre",1365,704,661
"Tuttlingen, Stadt","10 - 15 Jahre",1872,959,913
"Tuttlingen, Stadt","15 - 18 Jahre",1084,570,514
"Tuttlingen, Stadt","18 - 20 Jahre",824,422,402
"Tuttlingen, Stadt","20 - 25 Jahre",2100,1038,1062
"Tuttlingen, Stadt","25 - 30 Jahre",2101,1081,1020
"Tuttlingen, Stadt","30 - 35 Jahre",2147,1081,1066
"Tuttlingen, Stadt","35 - 40 Jahre",2221,1163,1058
"Tuttlingen, Stadt","40 - 45 Jahre",2611,1317,1294
"Tuttlingen, Stadt","45 - 50 Jahre",2574,1302,1272
"Tuttlingen, Stadt","50 - 55 Jahre",2487,1218,1269
"Tuttlingen, Stadt","55 - 60 Jahre",2004,962,1042
"Tuttlingen, Stadt","60 - 65 Jahre",1814,876,938
"Tuttlingen, Stadt","65 - 75 Jahre",3742,1770,1972
"Tuttlingen, Stadt","75 und mehr Jahre",3397,1276,2121
"Tuttlingen, Stadt","Insgesamt",34282,16768,17514
"Wehingen","unter 3 Jahre",81,39,42
"Wehingen","3 -  6 Jahre",110,51,59
"Wehingen","6 - 10 Jahre",169,89,80
"Wehingen","10 - 15 Jahre",245,122,123
"Wehingen","15 - 18 Jahre",125,62,63
"Wehingen","18 - 20 Jahre",100,58,42
"Wehingen","20 - 25 Jahre",218,118,100
"Wehingen","25 - 30 Jahre",202,101,101
"Wehingen","30 - 35 Jahre",218,115,103
"Wehingen","35 - 40 Jahre",216,97,119
"Wehingen","40 - 45 Jahre",282,141,141
"Wehingen","45 - 50 Jahre",327,183,144
"Wehingen","50 - 55 Jahre",254,125,129
"Wehingen","55 - 60 Jahre",229,113,116
"Wehingen","60 - 65 Jahre",192,97,95
"Wehingen","65 - 75 Jahre",364,177,187
"Wehingen","75 und mehr Jahre",300,106,194
"Wehingen","Insgesamt",3632,1794,1838
"Wurmlingen","unter 3 Jahre",94,51,43
"Wurmlingen","3 -  6 Jahre",100,46,54
"Wurmlingen","6 - 10 Jahre",127,67,60
"Wurmlingen","10 - 15 Jahre",207,99,108
"Wurmlingen","15 - 18 Jahre",138,63,75
"Wurmlingen","18 - 20 Jahre",76,38,38
"Wurmlingen","20 - 25 Jahre",202,113,89
"Wurmlingen","25 - 30 Jahre",222,111,111
"Wurmlingen","30 - 35 Jahre",171,78,93
"Wurmlingen","35 - 40 Jahre",195,94,101
"Wurmlingen","40 - 45 Jahre",286,126,160
"Wurmlingen","45 - 50 Jahre",334,162,172
"Wurmlingen","50 - 55 Jahre",297,157,140
"Wurmlingen","55 - 60 Jahre",247,132,115
"Wurmlingen","60 - 65 Jahre",212,119,93
"Wurmlingen","65 - 75 Jahre",482,225,257
"Wurmlingen","75 und mehr Jahre",390,161,229
"Wurmlingen","Insgesamt",3780,1842,1938
"Seitingen-Oberflacht","unter 3 Jahre",61,29,32
"Seitingen-Oberflacht","3 -  6 Jahre",82,44,38
"Seitingen-Oberflacht","6 - 10 Jahre",100,46,54
"Seitingen-Oberflacht","10 - 15 Jahre",165,80,85
"Seitingen-Oberflacht","15 - 18 Jahre",85,50,35
"Seitingen-Oberflacht","18 - 20 Jahre",54,28,26
"Seitingen-Oberflacht","20 - 25 Jahre",130,75,55
"Seitingen-Oberflacht","25 - 30 Jahre",106,58,48
"Seitingen-Oberflacht","30 - 35 Jahre",140,62,78
"Seitingen-Oberflacht","35 - 40 Jahre",132,64,68
"Seitingen-Oberflacht","40 - 45 Jahre",184,96,88
"Seitingen-Oberflacht","45 - 50 Jahre",214,107,107
"Seitingen-Oberflacht","50 - 55 Jahre",189,109,80
"Seitingen-Oberflacht","55 - 60 Jahre",128,61,67
"Seitingen-Oberflacht","60 - 65 Jahre",133,63,70
"Seitingen-Oberflacht","65 - 75 Jahre",253,125,128
"Seitingen-Oberflacht","75 und mehr Jahre",169,79,90
"Seitingen-Oberflacht","Insgesamt",2325,1176,1149
"Rietheim-Weilheim","unter 3 Jahre",74,37,37
"Rietheim-Weilheim","3 -  6 Jahre",87,46,41
"Rietheim-Weilheim","6 - 10 Jahre",96,51,45
"Rietheim-Weilheim","10 - 15 Jahre",146,64,82
"Rietheim-Weilheim","15 - 18 Jahre",85,44,41
"Rietheim-Weilheim","18 - 20 Jahre",58,28,30
"Rietheim-Weilheim","20 - 25 Jahre",154,83,71
"Rietheim-Weilheim","25 - 30 Jahre",158,75,83
"Rietheim-Weilheim","30 - 35 Jahre",162,79,83
"Rietheim-Weilheim","35 - 40 Jahre",163,94,69
"Rietheim-Weilheim","40 - 45 Jahre",227,120,107
"Rietheim-Weilheim","45 - 50 Jahre",245,107,138
"Rietheim-Weilheim","50 - 55 Jahre",202,95,107
"Rietheim-Weilheim","55 - 60 Jahre",168,84,84
"Rietheim-Weilheim","60 - 65 Jahre",137,66,71
"Rietheim-Weilheim","65 - 75 Jahre",277,126,151
"Rietheim-Weilheim","75 und mehr Jahre",251,112,139
"Rietheim-Weilheim","Insgesamt",2690,1311,1379
"Emmingen-Liptingen","unter 3 Jahre",102,45,57
"Emmingen-Liptingen","3 -  6 Jahre",122,70,52
"Emmingen-Liptingen","6 - 10 Jahre",190,86,104
"Emmingen-Liptingen","10 - 15 Jahre",289,149,140
"Emmingen-Liptingen","15 - 18 Jahre",161,79,82
"Emmingen-Liptingen","18 - 20 Jahre",99,48,51
"Emmingen-Liptingen","20 - 25 Jahre",279,125,154
"Emmingen-Liptingen","25 - 30 Jahre",235,114,121
"Emmingen-Liptingen","30 - 35 Jahre",259,117,142
"Emmingen-Liptingen","35 - 40 Jahre",297,145,152
"Emmingen-Liptingen","40 - 45 Jahre",399,205,194
"Emmingen-Liptingen","45 - 50 Jahre",399,216,183
"Emmingen-Liptingen","50 - 55 Jahre",385,201,184
"Emmingen-Liptingen","55 - 60 Jahre",310,164,146
"Emmingen-Liptingen","60 - 65 Jahre",219,116,103
"Emmingen-Liptingen","65 - 75 Jahre",420,201,219
"Emmingen-Liptingen","75 und mehr Jahre",314,134,180
"Emmingen-Liptingen","Insgesamt",4479,2215,2264
"Landkreis Konstanz","unter 3 Jahre",6645,3354,3291
"Landkreis Konstanz","3 -  6 Jahre",6862,3501,3361
"Landkreis Konstanz","6 - 10 Jahre",9723,4933,4790
"Landkreis Konstanz","10 - 15 Jahre",14063,7111,6952
"Landkreis Konstanz","15 - 18 Jahre",8371,4291,4080
"Landkreis Konstanz","18 - 20 Jahre",6330,3210,3120
"Landkreis Konstanz","20 - 25 Jahre",19950,9822,10128
"Landkreis Konstanz","25 - 30 Jahre",17268,8568,8700
"Landkreis Konstanz","30 - 35 Jahre",15554,7652,7902
"Landkreis Konstanz","35 - 40 Jahre",16246,8077,8169
"Landkreis Konstanz","40 - 45 Jahre",23206,11473,11733
"Landkreis Konstanz","45 - 50 Jahre",25319,12904,12415
"Landkreis Konstanz","50 - 55 Jahre",20805,10550,10255
"Landkreis Konstanz","55 - 60 Jahre",17239,8468,8771
"Landkreis Konstanz","60 - 65 Jahre",14989,7347,7642
"Landkreis Konstanz","65 - 75 Jahre",30631,14491,16140
"Landkreis Konstanz","75 und mehr Jahre",25782,9876,15906
"Landkreis Konstanz","Insgesamt",278983,135628,143355
"Aach, Stadt","unter 3 Jahre",60,29,31
"Aach, Stadt","3 -  6 Jahre",64,34,30
"Aach, Stadt","6 - 10 Jahre",90,42,48
"Aach, Stadt","10 - 15 Jahre",132,74,58
"Aach, Stadt","15 - 18 Jahre",84,50,34
"Aach, Stadt","18 - 20 Jahre",64,42,22
"Aach, Stadt","20 - 25 Jahre",109,54,55
"Aach, Stadt","25 - 30 Jahre",122,59,63
"Aach, Stadt","30 - 35 Jahre",124,60,64
"Aach, Stadt","35 - 40 Jahre",140,76,64
"Aach, Stadt","40 - 45 Jahre",201,113,88
"Aach, Stadt","45 - 50 Jahre",227,113,114
"Aach, Stadt","50 - 55 Jahre",181,95,86
"Aach, Stadt","55 - 60 Jahre",145,74,71
"Aach, Stadt","60 - 65 Jahre",103,56,47
"Aach, Stadt","65 - 75 Jahre",160,75,85
"Aach, Stadt","75 und mehr Jahre",169,68,101
"Aach, Stadt","Insgesamt",2175,1114,1061
"Allensbach","unter 3 Jahre",150,64,86
"Allensbach","3 -  6 Jahre",153,88,65
"Allensbach","6 - 10 Jahre",233,124,109
"Allensbach","10 - 15 Jahre",360,178,182
"Allensbach","15 - 18 Jahre",213,114,99
"Allensbach","18 - 20 Jahre",166,80,86
"Allensbach","20 - 25 Jahre",374,163,211
"Allensbach","25 - 30 Jahre",305,146,159
"Allensbach","30 - 35 Jahre",352,170,182
"Allensbach","35 - 40 Jahre",424,197,227
"Allensbach","40 - 45 Jahre",588,260,328
"Allensbach","45 - 50 Jahre",669,312,357
"Allensbach","50 - 55 Jahre",601,274,327
"Allensbach","55 - 60 Jahre",496,249,247
"Allensbach","60 - 65 Jahre",412,185,227
"Allensbach","65 - 75 Jahre",910,417,493
"Allensbach","75 und mehr Jahre",700,216,484
"Allensbach","Insgesamt",7106,3237,3869
"Büsingen am Hochrhein","unter 3 Jahre",22,12,10
"Büsingen am Hochrhein","3 -  6 Jahre",26,10,16
"Büsingen am Hochrhein","6 - 10 Jahre",32,20,12
"Büsingen am Hochrhein","10 - 15 Jahre",63,33,30
"Büsingen am Hochrhein","15 - 18 Jahre",39,27,12
"Büsingen am Hochrhein","18 - 20 Jahre",19,5,14
"Büsingen am Hochrhein","20 - 25 Jahre",63,31,32
"Büsingen am Hochrhein","25 - 30 Jahre",60,32,28
"Büsingen am Hochrhein","30 - 35 Jahre",47,20,27
"Büsingen am Hochrhein","35 - 40 Jahre",49,31,18
"Büsingen am Hochrhein","40 - 45 Jahre",79,36,43
"Büsingen am Hochrhein","45 - 50 Jahre",108,60,48
"Büsingen am Hochrhein","50 - 55 Jahre",104,46,58
"Büsingen am Hochrhein","55 - 60 Jahre",116,63,53
"Büsingen am Hochrhein","60 - 65 Jahre",101,43,58
"Büsingen am Hochrhein","65 - 75 Jahre",273,139,134
"Büsingen am Hochrhein","75 und mehr Jahre",195,93,102
"Büsingen am Hochrhein","Insgesamt",1396,701,695
"Eigeltingen","unter 3 Jahre",91,51,40
"Eigeltingen","3 -  6 Jahre",92,52,40
"Eigeltingen","6 - 10 Jahre",151,70,81
"Eigeltingen","10 - 15 Jahre",246,129,117
"Eigeltingen","15 - 18 Jahre",161,76,85
"Eigeltingen","18 - 20 Jahre",86,37,49
"Eigeltingen","20 - 25 Jahre",196,112,84
"Eigeltingen","25 - 30 Jahre",184,103,81
"Eigeltingen","30 - 35 Jahre",211,88,123
"Eigeltingen","35 - 40 Jahre",196,88,108
"Eigeltingen","40 - 45 Jahre",318,178,140
"Eigeltingen","45 - 50 Jahre",313,156,157
"Eigeltingen","50 - 55 Jahre",314,161,153
"Eigeltingen","55 - 60 Jahre",223,107,116
"Eigeltingen","60 - 65 Jahre",188,105,83
"Eigeltingen","65 - 75 Jahre",333,162,171
"Eigeltingen","75 und mehr Jahre",269,103,166
"Eigeltingen","Insgesamt",3572,1778,1794
"Engen, Stadt","unter 3 Jahre",258,131,127
"Engen, Stadt","3 -  6 Jahre",288,149,139
"Engen, Stadt","6 - 10 Jahre",426,211,215
"Engen, Stadt","10 - 15 Jahre",621,324,297
"Engen, Stadt","15 - 18 Jahre",382,189,193
"Engen, Stadt","18 - 20 Jahre",234,132,102
"Engen, Stadt","20 - 25 Jahre",557,288,269
"Engen, Stadt","25 - 30 Jahre",512,252,260
"Engen, Stadt","30 - 35 Jahre",534,238,296
"Engen, Stadt","35 - 40 Jahre",639,308,331
"Engen, Stadt","40 - 45 Jahre",811,385,426
"Engen, Stadt","45 - 50 Jahre",924,484,440
"Engen, Stadt","50 - 55 Jahre",773,406,367
"Engen, Stadt","55 - 60 Jahre",634,320,314
"Engen, Stadt","60 - 65 Jahre",548,269,279
"Engen, Stadt","65 - 75 Jahre",1097,515,582
"Engen, Stadt","75 und mehr Jahre",962,350,612
"Engen, Stadt","Insgesamt",10200,4951,5249
"Gaienhofen","unter 3 Jahre",56,28,28
"Gaienhofen","3 -  6 Jahre",58,29,29
"Gaienhofen","6 - 10 Jahre",86,41,45
"Gaienhofen","10 - 15 Jahre",153,70,83
"Gaienhofen","15 - 18 Jahre",99,59,40
"Gaienhofen","18 - 20 Jahre",64,38,26
"Gaienhofen","20 - 25 Jahre",164,74,90
"Gaienhofen","25 - 30 Jahre",142,70,72
"Gaienhofen","30 - 35 Jahre",152,81,71
"Gaienhofen","35 - 40 Jahre",179,83,96
"Gaienhofen","40 - 45 Jahre",239,107,132
"Gaienhofen","45 - 50 Jahre",257,128,129
"Gaienhofen","50 - 55 Jahre",252,111,141
"Gaienhofen","55 - 60 Jahre",261,130,131
"Gaienhofen","60 - 65 Jahre",234,115,119
"Gaienhofen","65 - 75 Jahre",490,228,262
"Gaienhofen","75 und mehr Jahre",352,148,204
"Gaienhofen","Insgesamt",3238,1540,1698
"Gailingen am Hochrhein","unter 3 Jahre",77,37,40
"Gailingen am Hochrhein","3 -  6 Jahre",77,42,35
"Gailingen am Hochrhein","6 - 10 Jahre",113,57,56
"Gailingen am Hochrhein","10 - 15 Jahre",131,64,67
"Gailingen am Hochrhein","15 - 18 Jahre",80,44,36
"Gailingen am Hochrhein","18 - 20 Jahre",68,37,31
"Gailingen am Hochrhein","20 - 25 Jahre",138,62,76
"Gailingen am Hochrhein","25 - 30 Jahre",144,62,82
"Gailingen am Hochrhein","30 - 35 Jahre",155,67,88
"Gailingen am Hochrhein","35 - 40 Jahre",268,147,121
"Gailingen am Hochrhein","40 - 45 Jahre",360,219,141
"Gailingen am Hochrhein","45 - 50 Jahre",247,123,124
"Gailingen am Hochrhein","50 - 55 Jahre",242,122,120
"Gailingen am Hochrhein","55 - 60 Jahre",179,84,95
"Gailingen am Hochrhein","60 - 65 Jahre",149,81,68
"Gailingen am Hochrhein","65 - 75 Jahre",328,152,176
"Gailingen am Hochrhein","75 und mehr Jahre",328,140,188
"Gailingen am Hochrhein","Insgesamt",3084,1540,1544
"Gottmadingen","unter 3 Jahre",241,120,121
"Gottmadingen","3 -  6 Jahre",293,144,149
"Gottmadingen","6 - 10 Jahre",442,223,219
"Gottmadingen","10 - 15 Jahre",626,330,296
"Gottmadingen","15 - 18 Jahre",350,196,154
"Gottmadingen","18 - 20 Jahre",215,109,106
"Gottmadingen","20 - 25 Jahre",506,256,250
"Gottmadingen","25 - 30 Jahre",522,266,256
"Gottmadingen","30 - 35 Jahre",537,263,274
"Gottmadingen","35 - 40 Jahre",635,308,327
"Gottmadingen","40 - 45 Jahre",905,431,474
"Gottmadingen","45 - 50 Jahre",917,443,474
"Gottmadingen","50 - 55 Jahre",736,389,347
"Gottmadingen","55 - 60 Jahre",560,284,276
"Gottmadingen","60 - 65 Jahre",547,273,274
"Gottmadingen","65 - 75 Jahre",1152,534,618
"Gottmadingen","75 und mehr Jahre",1069,409,660
"Gottmadingen","Insgesamt",10253,4978,5275
"Hilzingen","unter 3 Jahre",179,91,88
"Hilzingen","3 -  6 Jahre",221,108,113
"Hilzingen","6 - 10 Jahre",333,148,185
"Hilzingen","10 - 15 Jahre",482,253,229
"Hilzingen","15 - 18 Jahre",313,151,162
"Hilzingen","18 - 20 Jahre",195,93,102
"Hilzingen","20 - 25 Jahre",435,219,216
"Hilzingen","25 - 30 Jahre",390,193,197
"Hilzingen","30 - 35 Jahre",446,214,232
"Hilzingen","35 - 40 Jahre",509,240,269
"Hilzingen","40 - 45 Jahre",775,382,393
"Hilzingen","45 - 50 Jahre",872,446,426
"Hilzingen","50 - 55 Jahre",607,302,305
"Hilzingen","55 - 60 Jahre",568,275,293
"Hilzingen","60 - 65 Jahre",456,234,222
"Hilzingen","65 - 75 Jahre",887,416,471
"Hilzingen","75 und mehr Jahre",616,271,345
"Hilzingen","Insgesamt",8284,4036,4248
"Konstanz, Universitätsstadt","unter 3 Jahre",1908,1003,905
"Konstanz, Universitätsstadt","3 -  6 Jahre",1830,940,890
"Konstanz, Universitätsstadt","6 - 10 Jahre",2374,1202,1172
"Konstanz, Universitätsstadt","10 - 15 Jahre",3348,1680,1668
"Konstanz, Universitätsstadt","15 - 18 Jahre",2010,1012,998
"Konstanz, Universitätsstadt","18 - 20 Jahre",1799,822,977
"Konstanz, Universitätsstadt","20 - 25 Jahre",9553,4614,4939
"Konstanz, Universitätsstadt","25 - 30 Jahre",7173,3606,3567
"Konstanz, Universitätsstadt","30 - 35 Jahre",5173,2578,2595
"Konstanz, Universitätsstadt","35 - 40 Jahre",4787,2482,2305
"Konstanz, Universitätsstadt","40 - 45 Jahre",6851,3380,3471
"Konstanz, Universitätsstadt","45 - 50 Jahre",7802,4082,3720
"Konstanz, Universitätsstadt","50 - 55 Jahre",5702,2890,2812
"Konstanz, Universitätsstadt","55 - 60 Jahre",4449,2106,2343
"Konstanz, Universitätsstadt","60 - 65 Jahre",3970,1891,2079
"Konstanz, Universitätsstadt","65 - 75 Jahre",8689,4029,4660
"Konstanz, Universitätsstadt","75 und mehr Jahre",7275,2717,4558
"Konstanz, Universitätsstadt","Insgesamt",84693,41034,43659
"Moos","unter 3 Jahre",71,32,39
"Moos","3 -  6 Jahre",67,29,38
"Moos","6 - 10 Jahre",120,67,53
"Moos","10 - 15 Jahre",197,102,95
"Moos","15 - 18 Jahre",111,58,53
"Moos","18 - 20 Jahre",89,47,42
"Moos","20 - 25 Jahre",156,80,76
"Moos","25 - 30 Jahre",109,59,50
"Moos","30 - 35 Jahre",156,77,79
"Moos","35 - 40 Jahre",169,76,93
"Moos","40 - 45 Jahre",296,144,152
"Moos","45 - 50 Jahre",372,189,183
"Moos","50 - 55 Jahre",300,144,156
"Moos","55 - 60 Jahre",237,131,106
"Moos","60 - 65 Jahre",197,88,109
"Moos","65 - 75 Jahre",356,179,177
"Moos","75 und mehr Jahre",267,108,159
"Moos","Insgesamt",3270,1610,1660
"Mühlingen","unter 3 Jahre",80,38,42
"Mühlingen","3 -  6 Jahre",78,44,34
"Mühlingen","6 - 10 Jahre",87,52,35
"Mühlingen","10 - 15 Jahre",168,83,85
"Mühlingen","15 - 18 Jahre",82,47,35
"Mühlingen","18 - 20 Jahre",47,23,24
"Mühlingen","20 - 25 Jahre",129,69,60
"Mühlingen","25 - 30 Jahre",129,76,53
"Mühlingen","30 - 35 Jahre",140,68,72
"Mühlingen","35 - 40 Jahre",139,59,80
"Mühlingen","40 - 45 Jahre",203,109,94
"Mühlingen","45 - 50 Jahre",207,109,98
"Mühlingen","50 - 55 Jahre",185,98,87
"Mühlingen","55 - 60 Jahre",155,79,76
"Mühlingen","60 - 65 Jahre",103,56,47
"Mühlingen","65 - 75 Jahre",189,92,97
"Mühlingen","75 und mehr Jahre",191,81,110
"Mühlingen","Insgesamt",2312,1183,1129
"Öhningen","unter 3 Jahre",66,32,34
"Öhningen","3 -  6 Jahre",88,40,48
"Öhningen","6 - 10 Jahre",135,62,73
"Öhningen","10 - 15 Jahre",185,89,96
"Öhningen","15 - 18 Jahre",101,47,54
"Öhningen","18 - 20 Jahre",86,57,29
"Öhningen","20 - 25 Jahre",160,84,76
"Öhningen","25 - 30 Jahre",114,61,53
"Öhningen","30 - 35 Jahre",157,78,79
"Öhningen","35 - 40 Jahre",173,71,102
"Öhningen","40 - 45 Jahre",294,152,142
"Öhningen","45 - 50 Jahre",383,205,178
"Öhningen","50 - 55 Jahre",283,138,145
"Öhningen","55 - 60 Jahre",235,125,110
"Öhningen","60 - 65 Jahre",230,106,124
"Öhningen","65 - 75 Jahre",521,270,251
"Öhningen","75 und mehr Jahre",413,178,235
"Öhningen","Insgesamt",3624,1795,1829
"Radolfzell am Bodensee, Stadt","unter 3 Jahre",780,397,383
"Radolfzell am Bodensee, Stadt","3 -  6 Jahre",789,385,404
"Radolfzell am Bodensee, Stadt","6 - 10 Jahre",1033,549,484
"Radolfzell am Bodensee, Stadt","10 - 15 Jahre",1536,773,763
"Radolfzell am Bodensee, Stadt","15 - 18 Jahre",907,467,440
"Radolfzell am Bodensee, Stadt","18 - 20 Jahre",711,372,339
"Radolfzell am Bodensee, Stadt","20 - 25 Jahre",1594,829,765
"Radolfzell am Bodensee, Stadt","25 - 30 Jahre",1663,784,879
"Radolfzell am Bodensee, Stadt","30 - 35 Jahre",1663,832,831
"Radolfzell am Bodensee, Stadt","35 - 40 Jahre",1829,875,954
"Radolfzell am Bodensee, Stadt","40 - 45 Jahre",2622,1281,1341
"Radolfzell am Bodensee, Stadt","45 - 50 Jahre",2832,1382,1450
"Radolfzell am Bodensee, Stadt","50 - 55 Jahre",2436,1235,1201
"Radolfzell am Bodensee, Stadt","55 - 60 Jahre",2151,1044,1107
"Radolfzell am Bodensee, Stadt","60 - 65 Jahre",1808,914,894
"Radolfzell am Bodensee, Stadt","65 - 75 Jahre",3628,1732,1896
"Radolfzell am Bodensee, Stadt","75 und mehr Jahre",2800,1032,1768
"Radolfzell am Bodensee, Stadt","Insgesamt",30782,14883,15899
"Reichenau","unter 3 Jahre",119,55,64
"Reichenau","3 -  6 Jahre",128,76,52
"Reichenau","6 - 10 Jahre",176,94,82
"Reichenau","10 - 15 Jahre",289,156,133
"Reichenau","15 - 18 Jahre",167,84,83
"Reichenau","18 - 20 Jahre",135,75,60
"Reichenau","20 - 25 Jahre",335,164,171
"Reichenau","25 - 30 Jahre",272,134,138
"Reichenau","30 - 35 Jahre",270,132,138
"Reichenau","35 - 40 Jahre",347,172,175
"Reichenau","40 - 45 Jahre",504,251,253
"Reichenau","45 - 50 Jahre",519,267,252
"Reichenau","50 - 55 Jahre",438,226,212
"Reichenau","55 - 60 Jahre",328,167,161
"Reichenau","60 - 65 Jahre",285,145,140
"Reichenau","65 - 75 Jahre",477,239,238
"Reichenau","75 und mehr Jahre",396,157,239
"Reichenau","Insgesamt",5185,2594,2591
"Singen (Hohentwiel), Stadt","unter 3 Jahre",1214,607,607
"Singen (Hohentwiel), Stadt","3 -  6 Jahre",1243,642,601
"Singen (Hohentwiel), Stadt","6 - 10 Jahre",1694,864,830
"Singen (Hohentwiel), Stadt","10 - 15 Jahre",2411,1229,1182
"Singen (Hohentwiel), Stadt","15 - 18 Jahre",1473,763,710
"Singen (Hohentwiel), Stadt","18 - 20 Jahre",1055,535,520
"Singen (Hohentwiel), Stadt","20 - 25 Jahre",2552,1223,1329
"Singen (Hohentwiel), Stadt","25 - 30 Jahre",2600,1281,1319
"Singen (Hohentwiel), Stadt","30 - 35 Jahre",2589,1252,1337
"Singen (Hohentwiel), Stadt","35 - 40 Jahre",2661,1385,1276
"Singen (Hohentwiel), Stadt","40 - 45 Jahre",3533,1762,1771
"Singen (Hohentwiel), Stadt","45 - 50 Jahre",3763,1895,1868
"Singen (Hohentwiel), Stadt","50 - 55 Jahre",3310,1727,1583
"Singen (Hohentwiel), Stadt","55 - 60 Jahre",2917,1432,1485
"Singen (Hohentwiel), Stadt","60 - 65 Jahre",2578,1267,1311
"Singen (Hohentwiel), Stadt","65 - 75 Jahre",5337,2502,2835
"Singen (Hohentwiel), Stadt","75 und mehr Jahre",4896,1847,3049
"Singen (Hohentwiel), Stadt","Insgesamt",45826,22213,23613
"Steißlingen","unter 3 Jahre",98,52,46
"Steißlingen","3 -  6 Jahre",126,66,60
"Steißlingen","6 - 10 Jahre",205,103,102
"Steißlingen","10 - 15 Jahre",301,156,145
"Steißlingen","15 - 18 Jahre",152,72,80
"Steißlingen","18 - 20 Jahre",110,63,47
"Steißlingen","20 - 25 Jahre",245,126,119
"Steißlingen","25 - 30 Jahre",221,100,121
"Steißlingen","30 - 35 Jahre",239,111,128
"Steißlingen","35 - 40 Jahre",289,131,158
"Steißlingen","40 - 45 Jahre",406,197,209
"Steißlingen","45 - 50 Jahre",422,213,209
"Steißlingen","50 - 55 Jahre",394,204,190
"Steißlingen","55 - 60 Jahre",257,142,115
"Steißlingen","60 - 65 Jahre",239,112,127
"Steißlingen","65 - 75 Jahre",484,229,255
"Steißlingen","75 und mehr Jahre",420,161,259
"Steißlingen","Insgesamt",4608,2238,2370
"Stockach, Stadt","unter 3 Jahre",385,193,192
"Stockach, Stadt","3 -  6 Jahre",405,196,209
"Stockach, Stadt","6 - 10 Jahre",690,364,326
"Stockach, Stadt","10 - 15 Jahre",977,476,501
"Stockach, Stadt","15 - 18 Jahre",598,310,288
"Stockach, Stadt","18 - 20 Jahre",435,228,207
"Stockach, Stadt","20 - 25 Jahre",1013,506,507
"Stockach, Stadt","25 - 30 Jahre",911,460,451
"Stockach, Stadt","30 - 35 Jahre",809,422,387
"Stockach, Stadt","35 - 40 Jahre",927,438,489
"Stockach, Stadt","40 - 45 Jahre",1316,622,694
"Stockach, Stadt","45 - 50 Jahre",1480,732,748
"Stockach, Stadt","50 - 55 Jahre",1378,681,697
"Stockach, Stadt","55 - 60 Jahre",1195,598,597
"Stockach, Stadt","60 - 65 Jahre",1006,516,490
"Stockach, Stadt","65 - 75 Jahre",1720,830,890
"Stockach, Stadt","75 und mehr Jahre",1434,554,880
"Stockach, Stadt","Insgesamt",16679,8126,8553
"Tengen, Stadt","unter 3 Jahre",108,37,71
"Tengen, Stadt","3 -  6 Jahre",127,61,66
"Tengen, Stadt","6 - 10 Jahre",182,83,99
"Tengen, Stadt","10 - 15 Jahre",256,120,136
"Tengen, Stadt","15 - 18 Jahre",151,72,79
"Tengen, Stadt","18 - 20 Jahre",133,79,54
"Tengen, Stadt","20 - 25 Jahre",255,127,128
"Tengen, Stadt","25 - 30 Jahre",218,104,114
"Tengen, Stadt","30 - 35 Jahre",206,111,95
"Tengen, Stadt","35 - 40 Jahre",211,105,106
"Tengen, Stadt","40 - 45 Jahre",416,220,196
"Tengen, Stadt","45 - 50 Jahre",453,236,217
"Tengen, Stadt","50 - 55 Jahre",374,183,191
"Tengen, Stadt","55 - 60 Jahre",321,157,164
"Tengen, Stadt","60 - 65 Jahre",234,124,110
"Tengen, Stadt","65 - 75 Jahre",466,229,237
"Tengen, Stadt","75 und mehr Jahre",491,198,293
"Tengen, Stadt","Insgesamt",4602,2246,2356
"Volkertshausen","unter 3 Jahre",93,49,44
"Volkertshausen","3 -  6 Jahre",88,45,43
"Volkertshausen","6 - 10 Jahre",130,56,74
"Volkertshausen","10 - 15 Jahre",172,98,74
"Volkertshausen","15 - 18 Jahre",112,59,53
"Volkertshausen","18 - 20 Jahre",69,42,27
"Volkertshausen","20 - 25 Jahre",182,93,89
"Volkertshausen","25 - 30 Jahre",144,80,64
"Volkertshausen","30 - 35 Jahre",171,84,87
"Volkertshausen","35 - 40 Jahre",181,85,96
"Volkertshausen","40 - 45 Jahre",280,144,136
"Volkertshausen","45 - 50 Jahre",279,151,128
"Volkertshausen","50 - 55 Jahre",247,133,114
"Volkertshausen","55 - 60 Jahre",176,83,93
"Volkertshausen","60 - 65 Jahre",147,78,69
"Volkertshausen","65 - 75 Jahre",249,113,136
"Volkertshausen","75 und mehr Jahre",228,92,136
"Volkertshausen","Insgesamt",2948,1485,1463
"Hohenfels","unter 3 Jahre",62,31,31
"Hohenfels","3 -  6 Jahre",59,24,35
"Hohenfels","6 - 10 Jahre",93,41,52
"Hohenfels","10 - 15 Jahre",143,70,73
"Hohenfels","15 - 18 Jahre",70,40,30
"Hohenfels","18 - 20 Jahre",54,28,26
"Hohenfels","20 - 25 Jahre",89,49,40
"Hohenfels","25 - 30 Jahre",111,45,66
"Hohenfels","30 - 35 Jahre",118,72,46
"Hohenfels","35 - 40 Jahre",134,58,76
"Hohenfels","40 - 45 Jahre",170,96,74
"Hohenfels","45 - 50 Jahre",177,86,91
"Hohenfels","50 - 55 Jahre",136,72,64
"Hohenfels","55 - 60 Jahre",106,47,59
"Hohenfels","60 - 65 Jahre",127,67,60
"Hohenfels","65 - 75 Jahre",217,124,93
"Hohenfels","75 und mehr Jahre",142,53,89
"Hohenfels","Insgesamt",2008,1003,1005
"Mühlhausen-Ehingen","unter 3 Jahre",99,57,42
"Mühlhausen-Ehingen","3 -  6 Jahre",88,50,38
"Mühlhausen-Ehingen","6 - 10 Jahre",164,94,70
"Mühlhausen-Ehingen","10 - 15 Jahre",214,108,106
"Mühlhausen-Ehingen","15 - 18 Jahre",142,69,73
"Mühlhausen-Ehingen","18 - 20 Jahre",92,49,43
"Mühlhausen-Ehingen","20 - 25 Jahre",195,102,93
"Mühlhausen-Ehingen","25 - 30 Jahre",200,98,102
"Mühlhausen-Ehingen","30 - 35 Jahre",202,93,109
"Mühlhausen-Ehingen","35 - 40 Jahre",206,107,99
"Mühlhausen-Ehingen","40 - 45 Jahre",331,177,154
"Mühlhausen-Ehingen","45 - 50 Jahre",319,169,150
"Mühlhausen-Ehingen","50 - 55 Jahre",300,150,150
"Mühlhausen-Ehingen","55 - 60 Jahre",251,121,130
"Mühlhausen-Ehingen","60 - 65 Jahre",195,102,93
"Mühlhausen-Ehingen","65 - 75 Jahre",396,192,204
"Mühlhausen-Ehingen","75 und mehr Jahre",283,131,152
"Mühlhausen-Ehingen","Insgesamt",3677,1869,1808
"Bodman-Ludwigshafen","unter 3 Jahre",80,40,40
"Bodman-Ludwigshafen","3 -  6 Jahre",99,44,55
"Bodman-Ludwigshafen","6 - 10 Jahre",169,82,87
"Bodman-Ludwigshafen","10 - 15 Jahre",198,93,105
"Bodman-Ludwigshafen","15 - 18 Jahre",83,34,49
"Bodman-Ludwigshafen","18 - 20 Jahre",71,39,32
"Bodman-Ludwigshafen","20 - 25 Jahre",168,83,85
"Bodman-Ludwigshafen","25 - 30 Jahre",242,108,134
"Bodman-Ludwigshafen","30 - 35 Jahre",248,116,132
"Bodman-Ludwigshafen","35 - 40 Jahre",265,134,131
"Bodman-Ludwigshafen","40 - 45 Jahre",334,155,179
"Bodman-Ludwigshafen","45 - 50 Jahre",383,196,187
"Bodman-Ludwigshafen","50 - 55 Jahre",340,174,166
"Bodman-Ludwigshafen","55 - 60 Jahre",311,160,151
"Bodman-Ludwigshafen","60 - 65 Jahre",326,160,166
"Bodman-Ludwigshafen","65 - 75 Jahre",584,285,299
"Bodman-Ludwigshafen","75 und mehr Jahre",490,212,278
"Bodman-Ludwigshafen","Insgesamt",4391,2115,2276
"Orsingen-Nenzingen","unter 3 Jahre",96,48,48
"Orsingen-Nenzingen","3 -  6 Jahre",99,48,51
"Orsingen-Nenzingen","6 - 10 Jahre",145,70,75
"Orsingen-Nenzingen","10 - 15 Jahre",225,117,108
"Orsingen-Nenzingen","15 - 18 Jahre",114,61,53
"Orsingen-Nenzingen","18 - 20 Jahre",87,47,40
"Orsingen-Nenzingen","20 - 25 Jahre",161,93,68
"Orsingen-Nenzingen","25 - 30 Jahre",143,60,83
"Orsingen-Nenzingen","30 - 35 Jahre",185,91,94
"Orsingen-Nenzingen","35 - 40 Jahre",198,92,106
"Orsingen-Nenzingen","40 - 45 Jahre",345,181,164
"Orsingen-Nenzingen","45 - 50 Jahre",299,144,155
"Orsingen-Nenzingen","50 - 55 Jahre",237,123,114
"Orsingen-Nenzingen","55 - 60 Jahre",184,96,88
"Orsingen-Nenzingen","60 - 65 Jahre",151,81,70
"Orsingen-Nenzingen","65 - 75 Jahre",282,133,149
"Orsingen-Nenzingen","75 und mehr Jahre",238,96,142
"Orsingen-Nenzingen","Insgesamt",3189,1581,1608
"Rielasingen-Worblingen","unter 3 Jahre",252,120,132
"Rielasingen-Worblingen","3 -  6 Jahre",276,155,121
"Rielasingen-Worblingen","6 - 10 Jahre",420,214,206
"Rielasingen-Worblingen","10 - 15 Jahre",629,306,323
"Rielasingen-Worblingen","15 - 18 Jahre",377,190,187
"Rielasingen-Worblingen","18 - 20 Jahre",246,131,115
"Rielasingen-Worblingen","20 - 25 Jahre",621,321,300
"Rielasingen-Worblingen","25 - 30 Jahre",637,329,308
"Rielasingen-Worblingen","30 - 35 Jahre",670,334,336
"Rielasingen-Worblingen","35 - 40 Jahre",691,329,362
"Rielasingen-Worblingen","40 - 45 Jahre",1029,491,538
"Rielasingen-Worblingen","45 - 50 Jahre",1095,583,512
"Rielasingen-Worblingen","50 - 55 Jahre",935,466,469
"Rielasingen-Worblingen","55 - 60 Jahre",784,394,390
"Rielasingen-Worblingen","60 - 65 Jahre",655,279,376
"Rielasingen-Worblingen","65 - 75 Jahre",1406,675,731
"Rielasingen-Worblingen","75 und mehr Jahre",1158,461,697
"Rielasingen-Worblingen","Insgesamt",11881,5778,6103
"Landkreis Lörrach","unter 3 Jahre",5638,2876,2762
"Landkreis Lörrach","3 -  6 Jahre",5784,3002,2782
"Landkreis Lörrach","6 - 10 Jahre",8322,4300,4022
"Landkreis Lörrach","10 - 15 Jahre",12521,6319,6202
"Landkreis Lörrach","15 - 18 Jahre",7733,4034,3699
"Landkreis Lörrach","18 - 20 Jahre",5437,2761,2676
"Landkreis Lörrach","20 - 25 Jahre",12688,6514,6174
"Landkreis Lörrach","25 - 30 Jahre",12278,6088,6190
"Landkreis Lörrach","30 - 35 Jahre",12155,5850,6305
"Landkreis Lörrach","35 - 40 Jahre",13447,6638,6809
"Landkreis Lörrach","40 - 45 Jahre",18783,9423,9360
"Landkreis Lörrach","45 - 50 Jahre",20234,10047,10187
"Landkreis Lörrach","50 - 55 Jahre",17560,8771,8789
"Landkreis Lörrach","55 - 60 Jahre",14413,7265,7148
"Landkreis Lörrach","60 - 65 Jahre",11878,5825,6053
"Landkreis Lörrach","65 - 75 Jahre",23702,11164,12538
"Landkreis Lörrach","75 und mehr Jahre",20077,7864,12213
"Landkreis Lörrach","Insgesamt",222650,108741,113909
"Aitern","unter 3 Jahre",19,10,9
"Aitern","3 -  6 Jahre",12,5,7
"Aitern","6 - 10 Jahre",20,8,12
"Aitern","10 - 15 Jahre",32,19,13
"Aitern","15 - 18 Jahre",29,14,15
"Aitern","18 - 20 Jahre",13,9,4
"Aitern","20 - 25 Jahre",31,22,9
"Aitern","25 - 30 Jahre",23,9,14
"Aitern","30 - 35 Jahre",32,21,11
"Aitern","35 - 40 Jahre",34,16,18
"Aitern","40 - 45 Jahre",46,24,22
"Aitern","45 - 50 Jahre",58,30,28
"Aitern","50 - 55 Jahre",39,19,20
"Aitern","55 - 60 Jahre",36,22,14
"Aitern","60 - 65 Jahre",30,17,13
"Aitern","65 - 75 Jahre",56,26,30
"Aitern","75 und mehr Jahre",40,16,24
"Aitern","Insgesamt",550,287,263
"Bad Bellingen","unter 3 Jahre",82,49,33
"Bad Bellingen","3 -  6 Jahre",65,33,32
"Bad Bellingen","6 - 10 Jahre",111,47,64
"Bad Bellingen","10 - 15 Jahre",182,93,89
"Bad Bellingen","15 - 18 Jahre",103,60,43
"Bad Bellingen","18 - 20 Jahre",69,35,34
"Bad Bellingen","20 - 25 Jahre",218,107,111
"Bad Bellingen","25 - 30 Jahre",244,115,129
"Bad Bellingen","30 - 35 Jahre",212,112,100
"Bad Bellingen","35 - 40 Jahre",185,97,88
"Bad Bellingen","40 - 45 Jahre",305,166,139
"Bad Bellingen","45 - 50 Jahre",340,170,170
"Bad Bellingen","50 - 55 Jahre",314,158,156
"Bad Bellingen","55 - 60 Jahre",320,168,152
"Bad Bellingen","60 - 65 Jahre",248,133,115
"Bad Bellingen","65 - 75 Jahre",463,229,234
"Bad Bellingen","75 und mehr Jahre",433,163,270
"Bad Bellingen","Insgesamt",3894,1935,1959
"Binzen","unter 3 Jahre",82,44,38
"Binzen","3 -  6 Jahre",82,43,39
"Binzen","6 - 10 Jahre",149,80,69
"Binzen","10 - 15 Jahre",190,103,87
"Binzen","15 - 18 Jahre",82,44,38
"Binzen","18 - 20 Jahre",61,32,29
"Binzen","20 - 25 Jahre",164,73,91
"Binzen","25 - 30 Jahre",119,59,60
"Binzen","30 - 35 Jahre",132,59,73
"Binzen","35 - 40 Jahre",184,88,96
"Binzen","40 - 45 Jahre",315,139,176
"Binzen","45 - 50 Jahre",283,146,137
"Binzen","50 - 55 Jahre",203,108,95
"Binzen","55 - 60 Jahre",172,82,90
"Binzen","60 - 65 Jahre",156,77,79
"Binzen","65 - 75 Jahre",291,137,154
"Binzen","75 und mehr Jahre",221,98,123
"Binzen","Insgesamt",2886,1412,1474
"Böllen","unter 3 Jahre",3,2,1
"Böllen","3 -  6 Jahre",2,1,1
"Böllen","6 - 10 Jahre",3,1,2
"Böllen","10 - 15 Jahre",6,3,3
"Böllen","15 - 18 Jahre",8,2,6
"Böllen","18 - 20 Jahre",1,1,0
"Böllen","20 - 25 Jahre",2,2,0
"Böllen","25 - 30 Jahre",1,1,0
"Böllen","30 - 35 Jahre",3,1,2
"Böllen","35 - 40 Jahre",9,5,4
"Böllen","40 - 45 Jahre",8,4,4
"Böllen","45 - 50 Jahre",9,5,4
"Böllen","50 - 55 Jahre",12,7,5
"Böllen","55 - 60 Jahre",5,1,4
"Böllen","60 - 65 Jahre",3,2,1
"Böllen","65 - 75 Jahre",4,2,2
"Böllen","75 und mehr Jahre",15,7,8
"Böllen","Insgesamt",94,47,47
"Efringen-Kirchen","unter 3 Jahre",211,114,97
"Efringen-Kirchen","3 -  6 Jahre",219,108,111
"Efringen-Kirchen","6 - 10 Jahre",303,166,137
"Efringen-Kirchen","10 - 15 Jahre",466,239,227
"Efringen-Kirchen","15 - 18 Jahre",277,148,129
"Efringen-Kirchen","18 - 20 Jahre",212,127,85
"Efringen-Kirchen","20 - 25 Jahre",459,230,229
"Efringen-Kirchen","25 - 30 Jahre",455,223,232
"Efringen-Kirchen","30 - 35 Jahre",423,206,217
"Efringen-Kirchen","35 - 40 Jahre",462,224,238
"Efringen-Kirchen","40 - 45 Jahre",715,355,360
"Efringen-Kirchen","45 - 50 Jahre",773,372,401
"Efringen-Kirchen","50 - 55 Jahre",716,363,353
"Efringen-Kirchen","55 - 60 Jahre",605,297,308
"Efringen-Kirchen","60 - 65 Jahre",406,214,192
"Efringen-Kirchen","65 - 75 Jahre",831,408,423
"Efringen-Kirchen","75 und mehr Jahre",631,262,369
"Efringen-Kirchen","Insgesamt",8164,4056,4108
"Eimeldingen","unter 3 Jahre",68,35,33
"Eimeldingen","3 -  6 Jahre",68,36,32
"Eimeldingen","6 - 10 Jahre",113,59,54
"Eimeldingen","10 - 15 Jahre",145,80,65
"Eimeldingen","15 - 18 Jahre",88,42,46
"Eimeldingen","18 - 20 Jahre",60,23,37
"Eimeldingen","20 - 25 Jahre",145,76,69
"Eimeldingen","25 - 30 Jahre",143,71,72
"Eimeldingen","30 - 35 Jahre",145,80,65
"Eimeldingen","35 - 40 Jahre",186,81,105
"Eimeldingen","40 - 45 Jahre",239,120,119
"Eimeldingen","45 - 50 Jahre",231,116,115
"Eimeldingen","50 - 55 Jahre",210,113,97
"Eimeldingen","55 - 60 Jahre",150,74,76
"Eimeldingen","60 - 65 Jahre",116,55,61
"Eimeldingen","65 - 75 Jahre",192,85,107
"Eimeldingen","75 und mehr Jahre",140,63,77
"Eimeldingen","Insgesamt",2439,1209,1230
"Fischingen","unter 3 Jahre",10,5,5
"Fischingen","3 -  6 Jahre",19,12,7
"Fischingen","6 - 10 Jahre",36,14,22
"Fischingen","10 - 15 Jahre",34,16,18
"Fischingen","15 - 18 Jahre",19,11,8
"Fischingen","18 - 20 Jahre",12,6,6
"Fischingen","20 - 25 Jahre",36,20,16
"Fischingen","25 - 30 Jahre",34,19,15
"Fischingen","30 - 35 Jahre",43,20,23
"Fischingen","35 - 40 Jahre",41,17,24
"Fischingen","40 - 45 Jahre",69,39,30
"Fischingen","45 - 50 Jahre",59,37,22
"Fischingen","50 - 55 Jahre",67,34,33
"Fischingen","55 - 60 Jahre",49,27,22
"Fischingen","60 - 65 Jahre",38,19,19
"Fischingen","65 - 75 Jahre",76,38,38
"Fischingen","75 und mehr Jahre",59,22,37
"Fischingen","Insgesamt",701,356,345
"Fröhnd","unter 3 Jahre",13,8,5
"Fröhnd","3 -  6 Jahre",10,4,6
"Fröhnd","6 - 10 Jahre",26,7,19
"Fröhnd","10 - 15 Jahre",22,10,12
"Fröhnd","15 - 18 Jahre",20,11,9
"Fröhnd","18 - 20 Jahre",10,7,3
"Fröhnd","20 - 25 Jahre",31,20,11
"Fröhnd","25 - 30 Jahre",30,16,14
"Fröhnd","30 - 35 Jahre",25,10,15
"Fröhnd","35 - 40 Jahre",22,12,10
"Fröhnd","40 - 45 Jahre",44,26,18
"Fröhnd","45 - 50 Jahre",44,20,24
"Fröhnd","50 - 55 Jahre",46,25,21
"Fröhnd","55 - 60 Jahre",35,22,13
"Fröhnd","60 - 65 Jahre",17,11,6
"Fröhnd","65 - 75 Jahre",37,18,19
"Fröhnd","75 und mehr Jahre",53,24,29
"Fröhnd","Insgesamt",485,251,234
"Hasel","unter 3 Jahre",34,19,15
"Hasel","3 -  6 Jahre",29,13,16
"Hasel","6 - 10 Jahre",50,33,17
"Hasel","10 - 15 Jahre",61,34,27
"Hasel","15 - 18 Jahre",33,14,19
"Hasel","18 - 20 Jahre",27,17,10
"Hasel","20 - 25 Jahre",71,30,41
"Hasel","25 - 30 Jahre",63,32,31
"Hasel","30 - 35 Jahre",56,30,26
"Hasel","35 - 40 Jahre",83,36,47
"Hasel","40 - 45 Jahre",88,50,38
"Hasel","45 - 50 Jahre",100,49,51
"Hasel","50 - 55 Jahre",81,40,41
"Hasel","55 - 60 Jahre",79,47,32
"Hasel","60 - 65 Jahre",51,28,23
"Hasel","65 - 75 Jahre",105,47,58
"Hasel","75 und mehr Jahre",108,42,66
"Hasel","Insgesamt",1119,561,558
"Hausen im Wiesental","unter 3 Jahre",56,28,28
"Hausen im Wiesental","3 -  6 Jahre",53,28,25
"Hausen im Wiesental","6 - 10 Jahre",80,39,41
"Hausen im Wiesental","10 - 15 Jahre",156,86,70
"Hausen im Wiesental","15 - 18 Jahre",113,65,48
"Hausen im Wiesental","18 - 20 Jahre",59,26,33
"Hausen im Wiesental","20 - 25 Jahre",135,68,67
"Hausen im Wiesental","25 - 30 Jahre",120,67,53
"Hausen im Wiesental","30 - 35 Jahre",97,45,52
"Hausen im Wiesental","35 - 40 Jahre",139,79,60
"Hausen im Wiesental","40 - 45 Jahre",215,106,109
"Hausen im Wiesental","45 - 50 Jahre",229,122,107
"Hausen im Wiesental","50 - 55 Jahre",190,96,94
"Hausen im Wiesental","55 - 60 Jahre",126,66,60
"Hausen im Wiesental","60 - 65 Jahre",135,66,69
"Hausen im Wiesental","65 - 75 Jahre",257,115,142
"Hausen im Wiesental","75 und mehr Jahre",199,81,118
"Hausen im Wiesental","Insgesamt",2359,1183,1176
"Inzlingen","unter 3 Jahre",49,24,25
"Inzlingen","3 -  6 Jahre",68,44,24
"Inzlingen","6 - 10 Jahre",88,49,39
"Inzlingen","10 - 15 Jahre",116,66,50
"Inzlingen","15 - 18 Jahre",66,28,38
"Inzlingen","18 - 20 Jahre",60,33,27
"Inzlingen","20 - 25 Jahre",96,50,46
"Inzlingen","25 - 30 Jahre",122,62,60
"Inzlingen","30 - 35 Jahre",124,57,67
"Inzlingen","35 - 40 Jahre",122,63,59
"Inzlingen","40 - 45 Jahre",234,93,141
"Inzlingen","45 - 50 Jahre",208,97,111
"Inzlingen","50 - 55 Jahre",217,115,102
"Inzlingen","55 - 60 Jahre",177,83,94
"Inzlingen","60 - 65 Jahre",141,70,71
"Inzlingen","65 - 75 Jahre",330,163,167
"Inzlingen","75 und mehr Jahre",254,102,152
"Inzlingen","Insgesamt",2472,1199,1273
"Kandern, Stadt","unter 3 Jahre",171,77,94
"Kandern, Stadt","3 -  6 Jahre",193,93,100
"Kandern, Stadt","6 - 10 Jahre",280,145,135
"Kandern, Stadt","10 - 15 Jahre",443,234,209
"Kandern, Stadt","15 - 18 Jahre",320,165,155
"Kandern, Stadt","18 - 20 Jahre",183,104,79
"Kandern, Stadt","20 - 25 Jahre",403,193,210
"Kandern, Stadt","25 - 30 Jahre",385,185,200
"Kandern, Stadt","30 - 35 Jahre",412,188,224
"Kandern, Stadt","35 - 40 Jahre",416,196,220
"Kandern, Stadt","40 - 45 Jahre",732,370,362
"Kandern, Stadt","45 - 50 Jahre",791,383,408
"Kandern, Stadt","50 - 55 Jahre",714,355,359
"Kandern, Stadt","55 - 60 Jahre",532,288,244
"Kandern, Stadt","60 - 65 Jahre",435,224,211
"Kandern, Stadt","65 - 75 Jahre",820,399,421
"Kandern, Stadt","75 und mehr Jahre",873,297,576
"Kandern, Stadt","Insgesamt",8103,3896,4207
"Lörrach, Stadt","unter 3 Jahre",1257,643,614
"Lörrach, Stadt","3 -  6 Jahre",1262,693,569
"Lörrach, Stadt","6 - 10 Jahre",1699,842,857
"Lörrach, Stadt","10 - 15 Jahre",2607,1305,1302
"Lörrach, Stadt","15 - 18 Jahre",1575,830,745
"Lörrach, Stadt","18 - 20 Jahre",1105,532,573
"Lörrach, Stadt","20 - 25 Jahre",2792,1405,1387
"Lörrach, Stadt","25 - 30 Jahre",3017,1492,1525
"Lörrach, Stadt","30 - 35 Jahre",2931,1422,1509
"Lörrach, Stadt","35 - 40 Jahre",3088,1548,1540
"Lörrach, Stadt","40 - 45 Jahre",3938,1985,1953
"Lörrach, Stadt","45 - 50 Jahre",4326,2070,2256
"Lörrach, Stadt","50 - 55 Jahre",3662,1853,1809
"Lörrach, Stadt","55 - 60 Jahre",3061,1545,1516
"Lörrach, Stadt","60 - 65 Jahre",2541,1206,1335
"Lörrach, Stadt","65 - 75 Jahre",4939,2289,2650
"Lörrach, Stadt","75 und mehr Jahre",4580,1711,2869
"Lörrach, Stadt","Insgesamt",48380,23371,25009
"Maulburg","unter 3 Jahre",104,54,50
"Maulburg","3 -  6 Jahre",80,38,42
"Maulburg","6 - 10 Jahre",174,107,67
"Maulburg","10 - 15 Jahre",221,108,113
"Maulburg","15 - 18 Jahre",167,93,74
"Maulburg","18 - 20 Jahre",130,68,62
"Maulburg","20 - 25 Jahre",284,155,129
"Maulburg","25 - 30 Jahre",222,116,106
"Maulburg","30 - 35 Jahre",213,107,106
"Maulburg","35 - 40 Jahre",239,117,122
"Maulburg","40 - 45 Jahre",304,153,151
"Maulburg","45 - 50 Jahre",358,189,169
"Maulburg","50 - 55 Jahre",343,165,178
"Maulburg","55 - 60 Jahre",257,131,126
"Maulburg","60 - 65 Jahre",211,104,107
"Maulburg","65 - 75 Jahre",409,196,213
"Maulburg","75 und mehr Jahre",302,125,177
"Maulburg","Insgesamt",4018,2026,1992
"Rheinfelden (Baden), Stadt","unter 3 Jahre",854,427,427
"Rheinfelden (Baden), Stadt","3 -  6 Jahre",872,487,385
"Rheinfelden (Baden), Stadt","6 - 10 Jahre",1224,639,585
"Rheinfelden (Baden), Stadt","10 - 15 Jahre",1863,930,933
"Rheinfelden (Baden), Stadt","15 - 18 Jahre",1080,562,518
"Rheinfelden (Baden), Stadt","18 - 20 Jahre",814,410,404
"Rheinfelden (Baden), Stadt","20 - 25 Jahre",1941,971,970
"Rheinfelden (Baden), Stadt","25 - 30 Jahre",1753,860,893
"Rheinfelden (Baden), Stadt","30 - 35 Jahre",1854,899,955
"Rheinfelden (Baden), Stadt","35 - 40 Jahre",1979,1006,973
"Rheinfelden (Baden), Stadt","40 - 45 Jahre",2787,1432,1355
"Rheinfelden (Baden), Stadt","45 - 50 Jahre",2838,1409,1429
"Rheinfelden (Baden), Stadt","50 - 55 Jahre",2569,1278,1291
"Rheinfelden (Baden), Stadt","55 - 60 Jahre",1979,966,1013
"Rheinfelden (Baden), Stadt","60 - 65 Jahre",1642,795,847
"Rheinfelden (Baden), Stadt","65 - 75 Jahre",3603,1628,1975
"Rheinfelden (Baden), Stadt","75 und mehr Jahre",2678,1083,1595
"Rheinfelden (Baden), Stadt","Insgesamt",32330,15782,16548
"Rümmingen","unter 3 Jahre",43,24,19
"Rümmingen","3 -  6 Jahre",51,20,31
"Rümmingen","6 - 10 Jahre",68,36,32
"Rümmingen","10 - 15 Jahre",85,50,35
"Rümmingen","15 - 18 Jahre",44,19,25
"Rümmingen","18 - 20 Jahre",44,23,21
"Rümmingen","20 - 25 Jahre",90,49,41
"Rümmingen","25 - 30 Jahre",82,42,40
"Rümmingen","30 - 35 Jahre",83,33,50
"Rümmingen","35 - 40 Jahre",131,75,56
"Rümmingen","40 - 45 Jahre",138,62,76
"Rümmingen","45 - 50 Jahre",145,79,66
"Rümmingen","50 - 55 Jahre",136,70,66
"Rümmingen","55 - 60 Jahre",105,44,61
"Rümmingen","60 - 65 Jahre",121,67,54
"Rümmingen","65 - 75 Jahre",180,91,89
"Rümmingen","75 und mehr Jahre",90,42,48
"Rümmingen","Insgesamt",1636,826,810
"Schallbach","unter 3 Jahre",23,9,14
"Schallbach","3 -  6 Jahre",23,12,11
"Schallbach","6 - 10 Jahre",26,13,13
"Schallbach","10 - 15 Jahre",59,34,25
"Schallbach","15 - 18 Jahre",25,13,12
"Schallbach","18 - 20 Jahre",12,6,6
"Schallbach","20 - 25 Jahre",34,14,20
"Schallbach","25 - 30 Jahre",35,13,22
"Schallbach","30 - 35 Jahre",29,14,15
"Schallbach","35 - 40 Jahre",43,20,23
"Schallbach","40 - 45 Jahre",62,33,29
"Schallbach","45 - 50 Jahre",75,30,45
"Schallbach","50 - 55 Jahre",42,27,15
"Schallbach","55 - 60 Jahre",67,36,31
"Schallbach","60 - 65 Jahre",47,18,29
"Schallbach","65 - 75 Jahre",64,36,28
"Schallbach","75 und mehr Jahre",45,18,27
"Schallbach","Insgesamt",711,346,365
"Schliengen","unter 3 Jahre",145,66,79
"Schliengen","3 -  6 Jahre",154,71,83
"Schliengen","6 - 10 Jahre",235,121,114
"Schliengen","10 - 15 Jahre",329,159,170
"Schliengen","15 - 18 Jahre",207,99,108
"Schliengen","18 - 20 Jahre",137,67,70
"Schliengen","20 - 25 Jahre",291,166,125
"Schliengen","25 - 30 Jahre",266,133,133
"Schliengen","30 - 35 Jahre",268,127,141
"Schliengen","35 - 40 Jahre",314,147,167
"Schliengen","40 - 45 Jahre",497,240,257
"Schliengen","45 - 50 Jahre",467,241,226
"Schliengen","50 - 55 Jahre",456,235,221
"Schliengen","55 - 60 Jahre",346,185,161
"Schliengen","60 - 65 Jahre",290,151,139
"Schliengen","65 - 75 Jahre",511,240,271
"Schliengen","75 und mehr Jahre",409,169,240
"Schliengen","Insgesamt",5322,2617,2705
"Schönau im Schwarzwald, Stadt","unter 3 Jahre",64,27,37
"Schönau im Schwarzwald, Stadt","3 -  6 Jahre",58,28,30
"Schönau im Schwarzwald, Stadt","6 - 10 Jahre",99,55,44
"Schönau im Schwarzwald, Stadt","10 - 15 Jahre",139,59,80
"Schönau im Schwarzwald, Stadt","15 - 18 Jahre",90,54,36
"Schönau im Schwarzwald, Stadt","18 - 20 Jahre",77,32,45
"Schönau im Schwarzwald, Stadt","20 - 25 Jahre",126,60,66
"Schönau im Schwarzwald, Stadt","25 - 30 Jahre",136,63,73
"Schönau im Schwarzwald, Stadt","30 - 35 Jahre",122,62,60
"Schönau im Schwarzwald, Stadt","35 - 40 Jahre",143,73,70
"Schönau im Schwarzwald, Stadt","40 - 45 Jahre",173,87,86
"Schönau im Schwarzwald, Stadt","45 - 50 Jahre",190,96,94
"Schönau im Schwarzwald, Stadt","50 - 55 Jahre",184,99,85
"Schönau im Schwarzwald, Stadt","55 - 60 Jahre",158,72,86
"Schönau im Schwarzwald, Stadt","60 - 65 Jahre",135,71,64
"Schönau im Schwarzwald, Stadt","65 - 75 Jahre",273,126,147
"Schönau im Schwarzwald, Stadt","75 und mehr Jahre",215,90,125
"Schönau im Schwarzwald, Stadt","Insgesamt",2382,1154,1228
"Schönenberg","unter 3 Jahre",11,7,4
"Schönenberg","3 -  6 Jahre",6,2,4
"Schönenberg","6 - 10 Jahre",17,13,4
"Schönenberg","10 - 15 Jahre",24,12,12
"Schönenberg","15 - 18 Jahre",12,3,9
"Schönenberg","18 - 20 Jahre",8,3,5
"Schönenberg","20 - 25 Jahre",21,15,6
"Schönenberg","25 - 30 Jahre",6,3,3
"Schönenberg","30 - 35 Jahre",18,8,10
"Schönenberg","35 - 40 Jahre",26,13,13
"Schönenberg","40 - 45 Jahre",25,11,14
"Schönenberg","45 - 50 Jahre",38,21,17
"Schönenberg","50 - 55 Jahre",26,14,12
"Schönenberg","55 - 60 Jahre",11,4,7
"Schönenberg","60 - 65 Jahre",24,10,14
"Schönenberg","65 - 75 Jahre",44,25,19
"Schönenberg","75 und mehr Jahre",30,11,19
"Schönenberg","Insgesamt",347,175,172
"Schopfheim, Stadt","unter 3 Jahre",437,225,212
"Schopfheim, Stadt","3 -  6 Jahre",487,236,251
"Schopfheim, Stadt","6 - 10 Jahre",706,375,331
"Schopfheim, Stadt","10 - 15 Jahre",1092,543,549
"Schopfheim, Stadt","15 - 18 Jahre",729,348,381
"Schopfheim, Stadt","18 - 20 Jahre",506,256,250
"Schopfheim, Stadt","20 - 25 Jahre",1074,549,525
"Schopfheim, Stadt","25 - 30 Jahre",988,522,466
"Schopfheim, Stadt","30 - 35 Jahre",947,467,480
"Schopfheim, Stadt","35 - 40 Jahre",1087,517,570
"Schopfheim, Stadt","40 - 45 Jahre",1528,763,765
"Schopfheim, Stadt","45 - 50 Jahre",1805,897,908
"Schopfheim, Stadt","50 - 55 Jahre",1548,767,781
"Schopfheim, Stadt","55 - 60 Jahre",1326,649,677
"Schopfheim, Stadt","60 - 65 Jahre",1026,520,506
"Schopfheim, Stadt","65 - 75 Jahre",1947,918,1029
"Schopfheim, Stadt","75 und mehr Jahre",1707,658,1049
"Schopfheim, Stadt","Insgesamt",18940,9210,9730
"Schwörstadt","unter 3 Jahre",61,30,31
"Schwörstadt","3 -  6 Jahre",60,29,31
"Schwörstadt","6 - 10 Jahre",69,34,35
"Schwörstadt","10 - 15 Jahre",126,59,67
"Schwörstadt","15 - 18 Jahre",100,48,52
"Schwörstadt","18 - 20 Jahre",63,33,30
"Schwörstadt","20 - 25 Jahre",138,80,58
"Schwörstadt","25 - 30 Jahre",155,90,65
"Schwörstadt","30 - 35 Jahre",115,54,61
"Schwörstadt","35 - 40 Jahre",159,79,80
"Schwörstadt","40 - 45 Jahre",207,107,100
"Schwörstadt","45 - 50 Jahre",216,105,111
"Schwörstadt","50 - 55 Jahre",184,89,95
"Schwörstadt","55 - 60 Jahre",160,80,80
"Schwörstadt","60 - 65 Jahre",136,72,64
"Schwörstadt","65 - 75 Jahre",251,121,130
"Schwörstadt","75 und mehr Jahre",207,91,116
"Schwörstadt","Insgesamt",2407,1201,1206
"Steinen","unter 3 Jahre",263,138,125
"Steinen","3 -  6 Jahre",271,129,142
"Steinen","6 - 10 Jahre",379,205,174
"Steinen","10 - 15 Jahre",592,301,291
"Steinen","15 - 18 Jahre",357,189,168
"Steinen","18 - 20 Jahre",257,123,134
"Steinen","20 - 25 Jahre",553,303,250
"Steinen","25 - 30 Jahre",518,249,269
"Steinen","30 - 35 Jahre",480,245,235
"Steinen","35 - 40 Jahre",529,247,282
"Steinen","40 - 45 Jahre",906,424,482
"Steinen","45 - 50 Jahre",1013,504,509
"Steinen","50 - 55 Jahre",826,412,414
"Steinen","55 - 60 Jahre",702,353,349
"Steinen","60 - 65 Jahre",542,269,273
"Steinen","65 - 75 Jahre",1071,513,558
"Steinen","75 und mehr Jahre",884,348,536
"Steinen","Insgesamt",10143,4952,5191
"Todtnau, Stadt","unter 3 Jahre",96,58,38
"Todtnau, Stadt","3 -  6 Jahre",114,55,59
"Todtnau, Stadt","6 - 10 Jahre",171,78,93
"Todtnau, Stadt","10 - 15 Jahre",312,160,152
"Todtnau, Stadt","15 - 18 Jahre",190,105,85
"Todtnau, Stadt","18 - 20 Jahre",126,61,65
"Todtnau, Stadt","20 - 25 Jahre",247,129,118
"Todtnau, Stadt","25 - 30 Jahre",196,93,103
"Todtnau, Stadt","30 - 35 Jahre",225,98,127
"Todtnau, Stadt","35 - 40 Jahre",268,131,137
"Todtnau, Stadt","40 - 45 Jahre",405,208,197
"Todtnau, Stadt","45 - 50 Jahre",497,270,227
"Todtnau, Stadt","50 - 55 Jahre",338,171,167
"Todtnau, Stadt","55 - 60 Jahre",293,156,137
"Todtnau, Stadt","60 - 65 Jahre",263,119,144
"Todtnau, Stadt","65 - 75 Jahre",554,268,286
"Todtnau, Stadt","75 und mehr Jahre",584,243,341
"Todtnau, Stadt","Insgesamt",4879,2403,2476
"Tunau","unter 3 Jahre",5,2,3
"Tunau","3 -  6 Jahre",9,7,2
"Tunau","6 - 10 Jahre",8,4,4
"Tunau","10 - 15 Jahre",6,4,2
"Tunau","15 - 18 Jahre",4,2,2
"Tunau","18 - 20 Jahre",5,4,1
"Tunau","20 - 25 Jahre",11,7,4
"Tunau","25 - 30 Jahre",5,1,4
"Tunau","30 - 35 Jahre",6,3,3
"Tunau","35 - 40 Jahre",21,11,10
"Tunau","40 - 45 Jahre",15,6,9
"Tunau","45 - 50 Jahre",17,8,9
"Tunau","50 - 55 Jahre",15,8,7
"Tunau","55 - 60 Jahre",16,11,5
"Tunau","60 - 65 Jahre",10,8,2
"Tunau","65 - 75 Jahre",24,9,15
"Tunau","75 und mehr Jahre",14,5,9
"Tunau","Insgesamt",191,100,91
"Utzenfeld","unter 3 Jahre",11,6,5
"Utzenfeld","3 -  6 Jahre",18,11,7
"Utzenfeld","6 - 10 Jahre",18,5,13
"Utzenfeld","10 - 15 Jahre",33,18,15
"Utzenfeld","15 - 18 Jahre",27,13,14
"Utzenfeld","18 - 20 Jahre",20,10,10
"Utzenfeld","20 - 25 Jahre",35,19,16
"Utzenfeld","25 - 30 Jahre",41,27,14
"Utzenfeld","30 - 35 Jahre",33,14,19
"Utzenfeld","35 - 40 Jahre",27,14,13
"Utzenfeld","40 - 45 Jahre",33,22,11
"Utzenfeld","45 - 50 Jahre",61,29,32
"Utzenfeld","50 - 55 Jahre",67,38,29
"Utzenfeld","55 - 60 Jahre",41,22,19
"Utzenfeld","60 - 65 Jahre",24,15,9
"Utzenfeld","65 - 75 Jahre",87,40,47
"Utzenfeld","75 und mehr Jahre",61,26,35
"Utzenfeld","Insgesamt",637,329,308
"Weil am Rhein, Stadt","unter 3 Jahre",792,419,373
"Weil am Rhein, Stadt","3 -  6 Jahre",806,416,390
"Weil am Rhein, Stadt","6 - 10 Jahre",1156,592,564
"Weil am Rhein, Stadt","10 - 15 Jahre",1669,846,823
"Weil am Rhein, Stadt","15 - 18 Jahre",942,501,441
"Weil am Rhein, Stadt","18 - 20 Jahre",682,352,330
"Weil am Rhein, Stadt","20 - 25 Jahre",1739,875,864
"Weil am Rhein, Stadt","25 - 30 Jahre",1737,830,907
"Weil am Rhein, Stadt","30 - 35 Jahre",1724,793,931
"Weil am Rhein, Stadt","35 - 40 Jahre",1913,957,956
"Weil am Rhein, Stadt","40 - 45 Jahre",2499,1275,1224
"Weil am Rhein, Stadt","45 - 50 Jahre",2533,1279,1254
"Weil am Rhein, Stadt","50 - 55 Jahre",2202,1057,1145
"Weil am Rhein, Stadt","55 - 60 Jahre",1813,883,930
"Weil am Rhein, Stadt","60 - 65 Jahre",1636,780,856
"Weil am Rhein, Stadt","65 - 75 Jahre",3351,1582,1769
"Weil am Rhein, Stadt","75 und mehr Jahre",2724,1055,1669
"Weil am Rhein, Stadt","Insgesamt",29918,14492,15426
"Wembach","unter 3 Jahre",11,4,7
"Wembach","3 -  6 Jahre",8,4,4
"Wembach","6 - 10 Jahre",14,8,6
"Wembach","10 - 15 Jahre",19,12,7
"Wembach","15 - 18 Jahre",17,10,7
"Wembach","18 - 20 Jahre",5,4,1
"Wembach","20 - 25 Jahre",21,12,9
"Wembach","25 - 30 Jahre",13,9,4
"Wembach","30 - 35 Jahre",15,5,10
"Wembach","35 - 40 Jahre",28,14,14
"Wembach","40 - 45 Jahre",29,17,12
"Wembach","45 - 50 Jahre",17,8,9
"Wembach","50 - 55 Jahre",21,10,11
"Wembach","55 - 60 Jahre",24,13,11
"Wembach","60 - 65 Jahre",21,6,15
"Wembach","65 - 75 Jahre",30,14,16
"Wembach","75 und mehr Jahre",33,17,16
"Wembach","Insgesamt",326,167,159
"Wieden","unter 3 Jahre",18,9,9
"Wieden","3 -  6 Jahre",15,9,6
"Wieden","6 - 10 Jahre",27,13,14
"Wieden","10 - 15 Jahre",39,23,16
"Wieden","15 - 18 Jahre",22,6,16
"Wieden","18 - 20 Jahre",21,9,12
"Wieden","20 - 25 Jahre",43,24,19
"Wieden","25 - 30 Jahre",37,25,12
"Wieden","30 - 35 Jahre",19,13,6
"Wieden","35 - 40 Jahre",41,19,22
"Wieden","40 - 45 Jahre",39,17,22
"Wieden","45 - 50 Jahre",42,20,22
"Wieden","50 - 55 Jahre",40,17,23
"Wieden","55 - 60 Jahre",41,23,18
"Wieden","60 - 65 Jahre",31,12,19
"Wieden","65 - 75 Jahre",57,35,22
"Wieden","75 und mehr Jahre",32,14,18
"Wieden","Insgesamt",564,288,276
"Wittlingen","unter 3 Jahre",20,6,14
"Wittlingen","3 -  6 Jahre",32,16,16
"Wittlingen","6 - 10 Jahre",40,22,18
"Wittlingen","10 - 15 Jahre",82,46,36
"Wittlingen","15 - 18 Jahre",51,20,31
"Wittlingen","18 - 20 Jahre",29,14,15
"Wittlingen","20 - 25 Jahre",51,29,22
"Wittlingen","25 - 30 Jahre",59,29,30
"Wittlingen","30 - 35 Jahre",32,14,18
"Wittlingen","35 - 40 Jahre",59,26,33
"Wittlingen","40 - 45 Jahre",88,43,45
"Wittlingen","45 - 50 Jahre",105,45,60
"Wittlingen","50 - 55 Jahre",92,56,36
"Wittlingen","55 - 60 Jahre",64,42,22
"Wittlingen","60 - 65 Jahre",34,15,19
"Wittlingen","65 - 75 Jahre",63,24,39
"Wittlingen","75 und mehr Jahre",64,39,25
"Wittlingen","Insgesamt",965,486,479
"Zell im Wiesental, Stadt","unter 3 Jahre",176,82,94
"Zell im Wiesental, Stadt","3 -  6 Jahre",166,83,83
"Zell im Wiesental, Stadt","6 - 10 Jahre",236,120,116
"Zell im Wiesental, Stadt","10 - 15 Jahre",340,162,178
"Zell im Wiesental, Stadt","15 - 18 Jahre",219,115,104
"Zell im Wiesental, Stadt","18 - 20 Jahre",185,102,83
"Zell im Wiesental, Stadt","20 - 25 Jahre",402,207,195
"Zell im Wiesental, Stadt","25 - 30 Jahre",312,167,145
"Zell im Wiesental, Stadt","30 - 35 Jahre",298,153,145
"Zell im Wiesental, Stadt","35 - 40 Jahre",334,149,185
"Zell im Wiesental, Stadt","40 - 45 Jahre",477,247,230
"Zell im Wiesental, Stadt","45 - 50 Jahre",549,277,272
"Zell im Wiesental, Stadt","50 - 55 Jahre",455,239,216
"Zell im Wiesental, Stadt","55 - 60 Jahre",361,192,169
"Zell im Wiesental, Stadt","60 - 65 Jahre",294,154,140
"Zell im Wiesental, Stadt","65 - 75 Jahre",586,287,299
"Zell im Wiesental, Stadt","75 und mehr Jahre",547,204,343
"Zell im Wiesental, Stadt","Insgesamt",5937,2940,2997
"Malsburg-Marzell","unter 3 Jahre",28,12,16
"Malsburg-Marzell","3 -  6 Jahre",26,14,12
"Malsburg-Marzell","6 - 10 Jahre",59,37,22
"Malsburg-Marzell","10 - 15 Jahre",89,41,48
"Malsburg-Marzell","15 - 18 Jahre",79,47,32
"Malsburg-Marzell","18 - 20 Jahre",30,20,10
"Malsburg-Marzell","20 - 25 Jahre",88,52,36
"Malsburg-Marzell","25 - 30 Jahre",66,36,30
"Malsburg-Marzell","30 - 35 Jahre",65,24,41
"Malsburg-Marzell","35 - 40 Jahre",70,37,33
"Malsburg-Marzell","40 - 45 Jahre",113,52,61
"Malsburg-Marzell","45 - 50 Jahre",160,78,82
"Malsburg-Marzell","50 - 55 Jahre",129,68,61
"Malsburg-Marzell","55 - 60 Jahre",116,60,56
"Malsburg-Marzell","60 - 65 Jahre",76,38,38
"Malsburg-Marzell","65 - 75 Jahre",171,88,83
"Malsburg-Marzell","75 und mehr Jahre",142,59,83
"Malsburg-Marzell","Insgesamt",1507,763,744
"Grenzach-Wyhlen","unter 3 Jahre",341,177,164
"Grenzach-Wyhlen","3 -  6 Jahre",345,175,170
"Grenzach-Wyhlen","6 - 10 Jahre",493,250,243
"Grenzach-Wyhlen","10 - 15 Jahre",729,358,371
"Grenzach-Wyhlen","15 - 18 Jahre",463,247,216
"Grenzach-Wyhlen","18 - 20 Jahre",323,161,162
"Grenzach-Wyhlen","20 - 25 Jahre",724,392,332
"Grenzach-Wyhlen","25 - 30 Jahre",717,331,386
"Grenzach-Wyhlen","30 - 35 Jahre",794,380,414
"Grenzach-Wyhlen","35 - 40 Jahre",846,416,430
"Grenzach-Wyhlen","40 - 45 Jahre",1200,570,630
"Grenzach-Wyhlen","45 - 50 Jahre",1269,646,623
"Grenzach-Wyhlen","50 - 55 Jahre",1083,499,584
"Grenzach-Wyhlen","55 - 60 Jahre",902,460,442
"Grenzach-Wyhlen","60 - 65 Jahre",805,386,419
"Grenzach-Wyhlen","65 - 75 Jahre",1657,799,858
"Grenzach-Wyhlen","75 und mehr Jahre",1336,524,812
"Grenzach-Wyhlen","Insgesamt",14027,6771,7256
"Häg-Ehrsberg","unter 3 Jahre",25,9,16
"Häg-Ehrsberg","3 -  6 Jahre",27,8,19
"Häg-Ehrsberg","6 - 10 Jahre",35,20,15
"Häg-Ehrsberg","10 - 15 Jahre",55,32,23
"Häg-Ehrsberg","15 - 18 Jahre",41,25,16
"Häg-Ehrsberg","18 - 20 Jahre",20,10,10
"Häg-Ehrsberg","20 - 25 Jahre",50,23,27
"Häg-Ehrsberg","25 - 30 Jahre",62,42,20
"Häg-Ehrsberg","30 - 35 Jahre",54,32,22
"Häg-Ehrsberg","35 - 40 Jahre",49,30,19
"Häg-Ehrsberg","40 - 45 Jahre",74,41,33
"Häg-Ehrsberg","45 - 50 Jahre",80,56,24
"Häg-Ehrsberg","50 - 55 Jahre",71,28,43
"Häg-Ehrsberg","55 - 60 Jahre",71,44,27
"Häg-Ehrsberg","60 - 65 Jahre",33,15,18
"Häg-Ehrsberg","65 - 75 Jahre",65,25,40
"Häg-Ehrsberg","75 und mehr Jahre",77,35,42
"Häg-Ehrsberg","Insgesamt",889,475,414
"Kleines Wiesental","unter 3 Jahre",55,27,28
"Kleines Wiesental","3 -  6 Jahre",74,39,35
"Kleines Wiesental","6 - 10 Jahre",110,63,47
"Kleines Wiesental","10 - 15 Jahre",158,74,84
"Kleines Wiesental","15 - 18 Jahre",134,81,53
"Kleines Wiesental","18 - 20 Jahre",71,41,30
"Kleines Wiesental","20 - 25 Jahre",142,87,55
"Kleines Wiesental","25 - 30 Jahre",116,56,60
"Kleines Wiesental","30 - 35 Jahre",126,54,72
"Kleines Wiesental","35 - 40 Jahre",170,78,92
"Kleines Wiesental","40 - 45 Jahre",236,136,100
"Kleines Wiesental","45 - 50 Jahre",308,143,165
"Kleines Wiesental","50 - 55 Jahre",262,138,124
"Kleines Wiesental","55 - 60 Jahre",213,117,96
"Kleines Wiesental","60 - 65 Jahre",160,78,82
"Kleines Wiesental","65 - 75 Jahre",303,143,160
"Kleines Wiesental","75 und mehr Jahre",290,120,170
"Kleines Wiesental","Insgesamt",2928,1475,1453
"Landkreis Waldshut","unter 3 Jahre",4310,2175,2135
"Landkreis Waldshut","3 -  6 Jahre",4492,2270,2222
"Landkreis Waldshut","6 - 10 Jahre",6605,3443,3162
"Landkreis Waldshut","10 - 15 Jahre",9434,4823,4611
"Landkreis Waldshut","15 - 18 Jahre",5953,3098,2855
"Landkreis Waldshut","18 - 20 Jahre",4183,2181,2002
"Landkreis Waldshut","20 - 25 Jahre",9599,4972,4627
"Landkreis Waldshut","25 - 30 Jahre",9175,4594,4581
"Landkreis Waldshut","30 - 35 Jahre",8763,4323,4440
"Landkreis Waldshut","35 - 40 Jahre",9662,4716,4946
"Landkreis Waldshut","40 - 45 Jahre",13302,6619,6683
"Landkreis Waldshut","45 - 50 Jahre",14335,7249,7086
"Landkreis Waldshut","50 - 55 Jahre",12700,6420,6280
"Landkreis Waldshut","55 - 60 Jahre",10973,5457,5516
"Landkreis Waldshut","60 - 65 Jahre",9051,4528,4523
"Landkreis Waldshut","65 - 75 Jahre",17855,8519,9336
"Landkreis Waldshut","75 und mehr Jahre",15748,6174,9574
"Landkreis Waldshut","Insgesamt",166140,81561,84579
"Albbruck","unter 3 Jahre",218,116,102
"Albbruck","3 -  6 Jahre",227,121,106
"Albbruck","6 - 10 Jahre",309,160,149
"Albbruck","10 - 15 Jahre",423,217,206
"Albbruck","15 - 18 Jahre",274,140,134
"Albbruck","18 - 20 Jahre",223,127,96
"Albbruck","20 - 25 Jahre",501,273,228
"Albbruck","25 - 30 Jahre",457,270,187
"Albbruck","30 - 35 Jahre",381,182,199
"Albbruck","35 - 40 Jahre",383,189,194
"Albbruck","40 - 45 Jahre",546,257,289
"Albbruck","45 - 50 Jahre",648,330,318
"Albbruck","50 - 55 Jahre",590,301,289
"Albbruck","55 - 60 Jahre",452,215,237
"Albbruck","60 - 65 Jahre",345,186,159
"Albbruck","65 - 75 Jahre",652,305,347
"Albbruck","75 und mehr Jahre",647,258,389
"Albbruck","Insgesamt",7276,3647,3629
"Bernau im Schwarzwald","unter 3 Jahre",51,28,23
"Bernau im Schwarzwald","3 -  6 Jahre",40,21,19
"Bernau im Schwarzwald","6 - 10 Jahre",67,35,32
"Bernau im Schwarzwald","10 - 15 Jahre",104,49,55
"Bernau im Schwarzwald","15 - 18 Jahre",61,35,26
"Bernau im Schwarzwald","18 - 20 Jahre",43,25,18
"Bernau im Schwarzwald","20 - 25 Jahre",107,56,51
"Bernau im Schwarzwald","25 - 30 Jahre",90,46,44
"Bernau im Schwarzwald","30 - 35 Jahre",105,51,54
"Bernau im Schwarzwald","35 - 40 Jahre",88,39,49
"Bernau im Schwarzwald","40 - 45 Jahre",143,70,73
"Bernau im Schwarzwald","45 - 50 Jahre",167,87,80
"Bernau im Schwarzwald","50 - 55 Jahre",164,83,81
"Bernau im Schwarzwald","55 - 60 Jahre",143,64,79
"Bernau im Schwarzwald","60 - 65 Jahre",112,52,60
"Bernau im Schwarzwald","65 - 75 Jahre",232,116,116
"Bernau im Schwarzwald","75 und mehr Jahre",181,80,101
"Bernau im Schwarzwald","Insgesamt",1898,937,961
"Bonndorf im Schwarzwald, Stadt","unter 3 Jahre",182,96,86
"Bonndorf im Schwarzwald, Stadt","3 -  6 Jahre",198,106,92
"Bonndorf im Schwarzwald, Stadt","6 - 10 Jahre",278,148,130
"Bonndorf im Schwarzwald, Stadt","10 - 15 Jahre",448,249,199
"Bonndorf im Schwarzwald, Stadt","15 - 18 Jahre",280,145,135
"Bonndorf im Schwarzwald, Stadt","18 - 20 Jahre",193,102,91
"Bonndorf im Schwarzwald, Stadt","20 - 25 Jahre",431,215,216
"Bonndorf im Schwarzwald, Stadt","25 - 30 Jahre",357,180,177
"Bonndorf im Schwarzwald, Stadt","30 - 35 Jahre",359,172,187
"Bonndorf im Schwarzwald, Stadt","35 - 40 Jahre",394,204,190
"Bonndorf im Schwarzwald, Stadt","40 - 45 Jahre",591,300,291
"Bonndorf im Schwarzwald, Stadt","45 - 50 Jahre",614,311,303
"Bonndorf im Schwarzwald, Stadt","50 - 55 Jahre",488,244,244
"Bonndorf im Schwarzwald, Stadt","55 - 60 Jahre",433,217,216
"Bonndorf im Schwarzwald, Stadt","60 - 65 Jahre",340,172,168
"Bonndorf im Schwarzwald, Stadt","65 - 75 Jahre",676,323,353
"Bonndorf im Schwarzwald, Stadt","75 und mehr Jahre",586,225,361
"Bonndorf im Schwarzwald, Stadt","Insgesamt",6848,3409,3439
"Dachsberg (Südschwarzwald)","unter 3 Jahre",44,18,26
"Dachsberg (Südschwarzwald)","3 -  6 Jahre",23,11,12
"Dachsberg (Südschwarzwald)","6 - 10 Jahre",69,41,28
"Dachsberg (Südschwarzwald)","10 - 15 Jahre",100,54,46
"Dachsberg (Südschwarzwald)","15 - 18 Jahre",61,29,32
"Dachsberg (Südschwarzwald)","18 - 20 Jahre",37,24,13
"Dachsberg (Südschwarzwald)","20 - 25 Jahre",80,47,33
"Dachsberg (Südschwarzwald)","25 - 30 Jahre",63,32,31
"Dachsberg (Südschwarzwald)","30 - 35 Jahre",69,45,24
"Dachsberg (Südschwarzwald)","35 - 40 Jahre",48,21,27
"Dachsberg (Südschwarzwald)","40 - 45 Jahre",96,45,51
"Dachsberg (Südschwarzwald)","45 - 50 Jahre",137,65,72
"Dachsberg (Südschwarzwald)","50 - 55 Jahre",110,58,52
"Dachsberg (Südschwarzwald)","55 - 60 Jahre",93,53,40
"Dachsberg (Südschwarzwald)","60 - 65 Jahre",66,30,36
"Dachsberg (Südschwarzwald)","65 - 75 Jahre",152,61,91
"Dachsberg (Südschwarzwald)","75 und mehr Jahre",155,64,91
"Dachsberg (Südschwarzwald)","Insgesamt",1403,698,705
"Dettighofen","unter 3 Jahre",29,12,17
"Dettighofen","3 -  6 Jahre",30,17,13
"Dettighofen","6 - 10 Jahre",48,24,24
"Dettighofen","10 - 15 Jahre",70,38,32
"Dettighofen","15 - 18 Jahre",37,18,19
"Dettighofen","18 - 20 Jahre",31,15,16
"Dettighofen","20 - 25 Jahre",42,22,20
"Dettighofen","25 - 30 Jahre",56,23,33
"Dettighofen","30 - 35 Jahre",66,33,33
"Dettighofen","35 - 40 Jahre",63,30,33
"Dettighofen","40 - 45 Jahre",76,37,39
"Dettighofen","45 - 50 Jahre",103,55,48
"Dettighofen","50 - 55 Jahre",83,41,42
"Dettighofen","55 - 60 Jahre",88,48,40
"Dettighofen","60 - 65 Jahre",56,32,24
"Dettighofen","65 - 75 Jahre",105,43,62
"Dettighofen","75 und mehr Jahre",98,49,49
"Dettighofen","Insgesamt",1081,537,544
"Dogern","unter 3 Jahre",48,26,22
"Dogern","3 -  6 Jahre",67,29,38
"Dogern","6 - 10 Jahre",88,48,40
"Dogern","10 - 15 Jahre",119,61,58
"Dogern","15 - 18 Jahre",74,45,29
"Dogern","18 - 20 Jahre",48,21,27
"Dogern","20 - 25 Jahre",92,48,44
"Dogern","25 - 30 Jahre",107,54,53
"Dogern","30 - 35 Jahre",96,52,44
"Dogern","35 - 40 Jahre",112,50,62
"Dogern","40 - 45 Jahre",170,88,82
"Dogern","45 - 50 Jahre",186,89,97
"Dogern","50 - 55 Jahre",213,101,112
"Dogern","55 - 60 Jahre",187,95,92
"Dogern","60 - 65 Jahre",138,66,72
"Dogern","65 - 75 Jahre",288,134,154
"Dogern","75 und mehr Jahre",222,88,134
"Dogern","Insgesamt",2255,1095,1160
"Görwihl","unter 3 Jahre",121,58,63
"Görwihl","3 -  6 Jahre",108,49,59
"Görwihl","6 - 10 Jahre",187,91,96
"Görwihl","10 - 15 Jahre",248,125,123
"Görwihl","15 - 18 Jahre",172,90,82
"Görwihl","18 - 20 Jahre",140,72,68
"Görwihl","20 - 25 Jahre",288,142,146
"Görwihl","25 - 30 Jahre",241,117,124
"Görwihl","30 - 35 Jahre",225,124,101
"Görwihl","35 - 40 Jahre",212,104,108
"Görwihl","40 - 45 Jahre",378,185,193
"Görwihl","45 - 50 Jahre",405,226,179
"Görwihl","50 - 55 Jahre",347,174,173
"Görwihl","55 - 60 Jahre",273,130,143
"Görwihl","60 - 65 Jahre",238,120,118
"Görwihl","65 - 75 Jahre",415,198,217
"Görwihl","75 und mehr Jahre",345,120,225
"Görwihl","Insgesamt",4343,2125,2218
"Grafenhausen","unter 3 Jahre",53,22,31
"Grafenhausen","3 -  6 Jahre",56,30,26
"Grafenhausen","6 - 10 Jahre",99,50,49
"Grafenhausen","10 - 15 Jahre",161,82,79
"Grafenhausen","15 - 18 Jahre",88,42,46
"Grafenhausen","18 - 20 Jahre",60,37,23
"Grafenhausen","20 - 25 Jahre",105,61,44
"Grafenhausen","25 - 30 Jahre",129,68,61
"Grafenhausen","30 - 35 Jahre",108,47,61
"Grafenhausen","35 - 40 Jahre",131,57,74
"Grafenhausen","40 - 45 Jahre",170,93,77
"Grafenhausen","45 - 50 Jahre",202,100,102
"Grafenhausen","50 - 55 Jahre",156,74,82
"Grafenhausen","55 - 60 Jahre",148,77,71
"Grafenhausen","60 - 65 Jahre",120,64,56
"Grafenhausen","65 - 75 Jahre",240,113,127
"Grafenhausen","75 und mehr Jahre",208,82,126
"Grafenhausen","Insgesamt",2234,1099,1135
"Häusern","unter 3 Jahre",29,14,15
"Häusern","3 -  6 Jahre",22,10,12
"Häusern","6 - 10 Jahre",40,19,21
"Häusern","10 - 15 Jahre",71,38,33
"Häusern","15 - 18 Jahre",33,15,18
"Häusern","18 - 20 Jahre",28,12,16
"Häusern","20 - 25 Jahre",69,38,31
"Häusern","25 - 30 Jahre",69,33,36
"Häusern","30 - 35 Jahre",46,21,25
"Häusern","35 - 40 Jahre",68,34,34
"Häusern","40 - 45 Jahre",121,63,58
"Häusern","45 - 50 Jahre",92,35,57
"Häusern","50 - 55 Jahre",91,47,44
"Häusern","55 - 60 Jahre",86,46,40
"Häusern","60 - 65 Jahre",75,33,42
"Häusern","65 - 75 Jahre",163,74,89
"Häusern","75 und mehr Jahre",145,55,90
"Häusern","Insgesamt",1248,587,661
"Herrischried","unter 3 Jahre",54,23,31
"Herrischried","3 -  6 Jahre",55,31,24
"Herrischried","6 - 10 Jahre",86,54,32
"Herrischried","10 - 15 Jahre",165,78,87
"Herrischried","15 - 18 Jahre",103,61,42
"Herrischried","18 - 20 Jahre",64,32,32
"Herrischried","20 - 25 Jahre",143,81,62
"Herrischried","25 - 30 Jahre",112,67,45
"Herrischried","30 - 35 Jahre",103,55,48
"Herrischried","35 - 40 Jahre",115,53,62
"Herrischried","40 - 45 Jahre",205,105,100
"Herrischried","45 - 50 Jahre",236,127,109
"Herrischried","50 - 55 Jahre",225,117,108
"Herrischried","55 - 60 Jahre",163,87,76
"Herrischried","60 - 65 Jahre",142,66,76
"Herrischried","65 - 75 Jahre",339,169,170
"Herrischried","75 und mehr Jahre",433,179,254
"Herrischried","Insgesamt",2743,1385,1358
"Höchenschwand","unter 3 Jahre",49,25,24
"Höchenschwand","3 -  6 Jahre",67,41,26
"Höchenschwand","6 - 10 Jahre",89,47,42
"Höchenschwand","10 - 15 Jahre",113,45,68
"Höchenschwand","15 - 18 Jahre",87,57,30
"Höchenschwand","18 - 20 Jahre",68,43,25
"Höchenschwand","20 - 25 Jahre",125,69,56
"Höchenschwand","25 - 30 Jahre",120,57,63
"Höchenschwand","30 - 35 Jahre",99,52,47
"Höchenschwand","35 - 40 Jahre",130,56,74
"Höchenschwand","40 - 45 Jahre",220,102,118
"Höchenschwand","45 - 50 Jahre",231,114,117
"Höchenschwand","50 - 55 Jahre",195,99,96
"Höchenschwand","55 - 60 Jahre",160,82,78
"Höchenschwand","60 - 65 Jahre",140,63,77
"Höchenschwand","65 - 75 Jahre",368,165,203
"Höchenschwand","75 und mehr Jahre",305,121,184
"Höchenschwand","Insgesamt",2566,1238,1328
"Hohentengen am Hochrhein","unter 3 Jahre",93,56,37
"Hohentengen am Hochrhein","3 -  6 Jahre",90,40,50
"Hohentengen am Hochrhein","6 - 10 Jahre",172,98,74
"Hohentengen am Hochrhein","10 - 15 Jahre",221,110,111
"Hohentengen am Hochrhein","15 - 18 Jahre",124,66,58
"Hohentengen am Hochrhein","18 - 20 Jahre",102,53,49
"Hohentengen am Hochrhein","20 - 25 Jahre",179,98,81
"Hohentengen am Hochrhein","25 - 30 Jahre",183,93,90
"Hohentengen am Hochrhein","30 - 35 Jahre",245,121,124
"Hohentengen am Hochrhein","35 - 40 Jahre",206,94,112
"Hohentengen am Hochrhein","40 - 45 Jahre",326,144,182
"Hohentengen am Hochrhein","45 - 50 Jahre",288,171,117
"Hohentengen am Hochrhein","50 - 55 Jahre",331,174,157
"Hohentengen am Hochrhein","55 - 60 Jahre",236,116,120
"Hohentengen am Hochrhein","60 - 65 Jahre",199,96,103
"Hohentengen am Hochrhein","65 - 75 Jahre",357,175,182
"Hohentengen am Hochrhein","75 und mehr Jahre",292,130,162
"Hohentengen am Hochrhein","Insgesamt",3644,1835,1809
"Ibach","unter 3 Jahre",5,2,3
"Ibach","3 -  6 Jahre",6,1,5
"Ibach","6 - 10 Jahre",11,3,8
"Ibach","10 - 15 Jahre",19,7,12
"Ibach","15 - 18 Jahre",10,6,4
"Ibach","18 - 20 Jahre",11,6,5
"Ibach","20 - 25 Jahre",17,6,11
"Ibach","25 - 30 Jahre",10,4,6
"Ibach","30 - 35 Jahre",18,7,11
"Ibach","35 - 40 Jahre",17,12,5
"Ibach","40 - 45 Jahre",26,10,16
"Ibach","45 - 50 Jahre",46,18,28
"Ibach","50 - 55 Jahre",34,16,18
"Ibach","55 - 60 Jahre",35,18,17
"Ibach","60 - 65 Jahre",27,10,17
"Ibach","65 - 75 Jahre",53,30,23
"Ibach","75 und mehr Jahre",46,24,22
"Ibach","Insgesamt",391,180,211
"Jestetten","unter 3 Jahre",124,57,67
"Jestetten","3 -  6 Jahre",159,89,70
"Jestetten","6 - 10 Jahre",179,102,77
"Jestetten","10 - 15 Jahre",298,160,138
"Jestetten","15 - 18 Jahre",177,91,86
"Jestetten","18 - 20 Jahre",132,67,65
"Jestetten","20 - 25 Jahre",273,139,134
"Jestetten","25 - 30 Jahre",274,140,134
"Jestetten","30 - 35 Jahre",246,119,127
"Jestetten","35 - 40 Jahre",316,156,160
"Jestetten","40 - 45 Jahre",396,185,211
"Jestetten","45 - 50 Jahre",477,249,228
"Jestetten","50 - 55 Jahre",399,188,211
"Jestetten","55 - 60 Jahre",307,148,159
"Jestetten","60 - 65 Jahre",274,137,137
"Jestetten","65 - 75 Jahre",590,292,298
"Jestetten","75 und mehr Jahre",507,194,313
"Jestetten","Insgesamt",5128,2513,2615
"Klettgau","unter 3 Jahre",219,113,106
"Klettgau","3 -  6 Jahre",215,95,120
"Klettgau","6 - 10 Jahre",339,178,161
"Klettgau","10 - 15 Jahre",495,241,254
"Klettgau","15 - 18 Jahre",270,132,138
"Klettgau","18 - 20 Jahre",184,98,86
"Klettgau","20 - 25 Jahre",415,232,183
"Klettgau","25 - 30 Jahre",374,191,183
"Klettgau","30 - 35 Jahre",393,182,211
"Klettgau","35 - 40 Jahre",436,208,228
"Klettgau","40 - 45 Jahre",655,316,339
"Klettgau","45 - 50 Jahre",650,332,318
"Klettgau","50 - 55 Jahre",552,294,258
"Klettgau","55 - 60 Jahre",465,251,214
"Klettgau","60 - 65 Jahre",363,197,166
"Klettgau","65 - 75 Jahre",735,354,381
"Klettgau","75 und mehr Jahre",660,253,407
"Klettgau","Insgesamt",7420,3667,3753
"Lauchringen","unter 3 Jahre",194,101,93
"Lauchringen","3 -  6 Jahre",216,112,104
"Lauchringen","6 - 10 Jahre",314,160,154
"Lauchringen","10 - 15 Jahre",420,203,217
"Lauchringen","15 - 18 Jahre",281,140,141
"Lauchringen","18 - 20 Jahre",190,95,95
"Lauchringen","20 - 25 Jahre",427,208,219
"Lauchringen","25 - 30 Jahre",452,235,217
"Lauchringen","30 - 35 Jahre",442,226,216
"Lauchringen","35 - 40 Jahre",477,243,234
"Lauchringen","40 - 45 Jahre",599,284,315
"Lauchringen","45 - 50 Jahre",605,297,308
"Lauchringen","50 - 55 Jahre",577,302,275
"Lauchringen","55 - 60 Jahre",526,243,283
"Lauchringen","60 - 65 Jahre",433,215,218
"Lauchringen","65 - 75 Jahre",807,392,415
"Lauchringen","75 und mehr Jahre",592,239,353
"Lauchringen","Insgesamt",7552,3695,3857
"Laufenburg (Baden), Stadt","unter 3 Jahre",237,129,108
"Laufenburg (Baden), Stadt","3 -  6 Jahre",241,127,114
"Laufenburg (Baden), Stadt","6 - 10 Jahre",357,179,178
"Laufenburg (Baden), Stadt","10 - 15 Jahre",440,225,215
"Laufenburg (Baden), Stadt","15 - 18 Jahre",318,163,155
"Laufenburg (Baden), Stadt","18 - 20 Jahre",223,104,119
"Laufenburg (Baden), Stadt","20 - 25 Jahre",537,266,271
"Laufenburg (Baden), Stadt","25 - 30 Jahre",453,218,235
"Laufenburg (Baden), Stadt","30 - 35 Jahre",449,218,231
"Laufenburg (Baden), Stadt","35 - 40 Jahre",530,248,282
"Laufenburg (Baden), Stadt","40 - 45 Jahre",725,347,378
"Laufenburg (Baden), Stadt","45 - 50 Jahre",793,388,405
"Laufenburg (Baden), Stadt","50 - 55 Jahre",703,342,361
"Laufenburg (Baden), Stadt","55 - 60 Jahre",569,288,281
"Laufenburg (Baden), Stadt","60 - 65 Jahre",442,216,226
"Laufenburg (Baden), Stadt","65 - 75 Jahre",875,436,439
"Laufenburg (Baden), Stadt","75 und mehr Jahre",762,299,463
"Laufenburg (Baden), Stadt","Insgesamt",8654,4193,4461
"Lottstetten","unter 3 Jahre",57,27,30
"Lottstetten","3 -  6 Jahre",67,25,42
"Lottstetten","6 - 10 Jahre",102,51,51
"Lottstetten","10 - 15 Jahre",111,65,46
"Lottstetten","15 - 18 Jahre",90,39,51
"Lottstetten","18 - 20 Jahre",56,35,21
"Lottstetten","20 - 25 Jahre",80,49,31
"Lottstetten","25 - 30 Jahre",118,62,56
"Lottstetten","30 - 35 Jahre",109,67,42
"Lottstetten","35 - 40 Jahre",134,51,83
"Lottstetten","40 - 45 Jahre",195,117,78
"Lottstetten","45 - 50 Jahre",197,99,98
"Lottstetten","50 - 55 Jahre",170,95,75
"Lottstetten","55 - 60 Jahre",135,75,60
"Lottstetten","60 - 65 Jahre",104,50,54
"Lottstetten","65 - 75 Jahre",283,137,146
"Lottstetten","75 und mehr Jahre",153,55,98
"Lottstetten","Insgesamt",2161,1099,1062
"Murg","unter 3 Jahre",193,101,92
"Murg","3 -  6 Jahre",210,116,94
"Murg","6 - 10 Jahre",289,153,136
"Murg","10 - 15 Jahre",394,200,194
"Murg","15 - 18 Jahre",229,118,111
"Murg","18 - 20 Jahre",163,75,88
"Murg","20 - 25 Jahre",424,206,218
"Murg","25 - 30 Jahre",384,195,189
"Murg","30 - 35 Jahre",385,191,194
"Murg","35 - 40 Jahre",402,188,214
"Murg","40 - 45 Jahre",542,282,260
"Murg","45 - 50 Jahre",560,267,293
"Murg","50 - 55 Jahre",497,239,258
"Murg","55 - 60 Jahre",468,244,224
"Murg","60 - 65 Jahre",338,175,163
"Murg","65 - 75 Jahre",685,332,353
"Murg","75 und mehr Jahre",601,238,363
"Murg","Insgesamt",6764,3320,3444
"Rickenbach","unter 3 Jahre",86,49,37
"Rickenbach","3 -  6 Jahre",121,68,53
"Rickenbach","6 - 10 Jahre",151,84,67
"Rickenbach","10 - 15 Jahre",242,116,126
"Rickenbach","15 - 18 Jahre",138,73,65
"Rickenbach","18 - 20 Jahre",95,48,47
"Rickenbach","20 - 25 Jahre",225,124,101
"Rickenbach","25 - 30 Jahre",222,107,115
"Rickenbach","30 - 35 Jahre",213,107,106
"Rickenbach","35 - 40 Jahre",246,129,117
"Rickenbach","40 - 45 Jahre",291,147,144
"Rickenbach","45 - 50 Jahre",357,173,184
"Rickenbach","50 - 55 Jahre",288,143,145
"Rickenbach","55 - 60 Jahre",240,122,118
"Rickenbach","60 - 65 Jahre",208,114,94
"Rickenbach","65 - 75 Jahre",411,199,212
"Rickenbach","75 und mehr Jahre",334,139,195
"Rickenbach","Insgesamt",3868,1942,1926
"Bad Säckingen, Stadt","unter 3 Jahre",441,212,229
"Bad Säckingen, Stadt","3 -  6 Jahre",403,194,209
"Bad Säckingen, Stadt","6 - 10 Jahre",589,285,304
"Bad Säckingen, Stadt","10 - 15 Jahre",893,498,395
"Bad Säckingen, Stadt","15 - 18 Jahre",534,288,246
"Bad Säckingen, Stadt","18 - 20 Jahre",394,213,181
"Bad Säckingen, Stadt","20 - 25 Jahre",911,444,467
"Bad Säckingen, Stadt","25 - 30 Jahre",997,488,509
"Bad Säckingen, Stadt","30 - 35 Jahre",882,411,471
"Bad Säckingen, Stadt","35 - 40 Jahre",970,483,487
"Bad Säckingen, Stadt","40 - 45 Jahre",1343,677,666
"Bad Säckingen, Stadt","45 - 50 Jahre",1253,616,637
"Bad Säckingen, Stadt","50 - 55 Jahre",1215,603,612
"Bad Säckingen, Stadt","55 - 60 Jahre",1119,555,564
"Bad Säckingen, Stadt","60 - 65 Jahre",977,459,518
"Bad Säckingen, Stadt","65 - 75 Jahre",1969,893,1076
"Bad Säckingen, Stadt","75 und mehr Jahre",1875,687,1188
"Bad Säckingen, Stadt","Insgesamt",16765,8006,8759
"St. Blasien, Stadt","unter 3 Jahre",68,41,27
"St. Blasien, Stadt","3 -  6 Jahre",80,38,42
"St. Blasien, Stadt","6 - 10 Jahre",125,53,72
"St. Blasien, Stadt","10 - 15 Jahre",214,114,100
"St. Blasien, Stadt","15 - 18 Jahre",150,80,70
"St. Blasien, Stadt","18 - 20 Jahre",78,38,40
"St. Blasien, Stadt","20 - 25 Jahre",194,108,86
"St. Blasien, Stadt","25 - 30 Jahre",203,106,97
"St. Blasien, Stadt","30 - 35 Jahre",228,116,112
"St. Blasien, Stadt","35 - 40 Jahre",259,162,97
"St. Blasien, Stadt","40 - 45 Jahre",374,264,110
"St. Blasien, Stadt","45 - 50 Jahre",257,106,151
"St. Blasien, Stadt","50 - 55 Jahre",300,140,160
"St. Blasien, Stadt","55 - 60 Jahre",248,118,130
"St. Blasien, Stadt","60 - 65 Jahre",237,113,124
"St. Blasien, Stadt","65 - 75 Jahre",450,202,248
"St. Blasien, Stadt","75 und mehr Jahre",458,180,278
"St. Blasien, Stadt","Insgesamt",3923,1979,1944
"Stühlingen, Stadt","unter 3 Jahre",152,78,74
"Stühlingen, Stadt","3 -  6 Jahre",136,72,64
"Stühlingen, Stadt","6 - 10 Jahre",217,120,97
"Stühlingen, Stadt","10 - 15 Jahre",323,159,164
"Stühlingen, Stadt","15 - 18 Jahre",200,96,104
"Stühlingen, Stadt","18 - 20 Jahre",111,61,50
"Stühlingen, Stadt","20 - 25 Jahre",333,181,152
"Stühlingen, Stadt","25 - 30 Jahre",261,129,132
"Stühlingen, Stadt","30 - 35 Jahre",281,134,147
"Stühlingen, Stadt","35 - 40 Jahre",292,156,136
"Stühlingen, Stadt","40 - 45 Jahre",425,210,215
"Stühlingen, Stadt","45 - 50 Jahre",465,233,232
"Stühlingen, Stadt","50 - 55 Jahre",415,213,202
"Stühlingen, Stadt","55 - 60 Jahre",327,185,142
"Stühlingen, Stadt","60 - 65 Jahre",276,137,139
"Stühlingen, Stadt","65 - 75 Jahre",501,250,251
"Stühlingen, Stadt","75 und mehr Jahre",465,181,284
"Stühlingen, Stadt","Insgesamt",5180,2595,2585
"Todtmoos","unter 3 Jahre",53,27,26
"Todtmoos","3 -  6 Jahre",47,17,30
"Todtmoos","6 - 10 Jahre",56,27,29
"Todtmoos","10 - 15 Jahre",86,48,38
"Todtmoos","15 - 18 Jahre",48,25,23
"Todtmoos","18 - 20 Jahre",53,30,23
"Todtmoos","20 - 25 Jahre",137,72,65
"Todtmoos","25 - 30 Jahre",94,46,48
"Todtmoos","30 - 35 Jahre",88,41,47
"Todtmoos","35 - 40 Jahre",106,50,56
"Todtmoos","40 - 45 Jahre",136,65,71
"Todtmoos","45 - 50 Jahre",216,101,115
"Todtmoos","50 - 55 Jahre",164,90,74
"Todtmoos","55 - 60 Jahre",163,67,96
"Todtmoos","60 - 65 Jahre",150,88,62
"Todtmoos","65 - 75 Jahre",233,116,117
"Todtmoos","75 und mehr Jahre",184,68,116
"Todtmoos","Insgesamt",2014,978,1036
"Wehr, Stadt","unter 3 Jahre",308,150,158
"Wehr, Stadt","3 -  6 Jahre",314,158,156
"Wehr, Stadt","6 - 10 Jahre",445,220,225
"Wehr, Stadt","10 - 15 Jahre",675,339,336
"Wehr, Stadt","15 - 18 Jahre",473,245,228
"Wehr, Stadt","18 - 20 Jahre",301,145,156
"Wehr, Stadt","20 - 25 Jahre",781,380,401
"Wehr, Stadt","25 - 30 Jahre",637,307,330
"Wehr, Stadt","30 - 35 Jahre",667,324,343
"Wehr, Stadt","35 - 40 Jahre",782,365,417
"Wehr, Stadt","40 - 45 Jahre",998,484,514
"Wehr, Stadt","45 - 50 Jahre",1161,589,572
"Wehr, Stadt","50 - 55 Jahre",965,466,499
"Wehr, Stadt","55 - 60 Jahre",845,415,430
"Wehr, Stadt","60 - 65 Jahre",695,343,352
"Wehr, Stadt","65 - 75 Jahre",1497,695,802
"Wehr, Stadt","75 und mehr Jahre",1227,506,721
"Wehr, Stadt","Insgesamt",12771,6131,6640
"Weilheim","unter 3 Jahre",64,31,33
"Weilheim","3 -  6 Jahre",76,35,41
"Weilheim","6 - 10 Jahre",144,83,61
"Weilheim","10 - 15 Jahre",185,88,97
"Weilheim","15 - 18 Jahre",158,83,75
"Weilheim","18 - 20 Jahre",84,37,47
"Weilheim","20 - 25 Jahre",170,91,79
"Weilheim","25 - 30 Jahre",160,85,75
"Weilheim","30 - 35 Jahre",114,57,57
"Weilheim","35 - 40 Jahre",150,57,93
"Weilheim","40 - 45 Jahre",251,123,128
"Weilheim","45 - 50 Jahre",366,178,188
"Weilheim","50 - 55 Jahre",270,148,122
"Weilheim","55 - 60 Jahre",200,113,87
"Weilheim","60 - 65 Jahre",143,80,63
"Weilheim","65 - 75 Jahre",292,136,156
"Weilheim","75 und mehr Jahre",240,112,128
"Weilheim","Insgesamt",3067,1537,1530
"Wutöschingen","unter 3 Jahre",179,88,91
"Wutöschingen","3 -  6 Jahre",186,86,100
"Wutöschingen","6 - 10 Jahre",289,156,133
"Wutöschingen","10 - 15 Jahre",416,211,205
"Wutöschingen","15 - 18 Jahre",251,134,117
"Wutöschingen","18 - 20 Jahre",187,106,81
"Wutöschingen","20 - 25 Jahre",375,199,176
"Wutöschingen","25 - 30 Jahre",353,184,169
"Wutöschingen","30 - 35 Jahre",393,203,190
"Wutöschingen","35 - 40 Jahre",433,212,221
"Wutöschingen","40 - 45 Jahre",546,279,267
"Wutöschingen","45 - 50 Jahre",587,314,273
"Wutöschingen","50 - 55 Jahre",448,224,224
"Wutöschingen","55 - 60 Jahre",421,204,217
"Wutöschingen","60 - 65 Jahre",348,173,175
"Wutöschingen","65 - 75 Jahre",677,348,329
"Wutöschingen","75 und mehr Jahre",511,197,314
"Wutöschingen","Insgesamt",6600,3318,3282
"Eggingen","unter 3 Jahre",47,22,25
"Eggingen","3 -  6 Jahre",53,29,24
"Eggingen","6 - 10 Jahre",80,42,38
"Eggingen","10 - 15 Jahre",97,52,45
"Eggingen","15 - 18 Jahre",65,33,32
"Eggingen","18 - 20 Jahre",49,24,25
"Eggingen","20 - 25 Jahre",108,55,53
"Eggingen","25 - 30 Jahre",107,46,61
"Eggingen","30 - 35 Jahre",110,60,50
"Eggingen","35 - 40 Jahre",88,38,50
"Eggingen","40 - 45 Jahre",134,68,66
"Eggingen","45 - 50 Jahre",131,69,62
"Eggingen","50 - 55 Jahre",139,68,71
"Eggingen","55 - 60 Jahre",104,59,45
"Eggingen","60 - 65 Jahre",90,40,50
"Eggingen","65 - 75 Jahre",142,74,68
"Eggingen","75 und mehr Jahre",116,43,73
"Eggingen","Insgesamt",1660,822,838
"Küssaberg","unter 3 Jahre",146,69,77
"Küssaberg","3 -  6 Jahre",143,79,64
"Küssaberg","6 - 10 Jahre",206,103,103
"Küssaberg","10 - 15 Jahre",320,160,160
"Küssaberg","15 - 18 Jahre",172,91,81
"Küssaberg","18 - 20 Jahre",119,56,63
"Küssaberg","20 - 25 Jahre",276,150,126
"Küssaberg","25 - 30 Jahre",281,126,155
"Küssaberg","30 - 35 Jahre",296,143,153
"Küssaberg","35 - 40 Jahre",328,162,166
"Küssaberg","40 - 45 Jahre",508,249,259
"Küssaberg","45 - 50 Jahre",507,275,232
"Küssaberg","50 - 55 Jahre",439,230,209
"Küssaberg","55 - 60 Jahre",349,165,184
"Küssaberg","60 - 65 Jahre",310,138,172
"Küssaberg","65 - 75 Jahre",593,297,296
"Küssaberg","75 und mehr Jahre",475,191,284
"Küssaberg","Insgesamt",5468,2684,2784
"Waldshut-Tiengen, Stadt","unter 3 Jahre",598,296,302
"Waldshut-Tiengen, Stadt","3 -  6 Jahre",668,341,327
"Waldshut-Tiengen, Stadt","6 - 10 Jahre",896,474,422
"Waldshut-Tiengen, Stadt","10 - 15 Jahre",1157,581,576
"Waldshut-Tiengen, Stadt","15 - 18 Jahre",745,389,356
"Waldshut-Tiengen, Stadt","18 - 20 Jahre",540,290,250
"Waldshut-Tiengen, Stadt","20 - 25 Jahre",1387,713,674
"Waldshut-Tiengen, Stadt","25 - 30 Jahre",1473,713,760
"Waldshut-Tiengen, Stadt","30 - 35 Jahre",1281,620,661
"Waldshut-Tiengen, Stadt","35 - 40 Jahre",1386,686,700
"Waldshut-Tiengen, Stadt","40 - 45 Jahre",1639,789,850
"Waldshut-Tiengen, Stadt","45 - 50 Jahre",1841,949,892
"Waldshut-Tiengen, Stadt","50 - 55 Jahre",1664,842,822
"Waldshut-Tiengen, Stadt","55 - 60 Jahre",1598,762,836
"Waldshut-Tiengen, Stadt","60 - 65 Jahre",1318,678,640
"Waldshut-Tiengen, Stadt","65 - 75 Jahre",2354,1107,1247
"Waldshut-Tiengen, Stadt","75 und mehr Jahre",2314,849,1465
"Waldshut-Tiengen, Stadt","Insgesamt",22859,11079,11780
"Wutach","unter 3 Jahre",37,20,17
"Wutach","3 -  6 Jahre",41,21,20
"Wutach","6 - 10 Jahre",61,31,30
"Wutach","10 - 15 Jahre",89,36,53
"Wutach","15 - 18 Jahre",49,23,26
"Wutach","18 - 20 Jahre",29,13,16
"Wutach","20 - 25 Jahre",64,28,36
"Wutach","25 - 30 Jahre",64,35,29
"Wutach","30 - 35 Jahre",55,31,24
"Wutach","35 - 40 Jahre",78,39,39
"Wutach","40 - 45 Jahre",87,49,38
"Wutach","45 - 50 Jahre",115,61,54
"Wutach","50 - 55 Jahre",82,48,34
"Wutach","55 - 60 Jahre",68,34,34
"Wutach","60 - 65 Jahre",55,31,24
"Wutach","65 - 75 Jahre",122,58,64
"Wutach","75 und mehr Jahre",122,53,69
"Wutach","Insgesamt",1218,611,607
"Ühlingen-Birkendorf","unter 3 Jahre",131,68,63
"Ühlingen-Birkendorf","3 -  6 Jahre",127,61,66
"Ühlingen-Birkendorf","6 - 10 Jahre",223,124,99
"Ühlingen-Birkendorf","10 - 15 Jahre",317,174,143
"Ühlingen-Birkendorf","15 - 18 Jahre",201,106,95
"Ühlingen-Birkendorf","18 - 20 Jahre",147,77,70
"Ühlingen-Birkendorf","20 - 25 Jahre",303,171,132
"Ühlingen-Birkendorf","25 - 30 Jahre",274,137,137
"Ühlingen-Birkendorf","30 - 35 Jahre",211,111,100
"Ühlingen-Birkendorf","35 - 40 Jahre",282,140,142
"Ühlingen-Birkendorf","40 - 45 Jahre",390,185,205
"Ühlingen-Birkendorf","45 - 50 Jahre",442,225,217
"Ühlingen-Birkendorf","50 - 55 Jahre",386,216,170
"Ühlingen-Birkendorf","55 - 60 Jahre",324,161,163
"Ühlingen-Birkendorf","60 - 65 Jahre",292,154,138
"Ühlingen-Birkendorf","65 - 75 Jahre",599,295,304
"Ühlingen-Birkendorf","75 und mehr Jahre",489,215,274
"Ühlingen-Birkendorf","Insgesamt",5138,2620,2518
"Regierungsbezirk Tübingen","unter 3 Jahre",46680,23914,22766
"Regierungsbezirk Tübingen","3 -  6 Jahre",48617,24810,23807
"Regierungsbezirk Tübingen","6 - 10 Jahre",69931,36124,33807
"Regierungsbezirk Tübingen","10 - 15 Jahre",101100,51778,49322
"Regierungsbezirk Tübingen","15 - 18 Jahre",62829,32258,30571
"Regierungsbezirk Tübingen","18 - 20 Jahre",45139,23058,22081
"Regierungsbezirk Tübingen","20 - 25 Jahre",115661,58760,56901
"Regierungsbezirk Tübingen","25 - 30 Jahre",109167,55275,53892
"Regierungsbezirk Tübingen","30 - 35 Jahre",104435,52458,51977
"Regierungsbezirk Tübingen","35 - 40 Jahre",112382,56314,56068
"Regierungsbezirk Tübingen","40 - 45 Jahre",148535,75645,72890
"Regierungsbezirk Tübingen","45 - 50 Jahre",157613,80755,76858
"Regierungsbezirk Tübingen","50 - 55 Jahre",136929,69256,67673
"Regierungsbezirk Tübingen","55 - 60 Jahre",113918,56667,57251
"Regierungsbezirk Tübingen","60 - 65 Jahre",96539,48387,48152
"Regierungsbezirk Tübingen","65 - 75 Jahre",185351,88802,96549
"Regierungsbezirk Tübingen","75 und mehr Jahre",153132,58724,94408
"Regierungsbezirk Tübingen","Insgesamt",1807958,892985,914973
"Landkreis Reutlingen","unter 3 Jahre",7157,3688,3469
"Landkreis Reutlingen","3 -  6 Jahre",7499,3825,3674
"Landkreis Reutlingen","6 - 10 Jahre",10773,5624,5149
"Landkreis Reutlingen","10 - 15 Jahre",15444,7912,7532
"Landkreis Reutlingen","15 - 18 Jahre",9533,4939,4594
"Landkreis Reutlingen","18 - 20 Jahre",6857,3438,3419
"Landkreis Reutlingen","20 - 25 Jahre",16981,8548,8433
"Landkreis Reutlingen","25 - 30 Jahre",15940,8035,7905
"Landkreis Reutlingen","30 - 35 Jahre",15752,7740,8012
"Landkreis Reutlingen","35 - 40 Jahre",17669,8828,8841
"Landkreis Reutlingen","40 - 45 Jahre",23308,11816,11492
"Landkreis Reutlingen","45 - 50 Jahre",24624,12508,12116
"Landkreis Reutlingen","50 - 55 Jahre",21397,10847,10550
"Landkreis Reutlingen","55 - 60 Jahre",17794,8785,9009
"Landkreis Reutlingen","60 - 65 Jahre",14930,7357,7573
"Landkreis Reutlingen","65 - 75 Jahre",30007,14108,15899
"Landkreis Reutlingen","75 und mehr Jahre",25266,9745,15521
"Landkreis Reutlingen","Insgesamt",280931,137743,143188
"Dettingen an der Erms","unter 3 Jahre",258,147,111
"Dettingen an der Erms","3 -  6 Jahre",268,154,114
"Dettingen an der Erms","6 - 10 Jahre",383,185,198
"Dettingen an der Erms","10 - 15 Jahre",515,278,237
"Dettingen an der Erms","15 - 18 Jahre",316,157,159
"Dettingen an der Erms","18 - 20 Jahre",205,98,107
"Dettingen an der Erms","20 - 25 Jahre",518,283,235
"Dettingen an der Erms","25 - 30 Jahre",488,253,235
"Dettingen an der Erms","30 - 35 Jahre",533,264,269
"Dettingen an der Erms","35 - 40 Jahre",572,287,285
"Dettingen an der Erms","40 - 45 Jahre",800,386,414
"Dettingen an der Erms","45 - 50 Jahre",845,441,404
"Dettingen an der Erms","50 - 55 Jahre",698,366,332
"Dettingen an der Erms","55 - 60 Jahre",549,294,255
"Dettingen an der Erms","60 - 65 Jahre",473,238,235
"Dettingen an der Erms","65 - 75 Jahre",1017,491,526
"Dettingen an der Erms","75 und mehr Jahre",891,336,555
"Dettingen an der Erms","Insgesamt",9329,4658,4671
"Eningen unter Achalm","unter 3 Jahre",265,133,132
"Eningen unter Achalm","3 -  6 Jahre",282,127,155
"Eningen unter Achalm","6 - 10 Jahre",433,202,231
"Eningen unter Achalm","10 - 15 Jahre",614,311,303
"Eningen unter Achalm","15 - 18 Jahre",394,194,200
"Eningen unter Achalm","18 - 20 Jahre",225,123,102
"Eningen unter Achalm","20 - 25 Jahre",543,252,291
"Eningen unter Achalm","25 - 30 Jahre",644,341,303
"Eningen unter Achalm","30 - 35 Jahre",554,265,289
"Eningen unter Achalm","35 - 40 Jahre",698,345,353
"Eningen unter Achalm","40 - 45 Jahre",969,480,489
"Eningen unter Achalm","45 - 50 Jahre",1002,525,477
"Eningen unter Achalm","50 - 55 Jahre",838,441,397
"Eningen unter Achalm","55 - 60 Jahre",703,346,357
"Eningen unter Achalm","60 - 65 Jahre",628,295,333
"Eningen unter Achalm","65 - 75 Jahre",1245,594,651
"Eningen unter Achalm","75 und mehr Jahre",1032,408,624
"Eningen unter Achalm","Insgesamt",11069,5382,5687
"Gomadingen","unter 3 Jahre",55,27,28
"Gomadingen","3 -  6 Jahre",54,21,33
"Gomadingen","6 - 10 Jahre",81,46,35
"Gomadingen","10 - 15 Jahre",126,68,58
"Gomadingen","15 - 18 Jahre",96,50,46
"Gomadingen","18 - 20 Jahre",59,24,35
"Gomadingen","20 - 25 Jahre",119,56,63
"Gomadingen","25 - 30 Jahre",109,64,45
"Gomadingen","30 - 35 Jahre",102,35,67
"Gomadingen","35 - 40 Jahre",130,71,59
"Gomadingen","40 - 45 Jahre",192,94,98
"Gomadingen","45 - 50 Jahre",207,104,103
"Gomadingen","50 - 55 Jahre",191,109,82
"Gomadingen","55 - 60 Jahre",156,86,70
"Gomadingen","60 - 65 Jahre",111,62,49
"Gomadingen","65 - 75 Jahre",223,114,109
"Gomadingen","75 und mehr Jahre",182,75,107
"Gomadingen","Insgesamt",2193,1106,1087
"Grabenstetten","unter 3 Jahre",38,22,16
"Grabenstetten","3 -  6 Jahre",47,28,19
"Grabenstetten","6 - 10 Jahre",74,43,31
"Grabenstetten","10 - 15 Jahre",96,49,47
"Grabenstetten","15 - 18 Jahre",50,23,27
"Grabenstetten","18 - 20 Jahre",38,17,21
"Grabenstetten","20 - 25 Jahre",105,66,39
"Grabenstetten","25 - 30 Jahre",73,42,31
"Grabenstetten","30 - 35 Jahre",70,39,31
"Grabenstetten","35 - 40 Jahre",99,56,43
"Grabenstetten","40 - 45 Jahre",133,70,63
"Grabenstetten","45 - 50 Jahre",132,60,72
"Grabenstetten","50 - 55 Jahre",129,62,67
"Grabenstetten","55 - 60 Jahre",117,55,62
"Grabenstetten","60 - 65 Jahre",87,52,35
"Grabenstetten","65 - 75 Jahre",118,51,67
"Grabenstetten","75 und mehr Jahre",128,55,73
"Grabenstetten","Insgesamt",1534,790,744
"Grafenberg","unter 3 Jahre",63,37,26
"Grafenberg","3 -  6 Jahre",66,35,31
"Grafenberg","6 - 10 Jahre",104,51,53
"Grafenberg","10 - 15 Jahre",189,107,82
"Grafenberg","15 - 18 Jahre",83,45,38
"Grafenberg","18 - 20 Jahre",64,30,34
"Grafenberg","20 - 25 Jahre",156,90,66
"Grafenberg","25 - 30 Jahre",129,68,61
"Grafenberg","30 - 35 Jahre",143,65,78
"Grafenberg","35 - 40 Jahre",152,85,67
"Grafenberg","40 - 45 Jahre",263,131,132
"Grafenberg","45 - 50 Jahre",217,121,96
"Grafenberg","50 - 55 Jahre",209,106,103
"Grafenberg","55 - 60 Jahre",180,88,92
"Grafenberg","60 - 65 Jahre",152,76,76
"Grafenberg","65 - 75 Jahre",267,132,135
"Grafenberg","75 und mehr Jahre",177,79,98
"Grafenberg","Insgesamt",2614,1346,1268
"Hayingen, Stadt","unter 3 Jahre",59,38,21
"Hayingen, Stadt","3 -  6 Jahre",61,31,30
"Hayingen, Stadt","6 - 10 Jahre",79,45,34
"Hayingen, Stadt","10 - 15 Jahre",128,68,60
"Hayingen, Stadt","15 - 18 Jahre",74,45,29
"Hayingen, Stadt","18 - 20 Jahre",46,26,20
"Hayingen, Stadt","20 - 25 Jahre",124,69,55
"Hayingen, Stadt","25 - 30 Jahre",100,44,56
"Hayingen, Stadt","30 - 35 Jahre",130,62,68
"Hayingen, Stadt","35 - 40 Jahre",146,81,65
"Hayingen, Stadt","40 - 45 Jahre",170,92,78
"Hayingen, Stadt","45 - 50 Jahre",187,98,89
"Hayingen, Stadt","50 - 55 Jahre",143,78,65
"Hayingen, Stadt","55 - 60 Jahre",119,54,65
"Hayingen, Stadt","60 - 65 Jahre",121,64,57
"Hayingen, Stadt","65 - 75 Jahre",248,128,120
"Hayingen, Stadt","75 und mehr Jahre",192,92,100
"Hayingen, Stadt","Insgesamt",2127,1115,1012
"Hülben","unter 3 Jahre",85,40,45
"Hülben","3 -  6 Jahre",66,39,27
"Hülben","6 - 10 Jahre",116,63,53
"Hülben","10 - 15 Jahre",175,88,87
"Hülben","15 - 18 Jahre",105,55,50
"Hülben","18 - 20 Jahre",78,38,40
"Hülben","20 - 25 Jahre",158,72,86
"Hülben","25 - 30 Jahre",135,66,69
"Hülben","30 - 35 Jahre",124,69,55
"Hülben","35 - 40 Jahre",170,81,89
"Hülben","40 - 45 Jahre",229,119,110
"Hülben","45 - 50 Jahre",271,141,130
"Hülben","50 - 55 Jahre",205,95,110
"Hülben","55 - 60 Jahre",152,79,73
"Hülben","60 - 65 Jahre",158,79,79
"Hülben","65 - 75 Jahre",285,134,151
"Hülben","75 und mehr Jahre",314,106,208
"Hülben","Insgesamt",2826,1364,1462
"Mehrstetten","unter 3 Jahre",37,17,20
"Mehrstetten","3 -  6 Jahre",27,15,12
"Mehrstetten","6 - 10 Jahre",48,27,21
"Mehrstetten","10 - 15 Jahre",83,46,37
"Mehrstetten","15 - 18 Jahre",42,27,15
"Mehrstetten","18 - 20 Jahre",37,21,16
"Mehrstetten","20 - 25 Jahre",95,52,43
"Mehrstetten","25 - 30 Jahre",81,42,39
"Mehrstetten","30 - 35 Jahre",79,45,34
"Mehrstetten","35 - 40 Jahre",70,42,28
"Mehrstetten","40 - 45 Jahre",106,47,59
"Mehrstetten","45 - 50 Jahre",146,79,67
"Mehrstetten","50 - 55 Jahre",98,52,46
"Mehrstetten","55 - 60 Jahre",101,47,54
"Mehrstetten","60 - 65 Jahre",74,41,33
"Mehrstetten","65 - 75 Jahre",115,51,64
"Mehrstetten","75 und mehr Jahre",109,44,65
"Mehrstetten","Insgesamt",1348,695,653
"Metzingen, Stadt","unter 3 Jahre",559,276,283
"Metzingen, Stadt","3 -  6 Jahre",599,282,317
"Metzingen, Stadt","6 - 10 Jahre",868,453,415
"Metzingen, Stadt","10 - 15 Jahre",1138,564,574
"Metzingen, Stadt","15 - 18 Jahre",737,362,375
"Metzingen, Stadt","18 - 20 Jahre",517,250,267
"Metzingen, Stadt","20 - 25 Jahre",1281,633,648
"Metzingen, Stadt","25 - 30 Jahre",1290,615,675
"Metzingen, Stadt","30 - 35 Jahre",1309,643,666
"Metzingen, Stadt","35 - 40 Jahre",1431,703,728
"Metzingen, Stadt","40 - 45 Jahre",1701,836,865
"Metzingen, Stadt","45 - 50 Jahre",1803,944,859
"Metzingen, Stadt","50 - 55 Jahre",1601,771,830
"Metzingen, Stadt","55 - 60 Jahre",1347,636,711
"Metzingen, Stadt","60 - 65 Jahre",1153,565,588
"Metzingen, Stadt","65 - 75 Jahre",2450,1128,1322
"Metzingen, Stadt","75 und mehr Jahre",2251,873,1378
"Metzingen, Stadt","Insgesamt",22035,10534,11501
"Münsingen, Stadt","unter 3 Jahre",370,177,193
"Münsingen, Stadt","3 -  6 Jahre",423,225,198
"Münsingen, Stadt","6 - 10 Jahre",648,358,290
"Münsingen, Stadt","10 - 15 Jahre",850,406,444
"Münsingen, Stadt","15 - 18 Jahre",548,271,277
"Münsingen, Stadt","18 - 20 Jahre",386,187,199
"Münsingen, Stadt","20 - 25 Jahre",875,456,419
"Münsingen, Stadt","25 - 30 Jahre",806,446,360
"Münsingen, Stadt","30 - 35 Jahre",733,386,347
"Münsingen, Stadt","35 - 40 Jahre",874,420,454
"Münsingen, Stadt","40 - 45 Jahre",1171,621,550
"Münsingen, Stadt","45 - 50 Jahre",1303,658,645
"Münsingen, Stadt","50 - 55 Jahre",1097,552,545
"Münsingen, Stadt","55 - 60 Jahre",916,458,458
"Münsingen, Stadt","60 - 65 Jahre",734,357,377
"Münsingen, Stadt","65 - 75 Jahre",1501,704,797
"Münsingen, Stadt","75 und mehr Jahre",1256,430,826
"Münsingen, Stadt","Insgesamt",14491,7112,7379
"Pfronstetten","unter 3 Jahre",42,19,23
"Pfronstetten","3 -  6 Jahre",55,26,29
"Pfronstetten","6 - 10 Jahre",65,37,28
"Pfronstetten","10 - 15 Jahre",95,55,40
"Pfronstetten","15 - 18 Jahre",59,35,24
"Pfronstetten","18 - 20 Jahre",51,31,20
"Pfronstetten","20 - 25 Jahre",94,57,37
"Pfronstetten","25 - 30 Jahre",78,45,33
"Pfronstetten","30 - 35 Jahre",68,26,42
"Pfronstetten","35 - 40 Jahre",103,53,50
"Pfronstetten","40 - 45 Jahre",133,63,70
"Pfronstetten","45 - 50 Jahre",135,76,59
"Pfronstetten","50 - 55 Jahre",105,59,46
"Pfronstetten","55 - 60 Jahre",106,59,47
"Pfronstetten","60 - 65 Jahre",65,36,29
"Pfronstetten","65 - 75 Jahre",138,69,69
"Pfronstetten","75 und mehr Jahre",148,66,82
"Pfronstetten","Insgesamt",1540,812,728
"Pfullingen, Stadt","unter 3 Jahre",486,229,257
"Pfullingen, Stadt","3 -  6 Jahre",536,269,267
"Pfullingen, Stadt","6 - 10 Jahre",739,393,346
"Pfullingen, Stadt","10 - 15 Jahre",1074,533,541
"Pfullingen, Stadt","15 - 18 Jahre",609,307,302
"Pfullingen, Stadt","18 - 20 Jahre",435,205,230
"Pfullingen, Stadt","20 - 25 Jahre",1087,529,558
"Pfullingen, Stadt","25 - 30 Jahre",1044,506,538
"Pfullingen, Stadt","30 - 35 Jahre",1039,491,548
"Pfullingen, Stadt","35 - 40 Jahre",1088,539,549
"Pfullingen, Stadt","40 - 45 Jahre",1509,772,737
"Pfullingen, Stadt","45 - 50 Jahre",1654,854,800
"Pfullingen, Stadt","50 - 55 Jahre",1454,725,729
"Pfullingen, Stadt","55 - 60 Jahre",1109,520,589
"Pfullingen, Stadt","60 - 65 Jahre",972,463,509
"Pfullingen, Stadt","65 - 75 Jahre",2111,985,1126
"Pfullingen, Stadt","75 und mehr Jahre",1729,681,1048
"Pfullingen, Stadt","Insgesamt",18675,9001,9674
"Pliezhausen","unter 3 Jahre",245,129,116
"Pliezhausen","3 -  6 Jahre",273,126,147
"Pliezhausen","6 - 10 Jahre",347,190,157
"Pliezhausen","10 - 15 Jahre",621,325,296
"Pliezhausen","15 - 18 Jahre",330,176,154
"Pliezhausen","18 - 20 Jahre",251,120,131
"Pliezhausen","20 - 25 Jahre",491,265,226
"Pliezhausen","25 - 30 Jahre",459,237,222
"Pliezhausen","30 - 35 Jahre",472,236,236
"Pliezhausen","35 - 40 Jahre",579,268,311
"Pliezhausen","40 - 45 Jahre",853,410,443
"Pliezhausen","45 - 50 Jahre",939,463,476
"Pliezhausen","50 - 55 Jahre",728,372,356
"Pliezhausen","55 - 60 Jahre",556,282,274
"Pliezhausen","60 - 65 Jahre",536,265,271
"Pliezhausen","65 - 75 Jahre",986,491,495
"Pliezhausen","75 und mehr Jahre",663,262,401
"Pliezhausen","Insgesamt",9329,4617,4712
"Reutlingen, Stadt","unter 3 Jahre",2872,1499,1373
"Reutlingen, Stadt","3 -  6 Jahre",2833,1456,1377
"Reutlingen, Stadt","6 - 10 Jahre",4040,2131,1909
"Reutlingen, Stadt","10 - 15 Jahre",5579,2859,2720
"Reutlingen, Stadt","15 - 18 Jahre",3466,1833,1633
"Reutlingen, Stadt","18 - 20 Jahre",2706,1348,1358
"Reutlingen, Stadt","20 - 25 Jahre",7205,3545,3660
"Reutlingen, Stadt","25 - 30 Jahre",6964,3494,3470
"Reutlingen, Stadt","30 - 35 Jahre",6850,3340,3510
"Reutlingen, Stadt","35 - 40 Jahre",7379,3724,3655
"Reutlingen, Stadt","40 - 45 Jahre",9295,4764,4531
"Reutlingen, Stadt","45 - 50 Jahre",9602,4792,4810
"Reutlingen, Stadt","50 - 55 Jahre",8427,4222,4205
"Reutlingen, Stadt","55 - 60 Jahre",7119,3484,3635
"Reutlingen, Stadt","60 - 65 Jahre",5924,2843,3081
"Reutlingen, Stadt","65 - 75 Jahre",12118,5636,6482
"Reutlingen, Stadt","75 und mehr Jahre",10105,3849,6256
"Reutlingen, Stadt","Insgesamt",112484,54819,57665
"Riederich","unter 3 Jahre",99,51,48
"Riederich","3 -  6 Jahre",122,65,57
"Riederich","6 - 10 Jahre",154,73,81
"Riederich","10 - 15 Jahre",231,117,114
"Riederich","15 - 18 Jahre",132,63,69
"Riederich","18 - 20 Jahre",76,36,40
"Riederich","20 - 25 Jahre",257,130,127
"Riederich","25 - 30 Jahre",254,127,127
"Riederich","30 - 35 Jahre",247,121,126
"Riederich","35 - 40 Jahre",259,130,129
"Riederich","40 - 45 Jahre",374,202,172
"Riederich","45 - 50 Jahre",351,172,179
"Riederich","50 - 55 Jahre",343,177,166
"Riederich","55 - 60 Jahre",280,125,155
"Riederich","60 - 65 Jahre",258,135,123
"Riederich","65 - 75 Jahre",485,227,258
"Riederich","75 und mehr Jahre",321,138,183
"Riederich","Insgesamt",4243,2089,2154
"Trochtelfingen, Stadt","unter 3 Jahre",161,86,75
"Trochtelfingen, Stadt","3 -  6 Jahre",151,78,73
"Trochtelfingen, Stadt","6 - 10 Jahre",241,118,123
"Trochtelfingen, Stadt","10 - 15 Jahre",404,216,188
"Trochtelfingen, Stadt","15 - 18 Jahre",287,154,133
"Trochtelfingen, Stadt","18 - 20 Jahre",175,92,83
"Trochtelfingen, Stadt","20 - 25 Jahre",407,213,194
"Trochtelfingen, Stadt","25 - 30 Jahre",274,125,149
"Trochtelfingen, Stadt","30 - 35 Jahre",359,185,174
"Trochtelfingen, Stadt","35 - 40 Jahre",368,186,182
"Trochtelfingen, Stadt","40 - 45 Jahre",560,299,261
"Trochtelfingen, Stadt","45 - 50 Jahre",561,289,272
"Trochtelfingen, Stadt","50 - 55 Jahre",533,282,251
"Trochtelfingen, Stadt","55 - 60 Jahre",426,218,208
"Trochtelfingen, Stadt","60 - 65 Jahre",354,171,183
"Trochtelfingen, Stadt","65 - 75 Jahre",638,324,314
"Trochtelfingen, Stadt","75 und mehr Jahre",547,194,353
"Trochtelfingen, Stadt","Insgesamt",6446,3230,3216
"Bad Urach, Stadt","unter 3 Jahre",293,152,141
"Bad Urach, Stadt","3 -  6 Jahre",291,138,153
"Bad Urach, Stadt","6 - 10 Jahre",436,234,202
"Bad Urach, Stadt","10 - 15 Jahre",650,344,306
"Bad Urach, Stadt","15 - 18 Jahre",422,224,198
"Bad Urach, Stadt","18 - 20 Jahre",303,153,150
"Bad Urach, Stadt","20 - 25 Jahre",775,400,375
"Bad Urach, Stadt","25 - 30 Jahre",660,336,324
"Bad Urach, Stadt","30 - 35 Jahre",621,308,313
"Bad Urach, Stadt","35 - 40 Jahre",695,336,359
"Bad Urach, Stadt","40 - 45 Jahre",976,518,458
"Bad Urach, Stadt","45 - 50 Jahre",1062,528,534
"Bad Urach, Stadt","50 - 55 Jahre",952,494,458
"Bad Urach, Stadt","55 - 60 Jahre",828,395,433
"Bad Urach, Stadt","60 - 65 Jahre",691,365,326
"Bad Urach, Stadt","65 - 75 Jahre",1431,659,772
"Bad Urach, Stadt","75 und mehr Jahre",1231,476,755
"Bad Urach, Stadt","Insgesamt",12317,6060,6257
"Wannweil","unter 3 Jahre",108,58,50
"Wannweil","3 -  6 Jahre",148,78,70
"Wannweil","6 - 10 Jahre",199,104,95
"Wannweil","10 - 15 Jahre",307,161,146
"Wannweil","15 - 18 Jahre",183,103,80
"Wannweil","18 - 20 Jahre",127,56,71
"Wannweil","20 - 25 Jahre",258,120,138
"Wannweil","25 - 30 Jahre",255,132,123
"Wannweil","30 - 35 Jahre",243,105,138
"Wannweil","35 - 40 Jahre",357,189,168
"Wannweil","40 - 45 Jahre",441,233,208
"Wannweil","45 - 50 Jahre",456,215,241
"Wannweil","50 - 55 Jahre",422,216,206
"Wannweil","55 - 60 Jahre",341,179,162
"Wannweil","60 - 65 Jahre",272,134,138
"Wannweil","65 - 75 Jahre",540,260,280
"Wannweil","75 und mehr Jahre",492,185,307
"Wannweil","Insgesamt",5149,2528,2621
"Zwiefalten","unter 3 Jahre",51,21,30
"Zwiefalten","3 -  6 Jahre",58,31,27
"Zwiefalten","6 - 10 Jahre",84,48,36
"Zwiefalten","10 - 15 Jahre",116,61,55
"Zwiefalten","15 - 18 Jahre",70,39,31
"Zwiefalten","18 - 20 Jahre",53,31,22
"Zwiefalten","20 - 25 Jahre",115,60,55
"Zwiefalten","25 - 30 Jahre",106,63,43
"Zwiefalten","30 - 35 Jahre",110,65,45
"Zwiefalten","35 - 40 Jahre",125,62,63
"Zwiefalten","40 - 45 Jahre",151,76,75
"Zwiefalten","45 - 50 Jahre",198,117,81
"Zwiefalten","50 - 55 Jahre",156,84,72
"Zwiefalten","55 - 60 Jahre",157,83,74
"Zwiefalten","60 - 65 Jahre",116,72,44
"Zwiefalten","65 - 75 Jahre",204,95,109
"Zwiefalten","75 und mehr Jahre",197,73,124
"Zwiefalten","Insgesamt",2067,1081,986
"Gutsbezirk Münsingen","unter 3 Jahre",3,2,1
"Gutsbezirk Münsingen","3 -  6 Jahre",2,1,1
"Gutsbezirk Münsingen","6 - 10 Jahre",0,0,0
"Gutsbezirk Münsingen","10 - 15 Jahre",0,0,0
"Gutsbezirk Münsingen","15 - 18 Jahre",0,0,0
"Gutsbezirk Münsingen","18 - 20 Jahre",0,0,0
"Gutsbezirk Münsingen","20 - 25 Jahre",9,5,4
"Gutsbezirk Münsingen","25 - 30 Jahre",9,4,5
"Gutsbezirk Münsingen","30 - 35 Jahre",10,3,7
"Gutsbezirk Münsingen","35 - 40 Jahre",13,6,7
"Gutsbezirk Münsingen","40 - 45 Jahre",16,7,9
"Gutsbezirk Münsingen","45 - 50 Jahre",23,15,8
"Gutsbezirk Münsingen","50 - 55 Jahre",20,10,10
"Gutsbezirk Münsingen","55 - 60 Jahre",6,3,3
"Gutsbezirk Münsingen","60 - 65 Jahre",15,7,8
"Gutsbezirk Münsingen","65 - 75 Jahre",16,7,9
"Gutsbezirk Münsingen","75 und mehr Jahre",18,13,5
"Gutsbezirk Münsingen","Insgesamt",160,83,77
"Walddorfhäslach","unter 3 Jahre",133,68,65
"Walddorfhäslach","3 -  6 Jahre",127,67,60
"Walddorfhäslach","6 - 10 Jahre",182,95,87
"Walddorfhäslach","10 - 15 Jahre",305,152,153
"Walddorfhäslach","15 - 18 Jahre",204,104,100
"Walddorfhäslach","18 - 20 Jahre",131,67,64
"Walddorfhäslach","20 - 25 Jahre",312,163,149
"Walddorfhäslach","25 - 30 Jahre",275,140,135
"Walddorfhäslach","30 - 35 Jahre",294,137,157
"Walddorfhäslach","35 - 40 Jahre",283,133,150
"Walddorfhäslach","40 - 45 Jahre",431,203,228
"Walddorfhäslach","45 - 50 Jahre",467,244,223
"Walddorfhäslach","50 - 55 Jahre",389,198,191
"Walddorfhäslach","55 - 60 Jahre",334,170,164
"Walddorfhäslach","60 - 65 Jahre",255,130,125
"Walddorfhäslach","65 - 75 Jahre",405,196,209
"Walddorfhäslach","75 und mehr Jahre",322,137,185
"Walddorfhäslach","Insgesamt",4849,2404,2445
"Römerstein","unter 3 Jahre",102,59,43
"Römerstein","3 -  6 Jahre",118,71,47
"Römerstein","6 - 10 Jahre",174,71,103
"Römerstein","10 - 15 Jahre",285,152,133
"Römerstein","15 - 18 Jahre",171,77,94
"Römerstein","18 - 20 Jahre",101,57,44
"Römerstein","20 - 25 Jahre",215,103,112
"Römerstein","25 - 30 Jahre",183,92,91
"Römerstein","30 - 35 Jahre",186,95,91
"Römerstein","35 - 40 Jahre",247,127,120
"Römerstein","40 - 45 Jahre",346,168,178
"Römerstein","45 - 50 Jahre",329,163,166
"Römerstein","50 - 55 Jahre",272,152,120
"Römerstein","55 - 60 Jahre",237,127,110
"Römerstein","60 - 65 Jahre",223,114,109
"Römerstein","65 - 75 Jahre",401,184,217
"Römerstein","75 und mehr Jahre",321,131,190
"Römerstein","Insgesamt",3911,1943,1968
"Engstingen","unter 3 Jahre",117,60,57
"Engstingen","3 -  6 Jahre",147,73,74
"Engstingen","6 - 10 Jahre",255,136,119
"Engstingen","10 - 15 Jahre",375,185,190
"Engstingen","15 - 18 Jahre",214,103,111
"Engstingen","18 - 20 Jahre",150,81,69
"Engstingen","20 - 25 Jahre",345,174,171
"Engstingen","25 - 30 Jahre",267,123,144
"Engstingen","30 - 35 Jahre",224,110,114
"Engstingen","35 - 40 Jahre",295,152,143
"Engstingen","40 - 45 Jahre",440,230,210
"Engstingen","45 - 50 Jahre",503,262,241
"Engstingen","50 - 55 Jahre",430,214,216
"Engstingen","55 - 60 Jahre",330,168,162
"Engstingen","60 - 65 Jahre",262,136,126
"Engstingen","65 - 75 Jahre",492,233,259
"Engstingen","75 und mehr Jahre",460,182,278
"Engstingen","Insgesamt",5306,2622,2684
"Hohenstein","unter 3 Jahre",100,51,49
"Hohenstein","3 -  6 Jahre",133,67,66
"Hohenstein","6 - 10 Jahre",178,87,91
"Hohenstein","10 - 15 Jahre",280,143,137
"Hohenstein","15 - 18 Jahre",173,94,79
"Hohenstein","18 - 20 Jahre",105,60,45
"Hohenstein","20 - 25 Jahre",193,111,82
"Hohenstein","25 - 30 Jahre",181,85,96
"Hohenstein","30 - 35 Jahre",207,108,99
"Hohenstein","35 - 40 Jahre",261,115,146
"Hohenstein","40 - 45 Jahre",323,160,163
"Hohenstein","45 - 50 Jahre",325,177,148
"Hohenstein","50 - 55 Jahre",284,137,147
"Hohenstein","55 - 60 Jahre",200,92,108
"Hohenstein","60 - 65 Jahre",181,102,79
"Hohenstein","65 - 75 Jahre",328,148,180
"Hohenstein","75 und mehr Jahre",288,122,166
"Hohenstein","Insgesamt",3740,1859,1881
"Sonnenbühl","unter 3 Jahre",188,106,82
"Sonnenbühl","3 -  6 Jahre",211,116,95
"Sonnenbühl","6 - 10 Jahre",321,173,148
"Sonnenbühl","10 - 15 Jahre",449,230,219
"Sonnenbühl","15 - 18 Jahre",275,129,146
"Sonnenbühl","18 - 20 Jahre",174,87,87
"Sonnenbühl","20 - 25 Jahre",405,217,188
"Sonnenbühl","25 - 30 Jahre",354,174,180
"Sonnenbühl","30 - 35 Jahre",314,176,138
"Sonnenbühl","35 - 40 Jahre",468,223,245
"Sonnenbühl","40 - 45 Jahre",615,303,312
"Sonnenbühl","45 - 50 Jahre",674,352,322
"Sonnenbühl","50 - 55 Jahre",522,270,252
"Sonnenbühl","55 - 60 Jahre",446,234,212
"Sonnenbühl","60 - 65 Jahre",390,196,194
"Sonnenbühl","65 - 75 Jahre",690,347,343
"Sonnenbühl","75 und mehr Jahre",549,210,339
"Sonnenbühl","Insgesamt",7045,3543,3502
"Lichtenstein","unter 3 Jahre",244,122,122
"Lichtenstein","3 -  6 Jahre",270,146,124
"Lichtenstein","6 - 10 Jahre",313,159,154
"Lichtenstein","10 - 15 Jahre",470,246,224
"Lichtenstein","15 - 18 Jahre",307,170,137
"Lichtenstein","18 - 20 Jahre",237,133,104
"Lichtenstein","20 - 25 Jahre",534,255,279
"Lichtenstein","25 - 30 Jahre",483,251,232
"Lichtenstein","30 - 35 Jahre",485,236,249
"Lichtenstein","35 - 40 Jahre",532,275,257
"Lichtenstein","40 - 45 Jahre",671,311,360
"Lichtenstein","45 - 50 Jahre",747,370,377
"Lichtenstein","50 - 55 Jahre",719,386,333
"Lichtenstein","55 - 60 Jahre",633,313,320
"Lichtenstein","60 - 65 Jahre",455,229,226
"Lichtenstein","65 - 75 Jahre",1007,465,542
"Lichtenstein","75 und mehr Jahre",843,317,526
"Lichtenstein","Insgesamt",8950,4384,4566
"St. Johann","unter 3 Jahre",124,62,62
"St. Johann","3 -  6 Jahre",131,60,71
"St. Johann","6 - 10 Jahre",211,102,109
"St. Johann","10 - 15 Jahre",289,148,141
"St. Johann","15 - 18 Jahre",186,99,87
"St. Johann","18 - 20 Jahre",127,67,60
"St. Johann","20 - 25 Jahre",305,172,133
"St. Johann","25 - 30 Jahre",239,120,119
"St. Johann","30 - 35 Jahre",246,125,121
"St. Johann","35 - 40 Jahre",275,139,136
"St. Johann","40 - 45 Jahre",440,221,219
"St. Johann","45 - 50 Jahre",485,248,237
"St. Johann","50 - 55 Jahre",432,217,215
"St. Johann","55 - 60 Jahre",346,190,156
"St. Johann","60 - 65 Jahre",270,130,140
"St. Johann","65 - 75 Jahre",548,255,293
"St. Johann","75 und mehr Jahre",500,211,289
"St. Johann","Insgesamt",5154,2566,2588
"Landkreis Tübingen","unter 3 Jahre",5669,2869,2800
"Landkreis Tübingen","3 -  6 Jahre",5814,2983,2831
"Landkreis Tübingen","6 - 10 Jahre",8215,4216,3999
"Landkreis Tübingen","10 - 15 Jahre",11481,5925,5556
"Landkreis Tübingen","15 - 18 Jahre",6997,3579,3418
"Landkreis Tübingen","18 - 20 Jahre",5282,2593,2689
"Landkreis Tübingen","20 - 25 Jahre",18382,8421,9961
"Landkreis Tübingen","25 - 30 Jahre",17052,8362,8690
"Landkreis Tübingen","30 - 35 Jahre",13496,6808,6688
"Landkreis Tübingen","35 - 40 Jahre",12908,6329,6579
"Landkreis Tübingen","40 - 45 Jahre",17711,8907,8804
"Landkreis Tübingen","45 - 50 Jahre",21108,10817,10291
"Landkreis Tübingen","50 - 55 Jahre",18138,9412,8726
"Landkreis Tübingen","55 - 60 Jahre",13797,6944,6853
"Landkreis Tübingen","60 - 65 Jahre",10657,5497,5160
"Landkreis Tübingen","65 - 75 Jahre",19117,9197,9920
"Landkreis Tübingen","75 und mehr Jahre",15480,5835,9645
"Landkreis Tübingen","Insgesamt",221304,108694,112610
"Bodelshausen","unter 3 Jahre",137,71,66
"Bodelshausen","3 -  6 Jahre",184,95,89
"Bodelshausen","6 - 10 Jahre",245,129,116
"Bodelshausen","10 - 15 Jahre",307,162,145
"Bodelshausen","15 - 18 Jahre",200,107,93
"Bodelshausen","18 - 20 Jahre",120,64,56
"Bodelshausen","20 - 25 Jahre",343,184,159
"Bodelshausen","25 - 30 Jahre",322,164,158
"Bodelshausen","30 - 35 Jahre",364,176,188
"Bodelshausen","35 - 40 Jahre",367,180,187
"Bodelshausen","40 - 45 Jahre",471,230,241
"Bodelshausen","45 - 50 Jahre",454,241,213
"Bodelshausen","50 - 55 Jahre",430,225,205
"Bodelshausen","55 - 60 Jahre",393,178,215
"Bodelshausen","60 - 65 Jahre",324,171,153
"Bodelshausen","65 - 75 Jahre",603,289,314
"Bodelshausen","75 und mehr Jahre",471,191,280
"Bodelshausen","Insgesamt",5735,2857,2878
"Dettenhausen","unter 3 Jahre",141,69,72
"Dettenhausen","3 -  6 Jahre",154,80,74
"Dettenhausen","6 - 10 Jahre",230,122,108
"Dettenhausen","10 - 15 Jahre",296,154,142
"Dettenhausen","15 - 18 Jahre",182,99,83
"Dettenhausen","18 - 20 Jahre",145,76,69
"Dettenhausen","20 - 25 Jahre",303,161,142
"Dettenhausen","25 - 30 Jahre",315,178,137
"Dettenhausen","30 - 35 Jahre",292,138,154
"Dettenhausen","35 - 40 Jahre",343,152,191
"Dettenhausen","40 - 45 Jahre",455,248,207
"Dettenhausen","45 - 50 Jahre",489,234,255
"Dettenhausen","50 - 55 Jahre",452,232,220
"Dettenhausen","55 - 60 Jahre",342,173,169
"Dettenhausen","60 - 65 Jahre",308,150,158
"Dettenhausen","65 - 75 Jahre",622,290,332
"Dettenhausen","75 und mehr Jahre",377,149,228
"Dettenhausen","Insgesamt",5446,2705,2741
"Dußlingen","unter 3 Jahre",172,89,83
"Dußlingen","3 -  6 Jahre",177,101,76
"Dußlingen","6 - 10 Jahre",255,129,126
"Dußlingen","10 - 15 Jahre",360,179,181
"Dußlingen","15 - 18 Jahre",215,110,105
"Dußlingen","18 - 20 Jahre",142,81,61
"Dußlingen","20 - 25 Jahre",342,192,150
"Dußlingen","25 - 30 Jahre",308,145,163
"Dußlingen","30 - 35 Jahre",342,171,171
"Dußlingen","35 - 40 Jahre",335,171,164
"Dußlingen","40 - 45 Jahre",477,258,219
"Dußlingen","45 - 50 Jahre",511,258,253
"Dußlingen","50 - 55 Jahre",438,232,206
"Dußlingen","55 - 60 Jahre",303,150,153
"Dußlingen","60 - 65 Jahre",241,127,114
"Dußlingen","65 - 75 Jahre",486,218,268
"Dußlingen","75 und mehr Jahre",467,176,291
"Dußlingen","Insgesamt",5571,2787,2784
"Gomaringen","unter 3 Jahre",228,126,102
"Gomaringen","3 -  6 Jahre",242,127,115
"Gomaringen","6 - 10 Jahre",397,207,190
"Gomaringen","10 - 15 Jahre",555,280,275
"Gomaringen","15 - 18 Jahre",317,172,145
"Gomaringen","18 - 20 Jahre",194,101,93
"Gomaringen","20 - 25 Jahre",501,246,255
"Gomaringen","25 - 30 Jahre",493,242,251
"Gomaringen","30 - 35 Jahre",465,230,235
"Gomaringen","35 - 40 Jahre",519,250,269
"Gomaringen","40 - 45 Jahre",774,372,402
"Gomaringen","45 - 50 Jahre",806,411,395
"Gomaringen","50 - 55 Jahre",692,354,338
"Gomaringen","55 - 60 Jahre",494,230,264
"Gomaringen","60 - 65 Jahre",432,227,205
"Gomaringen","65 - 75 Jahre",837,405,432
"Gomaringen","75 und mehr Jahre",652,247,405
"Gomaringen","Insgesamt",8598,4227,4371
"Hirrlingen","unter 3 Jahre",68,39,29
"Hirrlingen","3 -  6 Jahre",75,37,38
"Hirrlingen","6 - 10 Jahre",99,48,51
"Hirrlingen","10 - 15 Jahre",222,130,92
"Hirrlingen","15 - 18 Jahre",133,65,68
"Hirrlingen","18 - 20 Jahre",95,44,51
"Hirrlingen","20 - 25 Jahre",199,105,94
"Hirrlingen","25 - 30 Jahre",170,84,86
"Hirrlingen","30 - 35 Jahre",150,78,72
"Hirrlingen","35 - 40 Jahre",164,81,83
"Hirrlingen","40 - 45 Jahre",229,109,120
"Hirrlingen","45 - 50 Jahre",310,177,133
"Hirrlingen","50 - 55 Jahre",243,124,119
"Hirrlingen","55 - 60 Jahre",202,100,102
"Hirrlingen","60 - 65 Jahre",139,77,62
"Hirrlingen","65 - 75 Jahre",221,106,115
"Hirrlingen","75 und mehr Jahre",223,88,135
"Hirrlingen","Insgesamt",2942,1492,1450
"Kirchentellinsfurt","unter 3 Jahre",162,91,71
"Kirchentellinsfurt","3 -  6 Jahre",183,92,91
"Kirchentellinsfurt","6 - 10 Jahre",235,105,130
"Kirchentellinsfurt","10 - 15 Jahre",306,149,157
"Kirchentellinsfurt","15 - 18 Jahre",158,78,80
"Kirchentellinsfurt","18 - 20 Jahre",143,74,69
"Kirchentellinsfurt","20 - 25 Jahre",311,159,152
"Kirchentellinsfurt","25 - 30 Jahre",367,181,186
"Kirchentellinsfurt","30 - 35 Jahre",341,181,160
"Kirchentellinsfurt","35 - 40 Jahre",359,172,187
"Kirchentellinsfurt","40 - 45 Jahre",482,251,231
"Kirchentellinsfurt","45 - 50 Jahre",507,266,241
"Kirchentellinsfurt","50 - 55 Jahre",451,212,239
"Kirchentellinsfurt","55 - 60 Jahre",377,198,179
"Kirchentellinsfurt","60 - 65 Jahre",292,147,145
"Kirchentellinsfurt","65 - 75 Jahre",513,248,265
"Kirchentellinsfurt","75 und mehr Jahre",405,153,252
"Kirchentellinsfurt","Insgesamt",5592,2757,2835
"Kusterdingen","unter 3 Jahre",228,116,112
"Kusterdingen","3 -  6 Jahre",235,126,109
"Kusterdingen","6 - 10 Jahre",359,185,174
"Kusterdingen","10 - 15 Jahre",459,230,229
"Kusterdingen","15 - 18 Jahre",335,175,160
"Kusterdingen","18 - 20 Jahre",201,102,99
"Kusterdingen","20 - 25 Jahre",462,222,240
"Kusterdingen","25 - 30 Jahre",475,236,239
"Kusterdingen","30 - 35 Jahre",470,224,246
"Kusterdingen","35 - 40 Jahre",502,241,261
"Kusterdingen","40 - 45 Jahre",757,383,374
"Kusterdingen","45 - 50 Jahre",796,385,411
"Kusterdingen","50 - 55 Jahre",656,354,302
"Kusterdingen","55 - 60 Jahre",534,287,247
"Kusterdingen","60 - 65 Jahre",405,204,201
"Kusterdingen","65 - 75 Jahre",792,379,413
"Kusterdingen","75 und mehr Jahre",579,235,344
"Kusterdingen","Insgesamt",8245,4084,4161
"Mössingen, Stadt","unter 3 Jahre",535,269,266
"Mössingen, Stadt","3 -  6 Jahre",581,286,295
"Mössingen, Stadt","6 - 10 Jahre",810,423,387
"Mössingen, Stadt","10 - 15 Jahre",1244,653,591
"Mössingen, Stadt","15 - 18 Jahre",730,378,352
"Mössingen, Stadt","18 - 20 Jahre",526,276,250
"Mössingen, Stadt","20 - 25 Jahre",1246,633,613
"Mössingen, Stadt","25 - 30 Jahre",1105,558,547
"Mössingen, Stadt","30 - 35 Jahre",1071,518,553
"Mössingen, Stadt","35 - 40 Jahre",1250,584,666
"Mössingen, Stadt","40 - 45 Jahre",1596,782,814
"Mössingen, Stadt","45 - 50 Jahre",1732,873,859
"Mössingen, Stadt","50 - 55 Jahre",1567,805,762
"Mössingen, Stadt","55 - 60 Jahre",1327,629,698
"Mössingen, Stadt","60 - 65 Jahre",1066,539,527
"Mössingen, Stadt","65 - 75 Jahre",1997,969,1028
"Mössingen, Stadt","75 und mehr Jahre",1656,634,1022
"Mössingen, Stadt","Insgesamt",20039,9809,10230
"Nehren","unter 3 Jahre",130,62,68
"Nehren","3 -  6 Jahre",137,71,66
"Nehren","6 - 10 Jahre",200,110,90
"Nehren","10 - 15 Jahre",238,124,114
"Nehren","15 - 18 Jahre",145,69,76
"Nehren","18 - 20 Jahre",98,53,45
"Nehren","20 - 25 Jahre",239,128,111
"Nehren","25 - 30 Jahre",214,107,107
"Nehren","30 - 35 Jahre",280,126,154
"Nehren","35 - 40 Jahre",306,137,169
"Nehren","40 - 45 Jahre",386,193,193
"Nehren","45 - 50 Jahre",353,182,171
"Nehren","50 - 55 Jahre",333,147,186
"Nehren","55 - 60 Jahre",296,145,151
"Nehren","60 - 65 Jahre",248,127,121
"Nehren","65 - 75 Jahre",365,177,188
"Nehren","75 und mehr Jahre",304,115,189
"Nehren","Insgesamt",4272,2073,2199
"Ofterdingen","unter 3 Jahre",129,62,67
"Ofterdingen","3 -  6 Jahre",135,69,66
"Ofterdingen","6 - 10 Jahre",208,104,104
"Ofterdingen","10 - 15 Jahre",271,149,122
"Ofterdingen","15 - 18 Jahre",152,73,79
"Ofterdingen","18 - 20 Jahre",107,48,59
"Ofterdingen","20 - 25 Jahre",229,110,119
"Ofterdingen","25 - 30 Jahre",245,127,118
"Ofterdingen","30 - 35 Jahre",284,142,142
"Ofterdingen","35 - 40 Jahre",306,152,154
"Ofterdingen","40 - 45 Jahre",392,189,203
"Ofterdingen","45 - 50 Jahre",431,237,194
"Ofterdingen","50 - 55 Jahre",325,162,163
"Ofterdingen","55 - 60 Jahre",296,150,146
"Ofterdingen","60 - 65 Jahre",260,133,127
"Ofterdingen","65 - 75 Jahre",415,205,210
"Ofterdingen","75 und mehr Jahre",370,156,214
"Ofterdingen","Insgesamt",4555,2268,2287
"Rottenburg am Neckar, Stadt","unter 3 Jahre",1079,532,547
"Rottenburg am Neckar, Stadt","3 -  6 Jahre",1161,585,576
"Rottenburg am Neckar, Stadt","6 - 10 Jahre",1714,894,820
"Rottenburg am Neckar, Stadt","10 - 15 Jahre",2473,1262,1211
"Rottenburg am Neckar, Stadt","15 - 18 Jahre",1575,779,796
"Rottenburg am Neckar, Stadt","18 - 20 Jahre",1143,602,541
"Rottenburg am Neckar, Stadt","20 - 25 Jahre",2799,1445,1354
"Rottenburg am Neckar, Stadt","25 - 30 Jahre",2435,1294,1141
"Rottenburg am Neckar, Stadt","30 - 35 Jahre",2353,1181,1172
"Rottenburg am Neckar, Stadt","35 - 40 Jahre",2522,1272,1250
"Rottenburg am Neckar, Stadt","40 - 45 Jahre",3468,1720,1748
"Rottenburg am Neckar, Stadt","45 - 50 Jahre",4069,2180,1889
"Rottenburg am Neckar, Stadt","50 - 55 Jahre",3597,1896,1701
"Rottenburg am Neckar, Stadt","55 - 60 Jahre",2848,1454,1394
"Rottenburg am Neckar, Stadt","60 - 65 Jahre",2099,1080,1019
"Rottenburg am Neckar, Stadt","65 - 75 Jahre",4098,2056,2042
"Rottenburg am Neckar, Stadt","75 und mehr Jahre",3068,1171,1897
"Rottenburg am Neckar, Stadt","Insgesamt",42501,21403,21098
"Tübingen, Universitätsstadt","unter 3 Jahre",2124,1062,1062
"Tübingen, Universitätsstadt","3 -  6 Jahre",1972,1026,946
"Tübingen, Universitätsstadt","6 - 10 Jahre",2621,1322,1299
"Tübingen, Universitätsstadt","10 - 15 Jahre",3390,1756,1634
"Tübingen, Universitätsstadt","15 - 18 Jahre",2078,1059,1019
"Tübingen, Universitätsstadt","18 - 20 Jahre",1891,829,1062
"Tübingen, Universitätsstadt","20 - 25 Jahre",10179,4202,5977
"Tübingen, Universitätsstadt","25 - 30 Jahre",9541,4510,5031
"Tübingen, Universitätsstadt","30 - 35 Jahre",6047,3129,2918
"Tübingen, Universitätsstadt","35 - 40 Jahre",4724,2331,2393
"Tübingen, Universitätsstadt","40 - 45 Jahre",6500,3350,3150
"Tübingen, Universitätsstadt","45 - 50 Jahre",8777,4444,4333
"Tübingen, Universitätsstadt","50 - 55 Jahre",7357,3837,3520
"Tübingen, Universitätsstadt","55 - 60 Jahre",5159,2637,2522
"Tübingen, Universitätsstadt","60 - 65 Jahre",3939,2035,1904
"Tübingen, Universitätsstadt","65 - 75 Jahre",6521,3060,3461
"Tübingen, Universitätsstadt","75 und mehr Jahre",5538,2008,3530
"Tübingen, Universitätsstadt","Insgesamt",88358,42597,45761
"Ammerbuch","unter 3 Jahre",326,180,146
"Ammerbuch","3 -  6 Jahre",346,185,161
"Ammerbuch","6 - 10 Jahre",477,257,220
"Ammerbuch","10 - 15 Jahre",810,424,386
"Ammerbuch","15 - 18 Jahre",446,248,198
"Ammerbuch","18 - 20 Jahre",287,141,146
"Ammerbuch","20 - 25 Jahre",716,363,353
"Ammerbuch","25 - 30 Jahre",648,311,337
"Ammerbuch","30 - 35 Jahre",648,328,320
"Ammerbuch","35 - 40 Jahre",686,335,351
"Ammerbuch","40 - 45 Jahre",986,463,523
"Ammerbuch","45 - 50 Jahre",1076,549,527
"Ammerbuch","50 - 55 Jahre",931,483,448
"Ammerbuch","55 - 60 Jahre",719,337,382
"Ammerbuch","60 - 65 Jahre",586,311,275
"Ammerbuch","65 - 75 Jahre",1052,507,545
"Ammerbuch","75 und mehr Jahre",793,307,486
"Ammerbuch","Insgesamt",11533,5729,5804
"Neustetten","unter 3 Jahre",96,45,51
"Neustetten","3 -  6 Jahre",108,51,57
"Neustetten","6 - 10 Jahre",174,89,85
"Neustetten","10 - 15 Jahre",235,120,115
"Neustetten","15 - 18 Jahre",154,77,77
"Neustetten","18 - 20 Jahre",85,42,43
"Neustetten","20 - 25 Jahre",232,123,109
"Neustetten","25 - 30 Jahre",210,126,84
"Neustetten","30 - 35 Jahre",194,89,105
"Neustetten","35 - 40 Jahre",229,117,112
"Neustetten","40 - 45 Jahre",319,161,158
"Neustetten","45 - 50 Jahre",326,149,177
"Neustetten","50 - 55 Jahre",288,149,139
"Neustetten","55 - 60 Jahre",226,127,99
"Neustetten","60 - 65 Jahre",160,77,83
"Neustetten","65 - 75 Jahre",233,113,120
"Neustetten","75 und mehr Jahre",209,74,135
"Neustetten","Insgesamt",3478,1729,1749
"Starzach","unter 3 Jahre",114,56,58
"Starzach","3 -  6 Jahre",124,52,72
"Starzach","6 - 10 Jahre",191,92,99
"Starzach","10 - 15 Jahre",315,153,162
"Starzach","15 - 18 Jahre",177,90,87
"Starzach","18 - 20 Jahre",105,60,45
"Starzach","20 - 25 Jahre",281,148,133
"Starzach","25 - 30 Jahre",204,99,105
"Starzach","30 - 35 Jahre",195,97,98
"Starzach","35 - 40 Jahre",296,154,142
"Starzach","40 - 45 Jahre",419,198,221
"Starzach","45 - 50 Jahre",471,231,240
"Starzach","50 - 55 Jahre",378,200,178
"Starzach","55 - 60 Jahre",281,149,132
"Starzach","60 - 65 Jahre",158,92,66
"Starzach","65 - 75 Jahre",362,175,187
"Starzach","75 und mehr Jahre",368,131,237
"Starzach","Insgesamt",4439,2177,2262
"Landkreis Zollernalbkreis","unter 3 Jahre",4367,2253,2114
"Landkreis Zollernalbkreis","3 -  6 Jahre",4812,2431,2381
"Landkreis Zollernalbkreis","6 - 10 Jahre",6964,3631,3333
"Landkreis Zollernalbkreis","10 - 15 Jahre",10073,5232,4841
"Landkreis Zollernalbkreis","15 - 18 Jahre",6826,3474,3352
"Landkreis Zollernalbkreis","18 - 20 Jahre",4673,2396,2277
"Landkreis Zollernalbkreis","20 - 25 Jahre",11193,5980,5213
"Landkreis Zollernalbkreis","25 - 30 Jahre",10027,5195,4832
"Landkreis Zollernalbkreis","30 - 35 Jahre",9682,4889,4793
"Landkreis Zollernalbkreis","35 - 40 Jahre",11182,5610,5572
"Landkreis Zollernalbkreis","40 - 45 Jahre",14912,7570,7342
"Landkreis Zollernalbkreis","45 - 50 Jahre",16630,8491,8139
"Landkreis Zollernalbkreis","50 - 55 Jahre",14766,7495,7271
"Landkreis Zollernalbkreis","55 - 60 Jahre",12567,6215,6352
"Landkreis Zollernalbkreis","60 - 65 Jahre",10615,5311,5304
"Landkreis Zollernalbkreis","65 - 75 Jahre",20775,9764,11011
"Landkreis Zollernalbkreis","75 und mehr Jahre",18329,6893,11436
"Landkreis Zollernalbkreis","Insgesamt",188393,92830,95563
"Balingen, Stadt","unter 3 Jahre",770,398,372
"Balingen, Stadt","3 -  6 Jahre",871,427,444
"Balingen, Stadt","6 - 10 Jahre",1262,648,614
"Balingen, Stadt","10 - 15 Jahre",1746,925,821
"Balingen, Stadt","15 - 18 Jahre",1105,575,530
"Balingen, Stadt","18 - 20 Jahre",793,427,366
"Balingen, Stadt","20 - 25 Jahre",1913,1041,872
"Balingen, Stadt","25 - 30 Jahre",1824,901,923
"Balingen, Stadt","30 - 35 Jahre",1824,907,917
"Balingen, Stadt","35 - 40 Jahre",2009,1047,962
"Balingen, Stadt","40 - 45 Jahre",2615,1270,1345
"Balingen, Stadt","45 - 50 Jahre",2899,1468,1431
"Balingen, Stadt","50 - 55 Jahre",2635,1269,1366
"Balingen, Stadt","55 - 60 Jahre",2273,1115,1158
"Balingen, Stadt","60 - 65 Jahre",1957,951,1006
"Balingen, Stadt","65 - 75 Jahre",3984,1849,2135
"Balingen, Stadt","75 und mehr Jahre",3479,1345,2134
"Balingen, Stadt","Insgesamt",33959,16563,17396
"Bisingen","unter 3 Jahre",247,118,129
"Bisingen","3 -  6 Jahre",243,117,126
"Bisingen","6 - 10 Jahre",333,185,148
"Bisingen","10 - 15 Jahre",474,245,229
"Bisingen","15 - 18 Jahre",351,176,175
"Bisingen","18 - 20 Jahre",231,131,100
"Bisingen","20 - 25 Jahre",536,283,253
"Bisingen","25 - 30 Jahre",500,267,233
"Bisingen","30 - 35 Jahre",524,249,275
"Bisingen","35 - 40 Jahre",601,289,312
"Bisingen","40 - 45 Jahre",750,389,361
"Bisingen","45 - 50 Jahre",784,387,397
"Bisingen","50 - 55 Jahre",757,388,369
"Bisingen","55 - 60 Jahre",675,347,328
"Bisingen","60 - 65 Jahre",517,252,265
"Bisingen","65 - 75 Jahre",922,437,485
"Bisingen","75 und mehr Jahre",804,300,504
"Bisingen","Insgesamt",9249,4560,4689
"Bitz","unter 3 Jahre",77,36,41
"Bitz","3 -  6 Jahre",84,48,36
"Bitz","6 - 10 Jahre",143,83,60
"Bitz","10 - 15 Jahre",193,93,100
"Bitz","15 - 18 Jahre",133,69,64
"Bitz","18 - 20 Jahre",88,44,44
"Bitz","20 - 25 Jahre",173,75,98
"Bitz","25 - 30 Jahre",179,95,84
"Bitz","30 - 35 Jahre",167,81,86
"Bitz","35 - 40 Jahre",223,105,118
"Bitz","40 - 45 Jahre",325,170,155
"Bitz","45 - 50 Jahre",350,169,181
"Bitz","50 - 55 Jahre",303,163,140
"Bitz","55 - 60 Jahre",234,114,120
"Bitz","60 - 65 Jahre",214,104,110
"Bitz","65 - 75 Jahre",444,191,253
"Bitz","75 und mehr Jahre",391,147,244
"Bitz","Insgesamt",3721,1787,1934
"Burladingen, Stadt","unter 3 Jahre",266,139,127
"Burladingen, Stadt","3 -  6 Jahre",314,155,159
"Burladingen, Stadt","6 - 10 Jahre",455,237,218
"Burladingen, Stadt","10 - 15 Jahre",663,336,327
"Burladingen, Stadt","15 - 18 Jahre",473,242,231
"Burladingen, Stadt","18 - 20 Jahre",316,167,149
"Burladingen, Stadt","20 - 25 Jahre",754,405,349
"Burladingen, Stadt","25 - 30 Jahre",565,306,259
"Burladingen, Stadt","30 - 35 Jahre",609,304,305
"Burladingen, Stadt","35 - 40 Jahre",735,357,378
"Burladingen, Stadt","40 - 45 Jahre",1091,576,515
"Burladingen, Stadt","45 - 50 Jahre",1155,592,563
"Burladingen, Stadt","50 - 55 Jahre",976,502,474
"Burladingen, Stadt","55 - 60 Jahre",830,387,443
"Burladingen, Stadt","60 - 65 Jahre",688,369,319
"Burladingen, Stadt","65 - 75 Jahre",1287,587,700
"Burladingen, Stadt","75 und mehr Jahre",1209,409,800
"Burladingen, Stadt","Insgesamt",12386,6070,6316
"Dautmergen","unter 3 Jahre",12,6,6
"Dautmergen","3 -  6 Jahre",8,2,6
"Dautmergen","6 - 10 Jahre",17,6,11
"Dautmergen","10 - 15 Jahre",20,10,10
"Dautmergen","15 - 18 Jahre",21,12,9
"Dautmergen","18 - 20 Jahre",7,2,5
"Dautmergen","20 - 25 Jahre",22,12,10
"Dautmergen","25 - 30 Jahre",18,9,9
"Dautmergen","30 - 35 Jahre",25,12,13
"Dautmergen","35 - 40 Jahre",31,15,16
"Dautmergen","40 - 45 Jahre",42,27,15
"Dautmergen","45 - 50 Jahre",31,19,12
"Dautmergen","50 - 55 Jahre",34,13,21
"Dautmergen","55 - 60 Jahre",33,15,18
"Dautmergen","60 - 65 Jahre",23,16,7
"Dautmergen","65 - 75 Jahre",36,17,19
"Dautmergen","75 und mehr Jahre",27,11,16
"Dautmergen","Insgesamt",407,204,203
"Dormettingen","unter 3 Jahre",20,8,12
"Dormettingen","3 -  6 Jahre",33,19,14
"Dormettingen","6 - 10 Jahre",49,25,24
"Dormettingen","10 - 15 Jahre",63,28,35
"Dormettingen","15 - 18 Jahre",56,34,22
"Dormettingen","18 - 20 Jahre",32,15,17
"Dormettingen","20 - 25 Jahre",54,28,26
"Dormettingen","25 - 30 Jahre",70,37,33
"Dormettingen","30 - 35 Jahre",38,19,19
"Dormettingen","35 - 40 Jahre",55,29,26
"Dormettingen","40 - 45 Jahre",81,40,41
"Dormettingen","45 - 50 Jahre",103,55,48
"Dormettingen","50 - 55 Jahre",105,48,57
"Dormettingen","55 - 60 Jahre",66,35,31
"Dormettingen","60 - 65 Jahre",35,20,15
"Dormettingen","65 - 75 Jahre",100,54,46
"Dormettingen","75 und mehr Jahre",73,30,43
"Dormettingen","Insgesamt",1033,524,509
"Dotternhausen","unter 3 Jahre",48,28,20
"Dotternhausen","3 -  6 Jahre",57,29,28
"Dotternhausen","6 - 10 Jahre",79,51,28
"Dotternhausen","10 - 15 Jahre",121,57,64
"Dotternhausen","15 - 18 Jahre",68,40,28
"Dotternhausen","18 - 20 Jahre",52,28,24
"Dotternhausen","20 - 25 Jahre",114,62,52
"Dotternhausen","25 - 30 Jahre",95,55,40
"Dotternhausen","30 - 35 Jahre",96,41,55
"Dotternhausen","35 - 40 Jahre",122,57,65
"Dotternhausen","40 - 45 Jahre",141,72,69
"Dotternhausen","45 - 50 Jahre",166,82,84
"Dotternhausen","50 - 55 Jahre",178,83,95
"Dotternhausen","55 - 60 Jahre",148,76,72
"Dotternhausen","60 - 65 Jahre",96,49,47
"Dotternhausen","65 - 75 Jahre",155,71,84
"Dotternhausen","75 und mehr Jahre",126,47,79
"Dotternhausen","Insgesamt",1862,928,934
"Geislingen, Stadt","unter 3 Jahre",140,75,65
"Geislingen, Stadt","3 -  6 Jahre",148,83,65
"Geislingen, Stadt","6 - 10 Jahre",217,111,106
"Geislingen, Stadt","10 - 15 Jahre",385,209,176
"Geislingen, Stadt","15 - 18 Jahre",255,135,120
"Geislingen, Stadt","18 - 20 Jahre",166,81,85
"Geislingen, Stadt","20 - 25 Jahre",359,204,155
"Geislingen, Stadt","25 - 30 Jahre",279,142,137
"Geislingen, Stadt","30 - 35 Jahre",261,133,128
"Geislingen, Stadt","35 - 40 Jahre",330,156,174
"Geislingen, Stadt","40 - 45 Jahre",569,278,291
"Geislingen, Stadt","45 - 50 Jahre",587,321,266
"Geislingen, Stadt","50 - 55 Jahre",465,249,216
"Geislingen, Stadt","55 - 60 Jahre",366,190,176
"Geislingen, Stadt","60 - 65 Jahre",335,164,171
"Geislingen, Stadt","65 - 75 Jahre",628,300,328
"Geislingen, Stadt","75 und mehr Jahre",502,200,302
"Geislingen, Stadt","Insgesamt",5992,3031,2961
"Grosselfingen","unter 3 Jahre",53,25,28
"Grosselfingen","3 -  6 Jahre",60,40,20
"Grosselfingen","6 - 10 Jahre",99,59,40
"Grosselfingen","10 - 15 Jahre",129,63,66
"Grosselfingen","15 - 18 Jahre",54,29,25
"Grosselfingen","18 - 20 Jahre",60,29,31
"Grosselfingen","20 - 25 Jahre",104,53,51
"Grosselfingen","25 - 30 Jahre",96,53,43
"Grosselfingen","30 - 35 Jahre",126,61,65
"Grosselfingen","35 - 40 Jahre",134,70,64
"Grosselfingen","40 - 45 Jahre",205,102,103
"Grosselfingen","45 - 50 Jahre",182,92,90
"Grosselfingen","50 - 55 Jahre",174,97,77
"Grosselfingen","55 - 60 Jahre",127,62,65
"Grosselfingen","60 - 65 Jahre",116,70,46
"Grosselfingen","65 - 75 Jahre",183,81,102
"Grosselfingen","75 und mehr Jahre",194,67,127
"Grosselfingen","Insgesamt",2096,1053,1043
"Haigerloch, Stadt","unter 3 Jahre",247,138,109
"Haigerloch, Stadt","3 -  6 Jahre",271,141,130
"Haigerloch, Stadt","6 - 10 Jahre",427,223,204
"Haigerloch, Stadt","10 - 15 Jahre",679,350,329
"Haigerloch, Stadt","15 - 18 Jahre",427,211,216
"Haigerloch, Stadt","18 - 20 Jahre",299,142,157
"Haigerloch, Stadt","20 - 25 Jahre",640,347,293
"Haigerloch, Stadt","25 - 30 Jahre",484,248,236
"Haigerloch, Stadt","30 - 35 Jahre",569,290,279
"Haigerloch, Stadt","35 - 40 Jahre",665,322,343
"Haigerloch, Stadt","40 - 45 Jahre",954,486,468
"Haigerloch, Stadt","45 - 50 Jahre",1033,529,504
"Haigerloch, Stadt","50 - 55 Jahre",871,461,410
"Haigerloch, Stadt","55 - 60 Jahre",642,332,310
"Haigerloch, Stadt","60 - 65 Jahre",616,306,310
"Haigerloch, Stadt","65 - 75 Jahre",1083,500,583
"Haigerloch, Stadt","75 und mehr Jahre",850,342,508
"Haigerloch, Stadt","Insgesamt",10757,5368,5389
"Hausen am Tann","unter 3 Jahre",13,5,8
"Hausen am Tann","3 -  6 Jahre",14,9,5
"Hausen am Tann","6 - 10 Jahre",15,6,9
"Hausen am Tann","10 - 15 Jahre",25,9,16
"Hausen am Tann","15 - 18 Jahre",19,9,10
"Hausen am Tann","18 - 20 Jahre",13,5,8
"Hausen am Tann","20 - 25 Jahre",28,15,13
"Hausen am Tann","25 - 30 Jahre",29,16,13
"Hausen am Tann","30 - 35 Jahre",35,14,21
"Hausen am Tann","35 - 40 Jahre",29,17,12
"Hausen am Tann","40 - 45 Jahre",24,15,9
"Hausen am Tann","45 - 50 Jahre",51,26,25
"Hausen am Tann","50 - 55 Jahre",53,27,26
"Hausen am Tann","55 - 60 Jahre",32,15,17
"Hausen am Tann","60 - 65 Jahre",28,16,12
"Hausen am Tann","65 - 75 Jahre",38,24,14
"Hausen am Tann","75 und mehr Jahre",46,17,29
"Hausen am Tann","Insgesamt",492,245,247
"Hechingen, Stadt","unter 3 Jahre",477,228,249
"Hechingen, Stadt","3 -  6 Jahre",479,229,250
"Hechingen, Stadt","6 - 10 Jahre",749,392,357
"Hechingen, Stadt","10 - 15 Jahre",995,521,474
"Hechingen, Stadt","15 - 18 Jahre",698,340,358
"Hechingen, Stadt","18 - 20 Jahre",492,242,250
"Hechingen, Stadt","20 - 25 Jahre",1194,635,559
"Hechingen, Stadt","25 - 30 Jahre",1100,551,549
"Hechingen, Stadt","30 - 35 Jahre",1051,548,503
"Hechingen, Stadt","35 - 40 Jahre",1155,607,548
"Hechingen, Stadt","40 - 45 Jahre",1356,644,712
"Hechingen, Stadt","45 - 50 Jahre",1612,790,822
"Hechingen, Stadt","50 - 55 Jahre",1526,789,737
"Hechingen, Stadt","55 - 60 Jahre",1352,679,673
"Hechingen, Stadt","60 - 65 Jahre",1028,521,507
"Hechingen, Stadt","65 - 75 Jahre",2002,945,1057
"Hechingen, Stadt","75 und mehr Jahre",1823,663,1160
"Hechingen, Stadt","Insgesamt",19089,9324,9765
"Jungingen","unter 3 Jahre",45,26,19
"Jungingen","3 -  6 Jahre",28,16,12
"Jungingen","6 - 10 Jahre",48,21,27
"Jungingen","10 - 15 Jahre",72,44,28
"Jungingen","15 - 18 Jahre",44,24,20
"Jungingen","18 - 20 Jahre",30,17,13
"Jungingen","20 - 25 Jahre",69,30,39
"Jungingen","25 - 30 Jahre",55,32,23
"Jungingen","30 - 35 Jahre",74,39,35
"Jungingen","35 - 40 Jahre",80,35,45
"Jungingen","40 - 45 Jahre",107,51,56
"Jungingen","45 - 50 Jahre",118,60,58
"Jungingen","50 - 55 Jahre",118,60,58
"Jungingen","55 - 60 Jahre",98,42,56
"Jungingen","60 - 65 Jahre",98,43,55
"Jungingen","65 - 75 Jahre",167,86,81
"Jungingen","75 und mehr Jahre",165,64,101
"Jungingen","Insgesamt",1416,690,726
"Meßstetten, Stadt","unter 3 Jahre",242,128,114
"Meßstetten, Stadt","3 -  6 Jahre",270,146,124
"Meßstetten, Stadt","6 - 10 Jahre",355,173,182
"Meßstetten, Stadt","10 - 15 Jahre",562,303,259
"Meßstetten, Stadt","15 - 18 Jahre",405,203,202
"Meßstetten, Stadt","18 - 20 Jahre",276,132,144
"Meßstetten, Stadt","20 - 25 Jahre",632,340,292
"Meßstetten, Stadt","25 - 30 Jahre",584,312,272
"Meßstetten, Stadt","30 - 35 Jahre",594,305,289
"Meßstetten, Stadt","35 - 40 Jahre",605,288,317
"Meßstetten, Stadt","40 - 45 Jahre",782,412,370
"Meßstetten, Stadt","45 - 50 Jahre",1027,545,482
"Meßstetten, Stadt","50 - 55 Jahre",903,462,441
"Meßstetten, Stadt","55 - 60 Jahre",723,371,352
"Meßstetten, Stadt","60 - 65 Jahre",560,283,277
"Meßstetten, Stadt","65 - 75 Jahre",1081,510,571
"Meßstetten, Stadt","75 und mehr Jahre",871,349,522
"Meßstetten, Stadt","Insgesamt",10472,5262,5210
"Nusplingen","unter 3 Jahre",51,28,23
"Nusplingen","3 -  6 Jahre",52,27,25
"Nusplingen","6 - 10 Jahre",84,45,39
"Nusplingen","10 - 15 Jahre",91,46,45
"Nusplingen","15 - 18 Jahre",62,34,28
"Nusplingen","18 - 20 Jahre",46,27,19
"Nusplingen","20 - 25 Jahre",116,56,60
"Nusplingen","25 - 30 Jahre",82,47,35
"Nusplingen","30 - 35 Jahre",83,40,43
"Nusplingen","35 - 40 Jahre",116,57,59
"Nusplingen","40 - 45 Jahre",126,62,64
"Nusplingen","45 - 50 Jahre",163,84,79
"Nusplingen","50 - 55 Jahre",161,86,75
"Nusplingen","55 - 60 Jahre",106,56,50
"Nusplingen","60 - 65 Jahre",91,43,48
"Nusplingen","65 - 75 Jahre",211,98,113
"Nusplingen","75 und mehr Jahre",169,63,106
"Nusplingen","Insgesamt",1810,899,911
"Obernheim","unter 3 Jahre",23,10,13
"Obernheim","3 -  6 Jahre",37,17,20
"Obernheim","6 - 10 Jahre",64,33,31
"Obernheim","10 - 15 Jahre",111,51,60
"Obernheim","15 - 18 Jahre",57,27,30
"Obernheim","18 - 20 Jahre",40,22,18
"Obernheim","20 - 25 Jahre",78,42,36
"Obernheim","25 - 30 Jahre",46,20,26
"Obernheim","30 - 35 Jahre",62,31,31
"Obernheim","35 - 40 Jahre",87,48,39
"Obernheim","40 - 45 Jahre",118,59,59
"Obernheim","45 - 50 Jahre",128,63,65
"Obernheim","50 - 55 Jahre",108,57,51
"Obernheim","55 - 60 Jahre",100,53,47
"Obernheim","60 - 65 Jahre",91,45,46
"Obernheim","65 - 75 Jahre",143,68,75
"Obernheim","75 und mehr Jahre",139,61,78
"Obernheim","Insgesamt",1432,707,725
"Rangendingen","unter 3 Jahre",124,59,65
"Rangendingen","3 -  6 Jahre",149,77,72
"Rangendingen","6 - 10 Jahre",210,112,98
"Rangendingen","10 - 15 Jahre",299,160,139
"Rangendingen","15 - 18 Jahre",189,88,101
"Rangendingen","18 - 20 Jahre",123,55,68
"Rangendingen","20 - 25 Jahre",300,154,146
"Rangendingen","25 - 30 Jahre",320,161,159
"Rangendingen","30 - 35 Jahre",308,151,157
"Rangendingen","35 - 40 Jahre",352,174,178
"Rangendingen","40 - 45 Jahre",409,212,197
"Rangendingen","45 - 50 Jahre",454,227,227
"Rangendingen","50 - 55 Jahre",391,181,210
"Rangendingen","55 - 60 Jahre",363,169,194
"Rangendingen","60 - 65 Jahre",321,161,160
"Rangendingen","65 - 75 Jahre",533,277,256
"Rangendingen","75 und mehr Jahre",358,132,226
"Rangendingen","Insgesamt",5203,2550,2653
"Ratshausen","unter 3 Jahre",16,9,7
"Ratshausen","3 -  6 Jahre",20,10,10
"Ratshausen","6 - 10 Jahre",28,11,17
"Ratshausen","10 - 15 Jahre",33,12,21
"Ratshausen","15 - 18 Jahre",38,19,19
"Ratshausen","18 - 20 Jahre",26,13,13
"Ratshausen","20 - 25 Jahre",30,15,15
"Ratshausen","25 - 30 Jahre",35,16,19
"Ratshausen","30 - 35 Jahre",33,19,14
"Ratshausen","35 - 40 Jahre",41,17,24
"Ratshausen","40 - 45 Jahre",67,42,25
"Ratshausen","45 - 50 Jahre",62,30,32
"Ratshausen","50 - 55 Jahre",56,33,23
"Ratshausen","55 - 60 Jahre",41,21,20
"Ratshausen","60 - 65 Jahre",58,26,32
"Ratshausen","65 - 75 Jahre",88,44,44
"Ratshausen","75 und mehr Jahre",96,24,72
"Ratshausen","Insgesamt",768,361,407
"Rosenfeld, Stadt","unter 3 Jahre",162,95,67
"Rosenfeld, Stadt","3 -  6 Jahre",201,102,99
"Rosenfeld, Stadt","6 - 10 Jahre",309,166,143
"Rosenfeld, Stadt","10 - 15 Jahre",410,206,204
"Rosenfeld, Stadt","15 - 18 Jahre",281,137,144
"Rosenfeld, Stadt","18 - 20 Jahre",150,77,73
"Rosenfeld, Stadt","20 - 25 Jahre",401,213,188
"Rosenfeld, Stadt","25 - 30 Jahre",295,161,134
"Rosenfeld, Stadt","30 - 35 Jahre",321,163,158
"Rosenfeld, Stadt","35 - 40 Jahre",403,201,202
"Rosenfeld, Stadt","40 - 45 Jahre",550,271,279
"Rosenfeld, Stadt","45 - 50 Jahre",575,317,258
"Rosenfeld, Stadt","50 - 55 Jahre",483,244,239
"Rosenfeld, Stadt","55 - 60 Jahre",390,204,186
"Rosenfeld, Stadt","60 - 65 Jahre",323,156,167
"Rosenfeld, Stadt","65 - 75 Jahre",686,330,356
"Rosenfeld, Stadt","75 und mehr Jahre",519,206,313
"Rosenfeld, Stadt","Insgesamt",6459,3249,3210
"Schömberg, Stadt","unter 3 Jahre",134,70,64
"Schömberg, Stadt","3 -  6 Jahre",120,65,55
"Schömberg, Stadt","6 - 10 Jahre",178,101,77
"Schömberg, Stadt","10 - 15 Jahre",283,139,144
"Schömberg, Stadt","15 - 18 Jahre",214,108,106
"Schömberg, Stadt","18 - 20 Jahre",123,64,59
"Schömberg, Stadt","20 - 25 Jahre",278,151,127
"Schömberg, Stadt","25 - 30 Jahre",301,156,145
"Schömberg, Stadt","30 - 35 Jahre",233,133,100
"Schömberg, Stadt","35 - 40 Jahre",306,165,141
"Schömberg, Stadt","40 - 45 Jahre",378,212,166
"Schömberg, Stadt","45 - 50 Jahre",405,207,198
"Schömberg, Stadt","50 - 55 Jahre",350,179,171
"Schömberg, Stadt","55 - 60 Jahre",279,147,132
"Schömberg, Stadt","60 - 65 Jahre",263,133,130
"Schömberg, Stadt","65 - 75 Jahre",426,216,210
"Schömberg, Stadt","75 und mehr Jahre",371,147,224
"Schömberg, Stadt","Insgesamt",4642,2393,2249
"Straßberg","unter 3 Jahre",54,29,25
"Straßberg","3 -  6 Jahre",66,33,33
"Straßberg","6 - 10 Jahre",93,50,43
"Straßberg","10 - 15 Jahre",129,66,63
"Straßberg","15 - 18 Jahre",96,50,46
"Straßberg","18 - 20 Jahre",69,43,26
"Straßberg","20 - 25 Jahre",171,107,64
"Straßberg","25 - 30 Jahre",130,71,59
"Straßberg","30 - 35 Jahre",106,48,58
"Straßberg","35 - 40 Jahre",152,70,82
"Straßberg","40 - 45 Jahre",196,83,113
"Straßberg","45 - 50 Jahre",252,121,131
"Straßberg","50 - 55 Jahre",196,106,90
"Straßberg","55 - 60 Jahre",178,83,95
"Straßberg","60 - 65 Jahre",165,88,77
"Straßberg","65 - 75 Jahre",284,136,148
"Straßberg","75 und mehr Jahre",261,96,165
"Straßberg","Insgesamt",2598,1280,1318
"Weilen unter den Rinnen","unter 3 Jahre",14,6,8
"Weilen unter den Rinnen","3 -  6 Jahre",19,7,12
"Weilen unter den Rinnen","6 - 10 Jahre",37,19,18
"Weilen unter den Rinnen","10 - 15 Jahre",55,32,23
"Weilen unter den Rinnen","15 - 18 Jahre",32,14,18
"Weilen unter den Rinnen","18 - 20 Jahre",18,9,9
"Weilen unter den Rinnen","20 - 25 Jahre",37,18,19
"Weilen unter den Rinnen","25 - 30 Jahre",17,8,9
"Weilen unter den Rinnen","30 - 35 Jahre",26,11,15
"Weilen unter den Rinnen","35 - 40 Jahre",45,19,26
"Weilen unter den Rinnen","40 - 45 Jahre",66,32,34
"Weilen unter den Rinnen","45 - 50 Jahre",69,36,33
"Weilen unter den Rinnen","50 - 55 Jahre",59,35,24
"Weilen unter den Rinnen","55 - 60 Jahre",36,19,17
"Weilen unter den Rinnen","60 - 65 Jahre",27,15,12
"Weilen unter den Rinnen","65 - 75 Jahre",39,17,22
"Weilen unter den Rinnen","75 und mehr Jahre",31,11,20
"Weilen unter den Rinnen","Insgesamt",627,308,319
"Winterlingen","unter 3 Jahre",151,77,74
"Winterlingen","3 -  6 Jahre",182,91,91
"Winterlingen","6 - 10 Jahre",240,125,115
"Winterlingen","10 - 15 Jahre",353,187,166
"Winterlingen","15 - 18 Jahre",237,135,102
"Winterlingen","18 - 20 Jahre",174,90,84
"Winterlingen","20 - 25 Jahre",392,211,181
"Winterlingen","25 - 30 Jahre",340,164,176
"Winterlingen","30 - 35 Jahre",288,144,144
"Winterlingen","35 - 40 Jahre",340,193,147
"Winterlingen","40 - 45 Jahre",530,275,255
"Winterlingen","45 - 50 Jahre",565,289,276
"Winterlingen","50 - 55 Jahre",509,268,241
"Winterlingen","55 - 60 Jahre",428,207,221
"Winterlingen","60 - 65 Jahre",361,184,177
"Winterlingen","65 - 75 Jahre",690,329,361
"Winterlingen","75 und mehr Jahre",693,263,430
"Winterlingen","Insgesamt",6473,3232,3241
"Zimmern unter der Burg","unter 3 Jahre",11,9,2
"Zimmern unter der Burg","3 -  6 Jahre",11,5,6
"Zimmern unter der Burg","6 - 10 Jahre",22,12,10
"Zimmern unter der Burg","10 - 15 Jahre",36,12,24
"Zimmern unter der Burg","15 - 18 Jahre",18,11,7
"Zimmern unter der Burg","18 - 20 Jahre",25,17,8
"Zimmern unter der Burg","20 - 25 Jahre",30,20,10
"Zimmern unter der Burg","25 - 30 Jahre",14,6,8
"Zimmern unter der Burg","30 - 35 Jahre",19,12,7
"Zimmern unter der Burg","35 - 40 Jahre",27,15,12
"Zimmern unter der Burg","40 - 45 Jahre",45,25,20
"Zimmern unter der Burg","45 - 50 Jahre",31,13,18
"Zimmern unter der Burg","50 - 55 Jahre",43,22,21
"Zimmern unter der Burg","55 - 60 Jahre",24,11,13
"Zimmern unter der Burg","60 - 65 Jahre",30,18,12
"Zimmern unter der Burg","65 - 75 Jahre",45,23,22
"Zimmern unter der Burg","75 und mehr Jahre",45,14,31
"Zimmern unter der Burg","Insgesamt",476,245,231
"Albstadt, Stadt","unter 3 Jahre",970,503,467
"Albstadt, Stadt","3 -  6 Jahre",1075,536,539
"Albstadt, Stadt","6 - 10 Jahre",1451,737,714
"Albstadt, Stadt","10 - 15 Jahre",2146,1128,1018
"Albstadt, Stadt","15 - 18 Jahre",1493,752,741
"Albstadt, Stadt","18 - 20 Jahre",1024,517,507
"Albstadt, Stadt","20 - 25 Jahre",2768,1463,1305
"Albstadt, Stadt","25 - 30 Jahre",2569,1361,1208
"Albstadt, Stadt","30 - 35 Jahre",2210,1134,1076
"Albstadt, Stadt","35 - 40 Jahre",2539,1257,1282
"Albstadt, Stadt","40 - 45 Jahre",3385,1765,1620
"Albstadt, Stadt","45 - 50 Jahre",3828,1969,1859
"Albstadt, Stadt","50 - 55 Jahre",3312,1673,1639
"Albstadt, Stadt","55 - 60 Jahre",3023,1465,1558
"Albstadt, Stadt","60 - 65 Jahre",2574,1278,1296
"Albstadt, Stadt","65 - 75 Jahre",5520,2574,2946
"Albstadt, Stadt","75 und mehr Jahre",5087,1885,3202
"Albstadt, Stadt","Insgesamt",44974,21997,22977
"Stadtkreis Ulm","unter 3 Jahre",3354,1728,1626
"Stadtkreis Ulm","3 -  6 Jahre",3160,1551,1609
"Stadtkreis Ulm","6 - 10 Jahre",4113,2140,1973
"Stadtkreis Ulm","10 - 15 Jahre",5459,2797,2662
"Stadtkreis Ulm","15 - 18 Jahre",3315,1677,1638
"Stadtkreis Ulm","18 - 20 Jahre",2565,1280,1285
"Stadtkreis Ulm","20 - 25 Jahre",9119,4552,4567
"Stadtkreis Ulm","25 - 30 Jahre",10008,5029,4979
"Stadtkreis Ulm","30 - 35 Jahre",9287,4720,4567
"Stadtkreis Ulm","35 - 40 Jahre",8571,4504,4067
"Stadtkreis Ulm","40 - 45 Jahre",9535,5105,4430
"Stadtkreis Ulm","45 - 50 Jahre",9585,4956,4629
"Stadtkreis Ulm","50 - 55 Jahre",8321,4130,4191
"Stadtkreis Ulm","55 - 60 Jahre",7189,3433,3756
"Stadtkreis Ulm","60 - 65 Jahre",6605,3248,3357
"Stadtkreis Ulm","65 - 75 Jahre",12297,5854,6443
"Stadtkreis Ulm","75 und mehr Jahre",10318,3776,6542
"Stadtkreis Ulm","Insgesamt",122801,60480,62321
"Ulm, Universitätsstadt","unter 3 Jahre",3354,1728,1626
"Ulm, Universitätsstadt","3 -  6 Jahre",3160,1551,1609
"Ulm, Universitätsstadt","6 - 10 Jahre",4113,2140,1973
"Ulm, Universitätsstadt","10 - 15 Jahre",5459,2797,2662
"Ulm, Universitätsstadt","15 - 18 Jahre",3315,1677,1638
"Ulm, Universitätsstadt","18 - 20 Jahre",2565,1280,1285
"Ulm, Universitätsstadt","20 - 25 Jahre",9119,4552,4567
"Ulm, Universitätsstadt","25 - 30 Jahre",10008,5029,4979
"Ulm, Universitätsstadt","30 - 35 Jahre",9287,4720,4567
"Ulm, Universitätsstadt","35 - 40 Jahre",8571,4504,4067
"Ulm, Universitätsstadt","40 - 45 Jahre",9535,5105,4430
"Ulm, Universitätsstadt","45 - 50 Jahre",9585,4956,4629
"Ulm, Universitätsstadt","50 - 55 Jahre",8321,4130,4191
"Ulm, Universitätsstadt","55 - 60 Jahre",7189,3433,3756
"Ulm, Universitätsstadt","60 - 65 Jahre",6605,3248,3357
"Ulm, Universitätsstadt","65 - 75 Jahre",12297,5854,6443
"Ulm, Universitätsstadt","75 und mehr Jahre",10318,3776,6542
"Ulm, Universitätsstadt","Insgesamt",122801,60480,62321
"Landkreis Alb-Donau-Kreis","unter 3 Jahre",5066,2641,2425
"Landkreis Alb-Donau-Kreis","3 -  6 Jahre",5468,2809,2659
"Landkreis Alb-Donau-Kreis","6 - 10 Jahre",8000,4129,3871
"Landkreis Alb-Donau-Kreis","10 - 15 Jahre",11598,5864,5734
"Landkreis Alb-Donau-Kreis","15 - 18 Jahre",6954,3598,3356
"Landkreis Alb-Donau-Kreis","18 - 20 Jahre",4946,2595,2351
"Landkreis Alb-Donau-Kreis","20 - 25 Jahre",11490,5971,5519
"Landkreis Alb-Donau-Kreis","25 - 30 Jahre",10660,5546,5114
"Landkreis Alb-Donau-Kreis","30 - 35 Jahre",10854,5532,5322
"Landkreis Alb-Donau-Kreis","35 - 40 Jahre",11921,6003,5918
"Landkreis Alb-Donau-Kreis","40 - 45 Jahre",15614,7969,7645
"Landkreis Alb-Donau-Kreis","45 - 50 Jahre",16446,8582,7864
"Landkreis Alb-Donau-Kreis","50 - 55 Jahre",14304,7246,7058
"Landkreis Alb-Donau-Kreis","55 - 60 Jahre",12043,6203,5840
"Landkreis Alb-Donau-Kreis","60 - 65 Jahre",9914,5066,4848
"Landkreis Alb-Donau-Kreis","65 - 75 Jahre",18727,9050,9677
"Landkreis Alb-Donau-Kreis","75 und mehr Jahre",15665,6065,9600
"Landkreis Alb-Donau-Kreis","Insgesamt",189670,94869,94801
"Allmendingen","unter 3 Jahre",101,47,54
"Allmendingen","3 -  6 Jahre",85,41,44
"Allmendingen","6 - 10 Jahre",233,126,107
"Allmendingen","10 - 15 Jahre",297,138,159
"Allmendingen","15 - 18 Jahre",161,81,80
"Allmendingen","18 - 20 Jahre",128,66,62
"Allmendingen","20 - 25 Jahre",311,169,142
"Allmendingen","25 - 30 Jahre",221,117,104
"Allmendingen","30 - 35 Jahre",220,104,116
"Allmendingen","35 - 40 Jahre",261,128,133
"Allmendingen","40 - 45 Jahre",345,172,173
"Allmendingen","45 - 50 Jahre",384,215,169
"Allmendingen","50 - 55 Jahre",343,173,170
"Allmendingen","55 - 60 Jahre",286,161,125
"Allmendingen","60 - 65 Jahre",230,109,121
"Allmendingen","65 - 75 Jahre",471,236,235
"Allmendingen","75 und mehr Jahre",364,138,226
"Allmendingen","Insgesamt",4441,2221,2220
"Altheim","unter 3 Jahre",23,17,6
"Altheim","3 -  6 Jahre",15,8,7
"Altheim","6 - 10 Jahre",21,8,13
"Altheim","10 - 15 Jahre",61,35,26
"Altheim","15 - 18 Jahre",26,14,12
"Altheim","18 - 20 Jahre",16,12,4
"Altheim","20 - 25 Jahre",44,20,24
"Altheim","25 - 30 Jahre",29,11,18
"Altheim","30 - 35 Jahre",40,23,17
"Altheim","35 - 40 Jahre",40,22,18
"Altheim","40 - 45 Jahre",41,21,20
"Altheim","45 - 50 Jahre",46,30,16
"Altheim","50 - 55 Jahre",25,12,13
"Altheim","55 - 60 Jahre",40,19,21
"Altheim","60 - 65 Jahre",35,14,21
"Altheim","65 - 75 Jahre",55,25,30
"Altheim","75 und mehr Jahre",25,10,15
"Altheim","Insgesamt",582,301,281
"Altheim (Alb)","unter 3 Jahre",37,15,22
"Altheim (Alb)","3 -  6 Jahre",44,21,23
"Altheim (Alb)","6 - 10 Jahre",72,41,31
"Altheim (Alb)","10 - 15 Jahre",113,58,55
"Altheim (Alb)","15 - 18 Jahre",81,44,37
"Altheim (Alb)","18 - 20 Jahre",49,33,16
"Altheim (Alb)","20 - 25 Jahre",101,54,47
"Altheim (Alb)","25 - 30 Jahre",105,59,46
"Altheim (Alb)","30 - 35 Jahre",83,41,42
"Altheim (Alb)","35 - 40 Jahre",100,58,42
"Altheim (Alb)","40 - 45 Jahre",144,68,76
"Altheim (Alb)","45 - 50 Jahre",153,84,69
"Altheim (Alb)","50 - 55 Jahre",144,71,73
"Altheim (Alb)","55 - 60 Jahre",99,53,46
"Altheim (Alb)","60 - 65 Jahre",102,53,49
"Altheim (Alb)","65 - 75 Jahre",153,74,79
"Altheim (Alb)","75 und mehr Jahre",181,82,99
"Altheim (Alb)","Insgesamt",1761,909,852
"Amstetten","unter 3 Jahre",111,68,43
"Amstetten","3 -  6 Jahre",114,63,51
"Amstetten","6 - 10 Jahre",180,103,77
"Amstetten","10 - 15 Jahre",294,152,142
"Amstetten","15 - 18 Jahre",151,72,79
"Amstetten","18 - 20 Jahre",87,48,39
"Amstetten","20 - 25 Jahre",236,127,109
"Amstetten","25 - 30 Jahre",211,115,96
"Amstetten","30 - 35 Jahre",206,103,103
"Amstetten","35 - 40 Jahre",237,121,116
"Amstetten","40 - 45 Jahre",334,155,179
"Amstetten","45 - 50 Jahre",327,181,146
"Amstetten","50 - 55 Jahre",259,130,129
"Amstetten","55 - 60 Jahre",275,133,142
"Amstetten","60 - 65 Jahre",190,107,83
"Amstetten","65 - 75 Jahre",405,196,209
"Amstetten","75 und mehr Jahre",323,136,187
"Amstetten","Insgesamt",3940,2010,1930
"Asselfingen","unter 3 Jahre",22,9,13
"Asselfingen","3 -  6 Jahre",28,13,15
"Asselfingen","6 - 10 Jahre",48,26,22
"Asselfingen","10 - 15 Jahre",70,34,36
"Asselfingen","15 - 18 Jahre",42,25,17
"Asselfingen","18 - 20 Jahre",35,22,13
"Asselfingen","20 - 25 Jahre",60,28,32
"Asselfingen","25 - 30 Jahre",57,29,28
"Asselfingen","30 - 35 Jahre",48,25,23
"Asselfingen","35 - 40 Jahre",49,25,24
"Asselfingen","40 - 45 Jahre",83,40,43
"Asselfingen","45 - 50 Jahre",109,67,42
"Asselfingen","50 - 55 Jahre",88,48,40
"Asselfingen","55 - 60 Jahre",72,38,34
"Asselfingen","60 - 65 Jahre",42,20,22
"Asselfingen","65 - 75 Jahre",85,48,37
"Asselfingen","75 und mehr Jahre",73,30,43
"Asselfingen","Insgesamt",1011,527,484
"Ballendorf","unter 3 Jahre",17,9,8
"Ballendorf","3 -  6 Jahre",26,14,12
"Ballendorf","6 - 10 Jahre",28,15,13
"Ballendorf","10 - 15 Jahre",36,15,21
"Ballendorf","15 - 18 Jahre",26,10,16
"Ballendorf","18 - 20 Jahre",17,9,8
"Ballendorf","20 - 25 Jahre",42,22,20
"Ballendorf","25 - 30 Jahre",26,17,9
"Ballendorf","30 - 35 Jahre",36,14,22
"Ballendorf","35 - 40 Jahre",35,18,17
"Ballendorf","40 - 45 Jahre",58,31,27
"Ballendorf","45 - 50 Jahre",52,29,23
"Ballendorf","50 - 55 Jahre",49,27,22
"Ballendorf","55 - 60 Jahre",45,21,24
"Ballendorf","60 - 65 Jahre",18,10,8
"Ballendorf","65 - 75 Jahre",69,32,37
"Ballendorf","75 und mehr Jahre",84,33,51
"Ballendorf","Insgesamt",664,326,338
"Beimerstetten","unter 3 Jahre",74,40,34
"Beimerstetten","3 -  6 Jahre",78,31,47
"Beimerstetten","6 - 10 Jahre",132,69,63
"Beimerstetten","10 - 15 Jahre",140,77,63
"Beimerstetten","15 - 18 Jahre",91,43,48
"Beimerstetten","18 - 20 Jahre",63,35,28
"Beimerstetten","20 - 25 Jahre",158,82,76
"Beimerstetten","25 - 30 Jahre",132,67,65
"Beimerstetten","30 - 35 Jahre",156,65,91
"Beimerstetten","35 - 40 Jahre",171,84,87
"Beimerstetten","40 - 45 Jahre",205,109,96
"Beimerstetten","45 - 50 Jahre",226,129,97
"Beimerstetten","50 - 55 Jahre",187,93,94
"Beimerstetten","55 - 60 Jahre",157,80,77
"Beimerstetten","60 - 65 Jahre",117,62,55
"Beimerstetten","65 - 75 Jahre",268,129,139
"Beimerstetten","75 und mehr Jahre",171,57,114
"Beimerstetten","Insgesamt",2526,1252,1274
"Berghülen","unter 3 Jahre",45,22,23
"Berghülen","3 -  6 Jahre",63,28,35
"Berghülen","6 - 10 Jahre",93,46,47
"Berghülen","10 - 15 Jahre",118,57,61
"Berghülen","15 - 18 Jahre",86,49,37
"Berghülen","18 - 20 Jahre",53,28,25
"Berghülen","20 - 25 Jahre",135,71,64
"Berghülen","25 - 30 Jahre",91,57,34
"Berghülen","30 - 35 Jahre",97,52,45
"Berghülen","35 - 40 Jahre",98,50,48
"Berghülen","40 - 45 Jahre",150,78,72
"Berghülen","45 - 50 Jahre",163,86,77
"Berghülen","50 - 55 Jahre",172,86,86
"Berghülen","55 - 60 Jahre",143,77,66
"Berghülen","60 - 65 Jahre",100,54,46
"Berghülen","65 - 75 Jahre",164,80,84
"Berghülen","75 und mehr Jahre",130,54,76
"Berghülen","Insgesamt",1901,975,926
"Bernstadt","unter 3 Jahre",65,39,26
"Bernstadt","3 -  6 Jahre",68,38,30
"Bernstadt","6 - 10 Jahre",103,53,50
"Bernstadt","10 - 15 Jahre",104,58,46
"Bernstadt","15 - 18 Jahre",77,31,46
"Bernstadt","18 - 20 Jahre",59,32,27
"Bernstadt","20 - 25 Jahre",112,55,57
"Bernstadt","25 - 30 Jahre",108,53,55
"Bernstadt","30 - 35 Jahre",139,66,73
"Bernstadt","35 - 40 Jahre",146,68,78
"Bernstadt","40 - 45 Jahre",174,97,77
"Bernstadt","45 - 50 Jahre",189,99,90
"Bernstadt","50 - 55 Jahre",165,85,80
"Bernstadt","55 - 60 Jahre",119,60,59
"Bernstadt","60 - 65 Jahre",125,66,59
"Bernstadt","65 - 75 Jahre",187,100,87
"Bernstadt","75 und mehr Jahre",142,55,87
"Bernstadt","Insgesamt",2082,1055,1027
"Blaubeuren, Stadt","unter 3 Jahre",323,160,163
"Blaubeuren, Stadt","3 -  6 Jahre",332,178,154
"Blaubeuren, Stadt","6 - 10 Jahre",464,248,216
"Blaubeuren, Stadt","10 - 15 Jahre",775,390,385
"Blaubeuren, Stadt","15 - 18 Jahre",465,238,227
"Blaubeuren, Stadt","18 - 20 Jahre",313,156,157
"Blaubeuren, Stadt","20 - 25 Jahre",691,342,349
"Blaubeuren, Stadt","25 - 30 Jahre",599,312,287
"Blaubeuren, Stadt","30 - 35 Jahre",635,299,336
"Blaubeuren, Stadt","35 - 40 Jahre",717,382,335
"Blaubeuren, Stadt","40 - 45 Jahre",940,505,435
"Blaubeuren, Stadt","45 - 50 Jahre",967,523,444
"Blaubeuren, Stadt","50 - 55 Jahre",850,423,427
"Blaubeuren, Stadt","55 - 60 Jahre",716,375,341
"Blaubeuren, Stadt","60 - 65 Jahre",602,291,311
"Blaubeuren, Stadt","65 - 75 Jahre",1266,587,679
"Blaubeuren, Stadt","75 und mehr Jahre",1160,423,737
"Blaubeuren, Stadt","Insgesamt",11815,5832,5983
"Börslingen","unter 3 Jahre",7,4,3
"Börslingen","3 -  6 Jahre",4,2,2
"Börslingen","6 - 10 Jahre",10,6,4
"Börslingen","10 - 15 Jahre",10,2,8
"Börslingen","15 - 18 Jahre",8,4,4
"Börslingen","18 - 20 Jahre",5,2,3
"Börslingen","20 - 25 Jahre",10,5,5
"Börslingen","25 - 30 Jahre",9,7,2
"Börslingen","30 - 35 Jahre",19,8,11
"Börslingen","35 - 40 Jahre",11,7,4
"Börslingen","40 - 45 Jahre",12,6,6
"Börslingen","45 - 50 Jahre",13,6,7
"Börslingen","50 - 55 Jahre",11,4,7
"Börslingen","55 - 60 Jahre",11,7,4
"Börslingen","60 - 65 Jahre",11,7,4
"Börslingen","65 - 75 Jahre",14,8,6
"Börslingen","75 und mehr Jahre",13,6,7
"Börslingen","Insgesamt",178,91,87
"Breitingen","unter 3 Jahre",8,6,2
"Breitingen","3 -  6 Jahre",4,1,3
"Breitingen","6 - 10 Jahre",12,5,7
"Breitingen","10 - 15 Jahre",8,4,4
"Breitingen","15 - 18 Jahre",8,4,4
"Breitingen","18 - 20 Jahre",11,3,8
"Breitingen","20 - 25 Jahre",20,7,13
"Breitingen","25 - 30 Jahre",16,13,3
"Breitingen","30 - 35 Jahre",15,6,9
"Breitingen","35 - 40 Jahre",16,13,3
"Breitingen","40 - 45 Jahre",17,9,8
"Breitingen","45 - 50 Jahre",29,13,16
"Breitingen","50 - 55 Jahre",26,14,12
"Breitingen","55 - 60 Jahre",23,10,13
"Breitingen","60 - 65 Jahre",15,8,7
"Breitingen","65 - 75 Jahre",17,10,7
"Breitingen","75 und mehr Jahre",17,8,9
"Breitingen","Insgesamt",262,134,128
"Dietenheim, Stadt","unter 3 Jahre",181,94,87
"Dietenheim, Stadt","3 -  6 Jahre",176,89,87
"Dietenheim, Stadt","6 - 10 Jahre",252,120,132
"Dietenheim, Stadt","10 - 15 Jahre",360,182,178
"Dietenheim, Stadt","15 - 18 Jahre",257,141,116
"Dietenheim, Stadt","18 - 20 Jahre",167,83,84
"Dietenheim, Stadt","20 - 25 Jahre",455,246,209
"Dietenheim, Stadt","25 - 30 Jahre",398,209,189
"Dietenheim, Stadt","30 - 35 Jahre",355,183,172
"Dietenheim, Stadt","35 - 40 Jahre",389,200,189
"Dietenheim, Stadt","40 - 45 Jahre",477,252,225
"Dietenheim, Stadt","45 - 50 Jahre",551,267,284
"Dietenheim, Stadt","50 - 55 Jahre",549,276,273
"Dietenheim, Stadt","55 - 60 Jahre",393,205,188
"Dietenheim, Stadt","60 - 65 Jahre",328,164,164
"Dietenheim, Stadt","65 - 75 Jahre",625,288,337
"Dietenheim, Stadt","75 und mehr Jahre",675,239,436
"Dietenheim, Stadt","Insgesamt",6588,3238,3350
"Dornstadt","unter 3 Jahre",230,122,108
"Dornstadt","3 -  6 Jahre",220,101,119
"Dornstadt","6 - 10 Jahre",332,169,163
"Dornstadt","10 - 15 Jahre",474,254,220
"Dornstadt","15 - 18 Jahre",289,145,144
"Dornstadt","18 - 20 Jahre",199,113,86
"Dornstadt","20 - 25 Jahre",521,276,245
"Dornstadt","25 - 30 Jahre",515,256,259
"Dornstadt","30 - 35 Jahre",502,259,243
"Dornstadt","35 - 40 Jahre",510,248,262
"Dornstadt","40 - 45 Jahre",615,318,297
"Dornstadt","45 - 50 Jahre",709,365,344
"Dornstadt","50 - 55 Jahre",625,303,322
"Dornstadt","55 - 60 Jahre",577,303,274
"Dornstadt","60 - 65 Jahre",474,247,227
"Dornstadt","65 - 75 Jahre",966,460,506
"Dornstadt","75 und mehr Jahre",650,258,392
"Dornstadt","Insgesamt",8408,4197,4211
"Ehingen (Donau), Stadt","unter 3 Jahre",719,366,353
"Ehingen (Donau), Stadt","3 -  6 Jahre",738,388,350
"Ehingen (Donau), Stadt","6 - 10 Jahre",1016,522,494
"Ehingen (Donau), Stadt","10 - 15 Jahre",1516,746,770
"Ehingen (Donau), Stadt","15 - 18 Jahre",930,475,455
"Ehingen (Donau), Stadt","18 - 20 Jahre",656,311,345
"Ehingen (Donau), Stadt","20 - 25 Jahre",1610,808,802
"Ehingen (Donau), Stadt","25 - 30 Jahre",1486,769,717
"Ehingen (Donau), Stadt","30 - 35 Jahre",1563,792,771
"Ehingen (Donau), Stadt","35 - 40 Jahre",1752,881,871
"Ehingen (Donau), Stadt","40 - 45 Jahre",2078,1033,1045
"Ehingen (Donau), Stadt","45 - 50 Jahre",2173,1161,1012
"Ehingen (Donau), Stadt","50 - 55 Jahre",1872,927,945
"Ehingen (Donau), Stadt","55 - 60 Jahre",1658,816,842
"Ehingen (Donau), Stadt","60 - 65 Jahre",1483,754,729
"Ehingen (Donau), Stadt","65 - 75 Jahre",2461,1206,1255
"Ehingen (Donau), Stadt","75 und mehr Jahre",1959,735,1224
"Ehingen (Donau), Stadt","Insgesamt",25670,12690,12980
"Emeringen","unter 3 Jahre",1,1,0
"Emeringen","3 -  6 Jahre",2,1,1
"Emeringen","6 - 10 Jahre",4,2,2
"Emeringen","10 - 15 Jahre",8,4,4
"Emeringen","15 - 18 Jahre",6,3,3
"Emeringen","18 - 20 Jahre",7,3,4
"Emeringen","20 - 25 Jahre",13,7,6
"Emeringen","25 - 30 Jahre",3,3,0
"Emeringen","30 - 35 Jahre",4,2,2
"Emeringen","35 - 40 Jahre",8,3,5
"Emeringen","40 - 45 Jahre",14,7,7
"Emeringen","45 - 50 Jahre",14,5,9
"Emeringen","50 - 55 Jahre",11,3,8
"Emeringen","55 - 60 Jahre",7,4,3
"Emeringen","60 - 65 Jahre",9,6,3
"Emeringen","65 - 75 Jahre",10,5,5
"Emeringen","75 und mehr Jahre",11,5,6
"Emeringen","Insgesamt",132,64,68
"Emerkingen","unter 3 Jahre",27,14,13
"Emerkingen","3 -  6 Jahre",28,17,11
"Emerkingen","6 - 10 Jahre",55,26,29
"Emerkingen","10 - 15 Jahre",83,42,41
"Emerkingen","15 - 18 Jahre",36,21,15
"Emerkingen","18 - 20 Jahre",14,5,9
"Emerkingen","20 - 25 Jahre",35,12,23
"Emerkingen","25 - 30 Jahre",37,18,19
"Emerkingen","30 - 35 Jahre",61,35,26
"Emerkingen","35 - 40 Jahre",76,42,34
"Emerkingen","40 - 45 Jahre",69,34,35
"Emerkingen","45 - 50 Jahre",82,44,38
"Emerkingen","50 - 55 Jahre",44,24,20
"Emerkingen","55 - 60 Jahre",43,24,19
"Emerkingen","60 - 65 Jahre",37,17,20
"Emerkingen","65 - 75 Jahre",80,46,34
"Emerkingen","75 und mehr Jahre",45,16,29
"Emerkingen","Insgesamt",852,437,415
"Erbach, Stadt","unter 3 Jahre",342,181,161
"Erbach, Stadt","3 -  6 Jahre",386,199,187
"Erbach, Stadt","6 - 10 Jahre",567,280,287
"Erbach, Stadt","10 - 15 Jahre",772,406,366
"Erbach, Stadt","15 - 18 Jahre",484,260,224
"Erbach, Stadt","18 - 20 Jahre",336,182,154
"Erbach, Stadt","20 - 25 Jahre",817,414,403
"Erbach, Stadt","25 - 30 Jahre",780,383,397
"Erbach, Stadt","30 - 35 Jahre",798,406,392
"Erbach, Stadt","35 - 40 Jahre",829,416,413
"Erbach, Stadt","40 - 45 Jahre",1105,558,547
"Erbach, Stadt","45 - 50 Jahre",1179,650,529
"Erbach, Stadt","50 - 55 Jahre",943,490,453
"Erbach, Stadt","55 - 60 Jahre",901,452,449
"Erbach, Stadt","60 - 65 Jahre",665,350,315
"Erbach, Stadt","65 - 75 Jahre",1258,602,656
"Erbach, Stadt","75 und mehr Jahre",1056,412,644
"Erbach, Stadt","Insgesamt",13218,6641,6577
"Griesingen","unter 3 Jahre",25,17,8
"Griesingen","3 -  6 Jahre",32,15,17
"Griesingen","6 - 10 Jahre",63,35,28
"Griesingen","10 - 15 Jahre",68,34,34
"Griesingen","15 - 18 Jahre",43,18,25
"Griesingen","18 - 20 Jahre",32,14,18
"Griesingen","20 - 25 Jahre",64,32,32
"Griesingen","25 - 30 Jahre",71,29,42
"Griesingen","30 - 35 Jahre",72,39,33
"Griesingen","35 - 40 Jahre",75,39,36
"Griesingen","40 - 45 Jahre",99,45,54
"Griesingen","45 - 50 Jahre",86,44,42
"Griesingen","50 - 55 Jahre",100,50,50
"Griesingen","55 - 60 Jahre",63,39,24
"Griesingen","60 - 65 Jahre",42,22,20
"Griesingen","65 - 75 Jahre",64,29,35
"Griesingen","75 und mehr Jahre",62,26,36
"Griesingen","Insgesamt",1061,527,534
"Grundsheim","unter 3 Jahre",4,0,4
"Grundsheim","3 -  6 Jahre",6,2,4
"Grundsheim","6 - 10 Jahre",10,4,6
"Grundsheim","10 - 15 Jahre",13,6,7
"Grundsheim","15 - 18 Jahre",5,1,4
"Grundsheim","18 - 20 Jahre",4,2,2
"Grundsheim","20 - 25 Jahre",7,1,6
"Grundsheim","25 - 30 Jahre",10,6,4
"Grundsheim","30 - 35 Jahre",10,6,4
"Grundsheim","35 - 40 Jahre",15,7,8
"Grundsheim","40 - 45 Jahre",16,7,9
"Grundsheim","45 - 50 Jahre",12,9,3
"Grundsheim","50 - 55 Jahre",15,7,8
"Grundsheim","55 - 60 Jahre",11,8,3
"Grundsheim","60 - 65 Jahre",11,7,4
"Grundsheim","65 - 75 Jahre",18,8,10
"Grundsheim","75 und mehr Jahre",19,6,13
"Grundsheim","Insgesamt",186,87,99
"Hausen am Bussen","unter 3 Jahre",7,4,3
"Hausen am Bussen","3 -  6 Jahre",10,3,7
"Hausen am Bussen","6 - 10 Jahre",12,3,9
"Hausen am Bussen","10 - 15 Jahre",17,10,7
"Hausen am Bussen","15 - 18 Jahre",8,8,0
"Hausen am Bussen","18 - 20 Jahre",6,2,4
"Hausen am Bussen","20 - 25 Jahre",17,9,8
"Hausen am Bussen","25 - 30 Jahre",18,10,8
"Hausen am Bussen","30 - 35 Jahre",19,12,7
"Hausen am Bussen","35 - 40 Jahre",21,12,9
"Hausen am Bussen","40 - 45 Jahre",16,9,7
"Hausen am Bussen","45 - 50 Jahre",30,13,17
"Hausen am Bussen","50 - 55 Jahre",18,14,4
"Hausen am Bussen","55 - 60 Jahre",19,9,10
"Hausen am Bussen","60 - 65 Jahre",17,9,8
"Hausen am Bussen","65 - 75 Jahre",24,10,14
"Hausen am Bussen","75 und mehr Jahre",16,7,9
"Hausen am Bussen","Insgesamt",275,144,131
"Holzkirch","unter 3 Jahre",7,4,3
"Holzkirch","3 -  6 Jahre",7,1,6
"Holzkirch","6 - 10 Jahre",7,2,5
"Holzkirch","10 - 15 Jahre",13,7,6
"Holzkirch","15 - 18 Jahre",19,9,10
"Holzkirch","18 - 20 Jahre",8,6,2
"Holzkirch","20 - 25 Jahre",14,7,7
"Holzkirch","25 - 30 Jahre",10,4,6
"Holzkirch","30 - 35 Jahre",9,3,6
"Holzkirch","35 - 40 Jahre",17,9,8
"Holzkirch","40 - 45 Jahre",31,15,16
"Holzkirch","45 - 50 Jahre",34,20,14
"Holzkirch","50 - 55 Jahre",10,4,6
"Holzkirch","55 - 60 Jahre",12,8,4
"Holzkirch","60 - 65 Jahre",12,9,3
"Holzkirch","65 - 75 Jahre",23,9,14
"Holzkirch","75 und mehr Jahre",36,15,21
"Holzkirch","Insgesamt",269,132,137
"Hüttisheim","unter 3 Jahre",33,16,17
"Hüttisheim","3 -  6 Jahre",38,17,21
"Hüttisheim","6 - 10 Jahre",44,20,24
"Hüttisheim","10 - 15 Jahre",98,35,63
"Hüttisheim","15 - 18 Jahre",51,26,25
"Hüttisheim","18 - 20 Jahre",36,17,19
"Hüttisheim","20 - 25 Jahre",93,51,42
"Hüttisheim","25 - 30 Jahre",80,43,37
"Hüttisheim","30 - 35 Jahre",61,29,32
"Hüttisheim","35 - 40 Jahre",72,40,32
"Hüttisheim","40 - 45 Jahre",136,67,69
"Hüttisheim","45 - 50 Jahre",108,51,57
"Hüttisheim","50 - 55 Jahre",127,62,65
"Hüttisheim","55 - 60 Jahre",86,49,37
"Hüttisheim","60 - 65 Jahre",60,33,27
"Hüttisheim","65 - 75 Jahre",142,67,75
"Hüttisheim","75 und mehr Jahre",103,40,63
"Hüttisheim","Insgesamt",1368,663,705
"Illerrieden","unter 3 Jahre",89,45,44
"Illerrieden","3 -  6 Jahre",103,53,50
"Illerrieden","6 - 10 Jahre",122,58,64
"Illerrieden","10 - 15 Jahre",167,83,84
"Illerrieden","15 - 18 Jahre",112,47,65
"Illerrieden","18 - 20 Jahre",85,46,39
"Illerrieden","20 - 25 Jahre",196,99,97
"Illerrieden","25 - 30 Jahre",199,110,89
"Illerrieden","30 - 35 Jahre",208,102,106
"Illerrieden","35 - 40 Jahre",223,107,116
"Illerrieden","40 - 45 Jahre",287,153,134
"Illerrieden","45 - 50 Jahre",309,163,146
"Illerrieden","50 - 55 Jahre",255,132,123
"Illerrieden","55 - 60 Jahre",233,108,125
"Illerrieden","60 - 65 Jahre",200,107,93
"Illerrieden","65 - 75 Jahre",366,191,175
"Illerrieden","75 und mehr Jahre",213,86,127
"Illerrieden","Insgesamt",3367,1690,1677
"Laichingen, Stadt","unter 3 Jahre",285,151,134
"Laichingen, Stadt","3 -  6 Jahre",318,176,142
"Laichingen, Stadt","6 - 10 Jahre",482,243,239
"Laichingen, Stadt","10 - 15 Jahre",731,360,371
"Laichingen, Stadt","15 - 18 Jahre",421,227,194
"Laichingen, Stadt","18 - 20 Jahre",328,166,162
"Laichingen, Stadt","20 - 25 Jahre",708,353,355
"Laichingen, Stadt","25 - 30 Jahre",579,313,266
"Laichingen, Stadt","30 - 35 Jahre",569,284,285
"Laichingen, Stadt","35 - 40 Jahre",654,332,322
"Laichingen, Stadt","40 - 45 Jahre",913,456,457
"Laichingen, Stadt","45 - 50 Jahre",923,474,449
"Laichingen, Stadt","50 - 55 Jahre",783,419,364
"Laichingen, Stadt","55 - 60 Jahre",645,319,326
"Laichingen, Stadt","60 - 65 Jahre",548,276,272
"Laichingen, Stadt","65 - 75 Jahre",1045,497,548
"Laichingen, Stadt","75 und mehr Jahre",935,380,555
"Laichingen, Stadt","Insgesamt",10867,5426,5441
"Langenau, Stadt","unter 3 Jahre",407,212,195
"Langenau, Stadt","3 -  6 Jahre",434,215,219
"Langenau, Stadt","6 - 10 Jahre",615,321,294
"Langenau, Stadt","10 - 15 Jahre",886,444,442
"Langenau, Stadt","15 - 18 Jahre",519,283,236
"Langenau, Stadt","18 - 20 Jahre",364,193,171
"Langenau, Stadt","20 - 25 Jahre",847,452,395
"Langenau, Stadt","25 - 30 Jahre",829,434,395
"Langenau, Stadt","30 - 35 Jahre",878,466,412
"Langenau, Stadt","35 - 40 Jahre",934,467,467
"Langenau, Stadt","40 - 45 Jahre",1280,659,621
"Langenau, Stadt","45 - 50 Jahre",1274,653,621
"Langenau, Stadt","50 - 55 Jahre",1103,567,536
"Langenau, Stadt","55 - 60 Jahre",874,463,411
"Langenau, Stadt","60 - 65 Jahre",766,398,368
"Langenau, Stadt","65 - 75 Jahre",1331,644,687
"Langenau, Stadt","75 und mehr Jahre",1175,451,724
"Langenau, Stadt","Insgesamt",14516,7322,7194
"Lauterach","unter 3 Jahre",16,9,7
"Lauterach","3 -  6 Jahre",13,13,0
"Lauterach","6 - 10 Jahre",32,19,13
"Lauterach","10 - 15 Jahre",42,20,22
"Lauterach","15 - 18 Jahre",21,9,12
"Lauterach","18 - 20 Jahre",8,4,4
"Lauterach","20 - 25 Jahre",37,22,15
"Lauterach","25 - 30 Jahre",39,22,17
"Lauterach","30 - 35 Jahre",32,18,14
"Lauterach","35 - 40 Jahre",36,21,15
"Lauterach","40 - 45 Jahre",52,34,18
"Lauterach","45 - 50 Jahre",54,35,19
"Lauterach","50 - 55 Jahre",52,32,20
"Lauterach","55 - 60 Jahre",38,20,18
"Lauterach","60 - 65 Jahre",36,20,16
"Lauterach","65 - 75 Jahre",39,12,27
"Lauterach","75 und mehr Jahre",44,17,27
"Lauterach","Insgesamt",591,327,264
"Lonsee","unter 3 Jahre",127,57,70
"Lonsee","3 -  6 Jahre",137,71,66
"Lonsee","6 - 10 Jahre",195,114,81
"Lonsee","10 - 15 Jahre",322,166,156
"Lonsee","15 - 18 Jahre",184,91,93
"Lonsee","18 - 20 Jahre",136,70,66
"Lonsee","20 - 25 Jahre",287,162,125
"Lonsee","25 - 30 Jahre",287,137,150
"Lonsee","30 - 35 Jahre",242,124,118
"Lonsee","35 - 40 Jahre",279,139,140
"Lonsee","40 - 45 Jahre",354,182,172
"Lonsee","45 - 50 Jahre",456,233,223
"Lonsee","50 - 55 Jahre",384,205,179
"Lonsee","55 - 60 Jahre",284,143,141
"Lonsee","60 - 65 Jahre",244,129,115
"Lonsee","65 - 75 Jahre",417,208,209
"Lonsee","75 und mehr Jahre",367,140,227
"Lonsee","Insgesamt",4702,2371,2331
"Merklingen","unter 3 Jahre",53,25,28
"Merklingen","3 -  6 Jahre",50,22,28
"Merklingen","6 - 10 Jahre",88,51,37
"Merklingen","10 - 15 Jahre",118,57,61
"Merklingen","15 - 18 Jahre",80,39,41
"Merklingen","18 - 20 Jahre",57,29,28
"Merklingen","20 - 25 Jahre",105,53,52
"Merklingen","25 - 30 Jahre",72,37,35
"Merklingen","30 - 35 Jahre",83,36,47
"Merklingen","35 - 40 Jahre",108,52,56
"Merklingen","40 - 45 Jahre",178,85,93
"Merklingen","45 - 50 Jahre",180,97,83
"Merklingen","50 - 55 Jahre",120,60,60
"Merklingen","55 - 60 Jahre",105,55,50
"Merklingen","60 - 65 Jahre",89,44,45
"Merklingen","65 - 75 Jahre",203,101,102
"Merklingen","75 und mehr Jahre",182,73,109
"Merklingen","Insgesamt",1871,916,955
"Munderkingen, Stadt","unter 3 Jahre",126,62,64
"Munderkingen, Stadt","3 -  6 Jahre",121,75,46
"Munderkingen, Stadt","6 - 10 Jahre",186,102,84
"Munderkingen, Stadt","10 - 15 Jahre",274,142,132
"Munderkingen, Stadt","15 - 18 Jahre",186,90,96
"Munderkingen, Stadt","18 - 20 Jahre",144,75,69
"Munderkingen, Stadt","20 - 25 Jahre",340,178,162
"Munderkingen, Stadt","25 - 30 Jahre",279,152,127
"Munderkingen, Stadt","30 - 35 Jahre",243,129,114
"Munderkingen, Stadt","35 - 40 Jahre",270,136,134
"Munderkingen, Stadt","40 - 45 Jahre",316,160,156
"Munderkingen, Stadt","45 - 50 Jahre",394,168,226
"Munderkingen, Stadt","50 - 55 Jahre",431,215,216
"Munderkingen, Stadt","55 - 60 Jahre",324,158,166
"Munderkingen, Stadt","60 - 65 Jahre",260,129,131
"Munderkingen, Stadt","65 - 75 Jahre",556,250,306
"Munderkingen, Stadt","75 und mehr Jahre",462,179,283
"Munderkingen, Stadt","Insgesamt",4912,2400,2512
"Neenstetten","unter 3 Jahre",28,13,15
"Neenstetten","3 -  6 Jahre",27,16,11
"Neenstetten","6 - 10 Jahre",46,21,25
"Neenstetten","10 - 15 Jahre",61,28,33
"Neenstetten","15 - 18 Jahre",26,10,16
"Neenstetten","18 - 20 Jahre",24,13,11
"Neenstetten","20 - 25 Jahre",46,27,19
"Neenstetten","25 - 30 Jahre",42,18,24
"Neenstetten","30 - 35 Jahre",39,19,20
"Neenstetten","35 - 40 Jahre",65,30,35
"Neenstetten","40 - 45 Jahre",77,39,38
"Neenstetten","45 - 50 Jahre",71,36,35
"Neenstetten","50 - 55 Jahre",64,29,35
"Neenstetten","55 - 60 Jahre",40,24,16
"Neenstetten","60 - 65 Jahre",38,16,22
"Neenstetten","65 - 75 Jahre",80,44,36
"Neenstetten","75 und mehr Jahre",53,23,30
"Neenstetten","Insgesamt",827,406,421
"Nellingen","unter 3 Jahre",49,22,27
"Nellingen","3 -  6 Jahre",64,32,32
"Nellingen","6 - 10 Jahre",100,56,44
"Nellingen","10 - 15 Jahre",123,65,58
"Nellingen","15 - 18 Jahre",69,37,32
"Nellingen","18 - 20 Jahre",56,38,18
"Nellingen","20 - 25 Jahre",101,52,49
"Nellingen","25 - 30 Jahre",94,50,44
"Nellingen","30 - 35 Jahre",82,43,39
"Nellingen","35 - 40 Jahre",122,60,62
"Nellingen","40 - 45 Jahre",188,89,99
"Nellingen","45 - 50 Jahre",173,90,83
"Nellingen","50 - 55 Jahre",151,82,69
"Nellingen","55 - 60 Jahre",123,67,56
"Nellingen","60 - 65 Jahre",95,54,41
"Nellingen","65 - 75 Jahre",163,78,85
"Nellingen","75 und mehr Jahre",136,53,83
"Nellingen","Insgesamt",1889,968,921
"Nerenstetten","unter 3 Jahre",8,5,3
"Nerenstetten","3 -  6 Jahre",10,5,5
"Nerenstetten","6 - 10 Jahre",10,3,7
"Nerenstetten","10 - 15 Jahre",24,13,11
"Nerenstetten","15 - 18 Jahre",13,6,7
"Nerenstetten","18 - 20 Jahre",9,4,5
"Nerenstetten","20 - 25 Jahre",26,13,13
"Nerenstetten","25 - 30 Jahre",29,13,16
"Nerenstetten","30 - 35 Jahre",13,9,4
"Nerenstetten","35 - 40 Jahre",17,6,11
"Nerenstetten","40 - 45 Jahre",33,14,19
"Nerenstetten","45 - 50 Jahre",34,19,15
"Nerenstetten","50 - 55 Jahre",18,7,11
"Nerenstetten","55 - 60 Jahre",30,20,10
"Nerenstetten","60 - 65 Jahre",14,7,7
"Nerenstetten","65 - 75 Jahre",28,13,15
"Nerenstetten","75 und mehr Jahre",26,11,15
"Nerenstetten","Insgesamt",342,168,174
"Oberdischingen","unter 3 Jahre",55,30,25
"Oberdischingen","3 -  6 Jahre",60,33,27
"Oberdischingen","6 - 10 Jahre",94,46,48
"Oberdischingen","10 - 15 Jahre",142,60,82
"Oberdischingen","15 - 18 Jahre",68,34,34
"Oberdischingen","18 - 20 Jahre",62,34,28
"Oberdischingen","20 - 25 Jahre",128,75,53
"Oberdischingen","25 - 30 Jahre",123,66,57
"Oberdischingen","30 - 35 Jahre",124,65,59
"Oberdischingen","35 - 40 Jahre",108,51,57
"Oberdischingen","40 - 45 Jahre",165,87,78
"Oberdischingen","45 - 50 Jahre",133,53,80
"Oberdischingen","50 - 55 Jahre",176,92,84
"Oberdischingen","55 - 60 Jahre",127,65,62
"Oberdischingen","60 - 65 Jahre",95,48,47
"Oberdischingen","65 - 75 Jahre",168,87,81
"Oberdischingen","75 und mehr Jahre",186,73,113
"Oberdischingen","Insgesamt",2014,999,1015
"Obermarchtal","unter 3 Jahre",33,13,20
"Obermarchtal","3 -  6 Jahre",35,19,16
"Obermarchtal","6 - 10 Jahre",56,34,22
"Obermarchtal","10 - 15 Jahre",109,54,55
"Obermarchtal","15 - 18 Jahre",55,26,29
"Obermarchtal","18 - 20 Jahre",30,19,11
"Obermarchtal","20 - 25 Jahre",81,42,39
"Obermarchtal","25 - 30 Jahre",67,32,35
"Obermarchtal","30 - 35 Jahre",85,45,40
"Obermarchtal","35 - 40 Jahre",82,39,43
"Obermarchtal","40 - 45 Jahre",100,55,45
"Obermarchtal","45 - 50 Jahre",101,43,58
"Obermarchtal","50 - 55 Jahre",83,46,37
"Obermarchtal","55 - 60 Jahre",72,42,30
"Obermarchtal","60 - 65 Jahre",64,28,36
"Obermarchtal","65 - 75 Jahre",106,56,50
"Obermarchtal","75 und mehr Jahre",85,35,50
"Obermarchtal","Insgesamt",1244,628,616
"Oberstadion","unter 3 Jahre",39,22,17
"Oberstadion","3 -  6 Jahre",53,29,24
"Oberstadion","6 - 10 Jahre",68,38,30
"Oberstadion","10 - 15 Jahre",109,63,46
"Oberstadion","15 - 18 Jahre",68,44,24
"Oberstadion","18 - 20 Jahre",39,24,15
"Oberstadion","20 - 25 Jahre",121,62,59
"Oberstadion","25 - 30 Jahre",111,62,49
"Oberstadion","30 - 35 Jahre",84,47,37
"Oberstadion","35 - 40 Jahre",110,52,58
"Oberstadion","40 - 45 Jahre",128,67,61
"Oberstadion","45 - 50 Jahre",145,90,55
"Oberstadion","50 - 55 Jahre",133,61,72
"Oberstadion","55 - 60 Jahre",106,59,47
"Oberstadion","60 - 65 Jahre",54,33,21
"Oberstadion","65 - 75 Jahre",103,48,55
"Oberstadion","75 und mehr Jahre",106,43,63
"Oberstadion","Insgesamt",1577,844,733
"Öllingen","unter 3 Jahre",11,6,5
"Öllingen","3 -  6 Jahre",18,12,6
"Öllingen","6 - 10 Jahre",37,21,16
"Öllingen","10 - 15 Jahre",36,19,17
"Öllingen","15 - 18 Jahre",23,13,10
"Öllingen","18 - 20 Jahre",16,10,6
"Öllingen","20 - 25 Jahre",34,16,18
"Öllingen","25 - 30 Jahre",17,7,10
"Öllingen","30 - 35 Jahre",33,16,17
"Öllingen","35 - 40 Jahre",36,19,17
"Öllingen","40 - 45 Jahre",46,24,22
"Öllingen","45 - 50 Jahre",43,24,19
"Öllingen","50 - 55 Jahre",42,24,18
"Öllingen","55 - 60 Jahre",18,8,10
"Öllingen","60 - 65 Jahre",15,8,7
"Öllingen","65 - 75 Jahre",51,26,25
"Öllingen","75 und mehr Jahre",41,20,21
"Öllingen","Insgesamt",517,273,244
"Öpfingen","unter 3 Jahre",62,33,29
"Öpfingen","3 -  6 Jahre",74,37,37
"Öpfingen","6 - 10 Jahre",105,48,57
"Öpfingen","10 - 15 Jahre",131,80,51
"Öpfingen","15 - 18 Jahre",87,42,45
"Öpfingen","18 - 20 Jahre",45,28,17
"Öpfingen","20 - 25 Jahre",120,56,64
"Öpfingen","25 - 30 Jahre",131,64,67
"Öpfingen","30 - 35 Jahre",151,78,73
"Öpfingen","35 - 40 Jahre",148,76,72
"Öpfingen","40 - 45 Jahre",193,108,85
"Öpfingen","45 - 50 Jahre",191,94,97
"Öpfingen","50 - 55 Jahre",173,89,84
"Öpfingen","55 - 60 Jahre",149,67,82
"Öpfingen","60 - 65 Jahre",114,64,50
"Öpfingen","65 - 75 Jahre",253,127,126
"Öpfingen","75 und mehr Jahre",166,65,101
"Öpfingen","Insgesamt",2293,1156,1137
"Rammingen","unter 3 Jahre",27,17,10
"Rammingen","3 -  6 Jahre",37,21,16
"Rammingen","6 - 10 Jahre",52,26,26
"Rammingen","10 - 15 Jahre",72,38,34
"Rammingen","15 - 18 Jahre",43,25,18
"Rammingen","18 - 20 Jahre",39,23,16
"Rammingen","20 - 25 Jahre",72,41,31
"Rammingen","25 - 30 Jahre",64,38,26
"Rammingen","30 - 35 Jahre",62,26,36
"Rammingen","35 - 40 Jahre",82,31,51
"Rammingen","40 - 45 Jahre",105,52,53
"Rammingen","45 - 50 Jahre",134,77,57
"Rammingen","50 - 55 Jahre",100,54,46
"Rammingen","55 - 60 Jahre",90,48,42
"Rammingen","60 - 65 Jahre",72,39,33
"Rammingen","65 - 75 Jahre",127,67,60
"Rammingen","75 und mehr Jahre",85,43,42
"Rammingen","Insgesamt",1263,666,597
"Rechtenstein","unter 3 Jahre",5,2,3
"Rechtenstein","3 -  6 Jahre",4,2,2
"Rechtenstein","6 - 10 Jahre",7,2,5
"Rechtenstein","10 - 15 Jahre",9,5,4
"Rechtenstein","15 - 18 Jahre",6,4,2
"Rechtenstein","18 - 20 Jahre",7,4,3
"Rechtenstein","20 - 25 Jahre",11,7,4
"Rechtenstein","25 - 30 Jahre",21,13,8
"Rechtenstein","30 - 35 Jahre",13,6,7
"Rechtenstein","35 - 40 Jahre",14,5,9
"Rechtenstein","40 - 45 Jahre",21,14,7
"Rechtenstein","45 - 50 Jahre",30,11,19
"Rechtenstein","50 - 55 Jahre",31,19,12
"Rechtenstein","55 - 60 Jahre",20,11,9
"Rechtenstein","60 - 65 Jahre",18,12,6
"Rechtenstein","65 - 75 Jahre",36,18,18
"Rechtenstein","75 und mehr Jahre",10,4,6
"Rechtenstein","Insgesamt",263,139,124
"Rottenacker","unter 3 Jahre",46,30,16
"Rottenacker","3 -  6 Jahre",58,27,31
"Rottenacker","6 - 10 Jahre",93,52,41
"Rottenacker","10 - 15 Jahre",124,69,55
"Rottenacker","15 - 18 Jahre",94,48,46
"Rottenacker","18 - 20 Jahre",56,35,21
"Rottenacker","20 - 25 Jahre",134,82,52
"Rottenacker","25 - 30 Jahre",121,65,56
"Rottenacker","30 - 35 Jahre",92,48,44
"Rottenacker","35 - 40 Jahre",108,44,64
"Rottenacker","40 - 45 Jahre",173,89,84
"Rottenacker","45 - 50 Jahre",205,113,92
"Rottenacker","50 - 55 Jahre",176,88,88
"Rottenacker","55 - 60 Jahre",150,72,78
"Rottenacker","60 - 65 Jahre",104,55,49
"Rottenacker","65 - 75 Jahre",206,100,106
"Rottenacker","75 und mehr Jahre",190,75,115
"Rottenacker","Insgesamt",2130,1092,1038
"Schelklingen, Stadt","unter 3 Jahre",180,88,92
"Schelklingen, Stadt","3 -  6 Jahre",195,99,96
"Schelklingen, Stadt","6 - 10 Jahre",263,132,131
"Schelklingen, Stadt","10 - 15 Jahre",420,213,207
"Schelklingen, Stadt","15 - 18 Jahre",235,120,115
"Schelklingen, Stadt","18 - 20 Jahre",222,119,103
"Schelklingen, Stadt","20 - 25 Jahre",446,246,200
"Schelklingen, Stadt","25 - 30 Jahre",400,213,187
"Schelklingen, Stadt","30 - 35 Jahre",421,253,168
"Schelklingen, Stadt","35 - 40 Jahre",518,280,238
"Schelklingen, Stadt","40 - 45 Jahre",581,305,276
"Schelklingen, Stadt","45 - 50 Jahre",585,295,290
"Schelklingen, Stadt","50 - 55 Jahre",530,278,252
"Schelklingen, Stadt","55 - 60 Jahre",428,219,209
"Schelklingen, Stadt","60 - 65 Jahre",353,171,182
"Schelklingen, Stadt","65 - 75 Jahre",677,314,363
"Schelklingen, Stadt","75 und mehr Jahre",618,250,368
"Schelklingen, Stadt","Insgesamt",7072,3595,3477
"Schnürpflingen","unter 3 Jahre",38,18,20
"Schnürpflingen","3 -  6 Jahre",40,21,19
"Schnürpflingen","6 - 10 Jahre",51,27,24
"Schnürpflingen","10 - 15 Jahre",88,45,43
"Schnürpflingen","15 - 18 Jahre",48,21,27
"Schnürpflingen","18 - 20 Jahre",36,14,22
"Schnürpflingen","20 - 25 Jahre",91,49,42
"Schnürpflingen","25 - 30 Jahre",95,50,45
"Schnürpflingen","30 - 35 Jahre",80,42,38
"Schnürpflingen","35 - 40 Jahre",68,34,34
"Schnürpflingen","40 - 45 Jahre",107,53,54
"Schnürpflingen","45 - 50 Jahre",98,48,50
"Schnürpflingen","50 - 55 Jahre",119,59,60
"Schnürpflingen","55 - 60 Jahre",94,46,48
"Schnürpflingen","60 - 65 Jahre",80,47,33
"Schnürpflingen","65 - 75 Jahre",111,57,54
"Schnürpflingen","75 und mehr Jahre",86,33,53
"Schnürpflingen","Insgesamt",1330,664,666
"Setzingen","unter 3 Jahre",22,13,9
"Setzingen","3 -  6 Jahre",18,10,8
"Setzingen","6 - 10 Jahre",28,20,8
"Setzingen","10 - 15 Jahre",38,25,13
"Setzingen","15 - 18 Jahre",19,12,7
"Setzingen","18 - 20 Jahre",15,6,9
"Setzingen","20 - 25 Jahre",35,18,17
"Setzingen","25 - 30 Jahre",41,21,20
"Setzingen","30 - 35 Jahre",30,13,17
"Setzingen","35 - 40 Jahre",44,20,24
"Setzingen","40 - 45 Jahre",47,22,25
"Setzingen","45 - 50 Jahre",57,31,26
"Setzingen","50 - 55 Jahre",48,22,26
"Setzingen","55 - 60 Jahre",39,19,20
"Setzingen","60 - 65 Jahre",39,19,20
"Setzingen","65 - 75 Jahre",65,34,31
"Setzingen","75 und mehr Jahre",41,14,27
"Setzingen","Insgesamt",626,319,307
"Untermarchtal","unter 3 Jahre",17,7,10
"Untermarchtal","3 -  6 Jahre",19,9,10
"Untermarchtal","6 - 10 Jahre",43,26,17
"Untermarchtal","10 - 15 Jahre",53,23,30
"Untermarchtal","15 - 18 Jahre",18,11,7
"Untermarchtal","18 - 20 Jahre",27,10,17
"Untermarchtal","20 - 25 Jahre",36,23,13
"Untermarchtal","25 - 30 Jahre",20,9,11
"Untermarchtal","30 - 35 Jahre",43,19,24
"Untermarchtal","35 - 40 Jahre",40,21,19
"Untermarchtal","40 - 45 Jahre",78,36,42
"Untermarchtal","45 - 50 Jahre",57,26,31
"Untermarchtal","50 - 55 Jahre",52,24,28
"Untermarchtal","55 - 60 Jahre",50,24,26
"Untermarchtal","60 - 65 Jahre",36,16,20
"Untermarchtal","65 - 75 Jahre",109,29,80
"Untermarchtal","75 und mehr Jahre",235,27,208
"Untermarchtal","Insgesamt",933,340,593
"Unterstadion","unter 3 Jahre",16,9,7
"Unterstadion","3 -  6 Jahre",25,9,16
"Unterstadion","6 - 10 Jahre",41,17,24
"Unterstadion","10 - 15 Jahre",50,27,23
"Unterstadion","15 - 18 Jahre",27,18,9
"Unterstadion","18 - 20 Jahre",25,15,10
"Unterstadion","20 - 25 Jahre",46,18,28
"Unterstadion","25 - 30 Jahre",48,24,24
"Unterstadion","30 - 35 Jahre",40,19,21
"Unterstadion","35 - 40 Jahre",56,24,32
"Unterstadion","40 - 45 Jahre",65,36,29
"Unterstadion","45 - 50 Jahre",49,25,24
"Unterstadion","50 - 55 Jahre",54,28,26
"Unterstadion","55 - 60 Jahre",54,29,25
"Unterstadion","60 - 65 Jahre",48,29,19
"Unterstadion","65 - 75 Jahre",49,20,29
"Unterstadion","75 und mehr Jahre",35,15,20
"Unterstadion","Insgesamt",728,362,366
"Unterwachingen","unter 3 Jahre",11,7,4
"Unterwachingen","3 -  6 Jahre",14,8,6
"Unterwachingen","6 - 10 Jahre",8,5,3
"Unterwachingen","10 - 15 Jahre",15,9,6
"Unterwachingen","15 - 18 Jahre",6,3,3
"Unterwachingen","18 - 20 Jahre",4,3,1
"Unterwachingen","20 - 25 Jahre",10,6,4
"Unterwachingen","25 - 30 Jahre",10,5,5
"Unterwachingen","30 - 35 Jahre",16,5,11
"Unterwachingen","35 - 40 Jahre",12,7,5
"Unterwachingen","40 - 45 Jahre",15,7,8
"Unterwachingen","45 - 50 Jahre",15,10,5
"Unterwachingen","50 - 55 Jahre",7,3,4
"Unterwachingen","55 - 60 Jahre",14,8,6
"Unterwachingen","60 - 65 Jahre",13,7,6
"Unterwachingen","65 - 75 Jahre",20,10,10
"Unterwachingen","75 und mehr Jahre",13,2,11
"Unterwachingen","Insgesamt",203,105,98
"Weidenstetten","unter 3 Jahre",37,18,19
"Weidenstetten","3 -  6 Jahre",37,21,16
"Weidenstetten","6 - 10 Jahre",57,27,30
"Weidenstetten","10 - 15 Jahre",85,42,43
"Weidenstetten","15 - 18 Jahre",59,30,29
"Weidenstetten","18 - 20 Jahre",29,16,13
"Weidenstetten","20 - 25 Jahre",55,27,28
"Weidenstetten","25 - 30 Jahre",63,30,33
"Weidenstetten","30 - 35 Jahre",82,43,39
"Weidenstetten","35 - 40 Jahre",67,42,25
"Weidenstetten","40 - 45 Jahre",109,57,52
"Weidenstetten","45 - 50 Jahre",99,60,39
"Weidenstetten","50 - 55 Jahre",102,51,51
"Weidenstetten","55 - 60 Jahre",67,35,32
"Weidenstetten","60 - 65 Jahre",57,27,30
"Weidenstetten","65 - 75 Jahre",154,73,81
"Weidenstetten","75 und mehr Jahre",109,51,58
"Weidenstetten","Insgesamt",1268,650,618
"Westerheim","unter 3 Jahre",77,39,38
"Westerheim","3 -  6 Jahre",97,48,49
"Westerheim","6 - 10 Jahre",147,81,66
"Westerheim","10 - 15 Jahre",173,86,87
"Westerheim","15 - 18 Jahre",93,54,39
"Westerheim","18 - 20 Jahre",70,39,31
"Westerheim","20 - 25 Jahre",148,84,64
"Westerheim","25 - 30 Jahre",159,84,75
"Westerheim","30 - 35 Jahre",155,68,87
"Westerheim","35 - 40 Jahre",180,86,94
"Westerheim","40 - 45 Jahre",243,127,116
"Westerheim","45 - 50 Jahre",250,130,120
"Westerheim","50 - 55 Jahre",196,90,106
"Westerheim","55 - 60 Jahre",195,101,94
"Westerheim","60 - 65 Jahre",132,61,71
"Westerheim","65 - 75 Jahre",337,173,164
"Westerheim","75 und mehr Jahre",212,76,136
"Westerheim","Insgesamt",2864,1427,1437
"Westerstetten","unter 3 Jahre",59,33,26
"Westerstetten","3 -  6 Jahre",72,33,39
"Westerstetten","6 - 10 Jahre",93,40,53
"Westerstetten","10 - 15 Jahre",137,68,69
"Westerstetten","15 - 18 Jahre",80,36,44
"Westerstetten","18 - 20 Jahre",67,36,31
"Westerstetten","20 - 25 Jahre",132,76,56
"Westerstetten","25 - 30 Jahre",134,77,57
"Westerstetten","30 - 35 Jahre",128,56,72
"Westerstetten","35 - 40 Jahre",154,77,77
"Westerstetten","40 - 45 Jahre",163,77,86
"Westerstetten","45 - 50 Jahre",201,97,104
"Westerstetten","50 - 55 Jahre",196,95,101
"Westerstetten","55 - 60 Jahre",145,84,61
"Westerstetten","60 - 65 Jahre",101,48,53
"Westerstetten","65 - 75 Jahre",183,95,88
"Westerstetten","75 und mehr Jahre",158,54,104
"Westerstetten","Insgesamt",2203,1082,1121
"Illerkirchberg","unter 3 Jahre",138,67,71
"Illerkirchberg","3 -  6 Jahre",134,67,67
"Illerkirchberg","6 - 10 Jahre",194,106,88
"Illerkirchberg","10 - 15 Jahre",294,141,153
"Illerkirchberg","15 - 18 Jahre",166,78,88
"Illerkirchberg","18 - 20 Jahre",105,62,43
"Illerkirchberg","20 - 25 Jahre",232,110,122
"Illerkirchberg","25 - 30 Jahre",253,130,123
"Illerkirchberg","30 - 35 Jahre",276,153,123
"Illerkirchberg","35 - 40 Jahre",301,146,155
"Illerkirchberg","40 - 45 Jahre",414,213,201
"Illerkirchberg","45 - 50 Jahre",418,225,193
"Illerkirchberg","50 - 55 Jahre",353,176,177
"Illerkirchberg","55 - 60 Jahre",341,187,154
"Illerkirchberg","60 - 65 Jahre",287,144,143
"Illerkirchberg","65 - 75 Jahre",475,238,237
"Illerkirchberg","75 und mehr Jahre",397,167,230
"Illerkirchberg","Insgesamt",4778,2410,2368
"Staig","unter 3 Jahre",69,43,26
"Staig","3 -  6 Jahre",82,45,37
"Staig","6 - 10 Jahre",120,63,57
"Staig","10 - 15 Jahre",175,95,80
"Staig","15 - 18 Jahre",122,65,57
"Staig","18 - 20 Jahre",65,32,33
"Staig","20 - 25 Jahre",171,80,91
"Staig","25 - 30 Jahre",138,78,60
"Staig","30 - 35 Jahre",154,69,85
"Staig","35 - 40 Jahre",187,86,101
"Staig","40 - 45 Jahre",258,131,127
"Staig","45 - 50 Jahre",310,143,167
"Staig","50 - 55 Jahre",250,128,122
"Staig","55 - 60 Jahre",219,115,104
"Staig","60 - 65 Jahre",187,99,88
"Staig","65 - 75 Jahre",377,200,177
"Staig","75 und mehr Jahre",252,106,146
"Staig","Insgesamt",3136,1578,1558
"Heroldstatt","unter 3 Jahre",63,38,25
"Heroldstatt","3 -  6 Jahre",83,38,45
"Heroldstatt","6 - 10 Jahre",106,42,64
"Heroldstatt","10 - 15 Jahre",184,98,86
"Heroldstatt","15 - 18 Jahre",107,58,49
"Heroldstatt","18 - 20 Jahre",83,40,43
"Heroldstatt","20 - 25 Jahre",140,89,51
"Heroldstatt","25 - 30 Jahre",127,69,58
"Heroldstatt","30 - 35 Jahre",164,83,81
"Heroldstatt","35 - 40 Jahre",148,70,78
"Heroldstatt","40 - 45 Jahre",229,126,103
"Heroldstatt","45 - 50 Jahre",266,137,129
"Heroldstatt","50 - 55 Jahre",199,104,95
"Heroldstatt","55 - 60 Jahre",146,76,70
"Heroldstatt","60 - 65 Jahre",132,67,65
"Heroldstatt","65 - 75 Jahre",247,112,135
"Heroldstatt","75 und mehr Jahre",248,88,160
"Heroldstatt","Insgesamt",2672,1335,1337
"Balzheim","unter 3 Jahre",53,36,17
"Balzheim","3 -  6 Jahre",72,36,36
"Balzheim","6 - 10 Jahre",76,45,31
"Balzheim","10 - 15 Jahre",142,66,76
"Balzheim","15 - 18 Jahre",82,41,41
"Balzheim","18 - 20 Jahre",52,28,24
"Balzheim","20 - 25 Jahre",138,89,49
"Balzheim","25 - 30 Jahre",100,52,48
"Balzheim","30 - 35 Jahre",112,58,54
"Balzheim","35 - 40 Jahre",83,48,35
"Balzheim","40 - 45 Jahre",195,90,105
"Balzheim","45 - 50 Jahre",193,99,94
"Balzheim","50 - 55 Jahre",181,88,93
"Balzheim","55 - 60 Jahre",141,85,56
"Balzheim","60 - 65 Jahre",103,58,45
"Balzheim","65 - 75 Jahre",160,74,86
"Balzheim","75 und mehr Jahre",110,55,55
"Balzheim","Insgesamt",1993,1048,945
"Blaustein","unter 3 Jahre",411,216,195
"Blaustein","3 -  6 Jahre",460,236,224
"Blaustein","6 - 10 Jahre",627,314,313
"Blaustein","10 - 15 Jahre",816,414,402
"Blaustein","15 - 18 Jahre",467,254,213
"Blaustein","18 - 20 Jahre",340,176,164
"Blaustein","20 - 25 Jahre",850,419,431
"Blaustein","25 - 30 Jahre",956,484,472
"Blaustein","30 - 35 Jahre",972,518,454
"Blaustein","35 - 40 Jahre",1022,522,500
"Blaustein","40 - 45 Jahre",1342,686,656
"Blaustein","45 - 50 Jahre",1362,692,670
"Blaustein","50 - 55 Jahre",1109,553,556
"Blaustein","55 - 60 Jahre",926,475,451
"Blaustein","60 - 65 Jahre",795,387,408
"Blaustein","65 - 75 Jahre",1660,799,861
"Blaustein","75 und mehr Jahre",1374,565,809
"Blaustein","Insgesamt",15489,7710,7779
"Landkreis Biberach","unter 3 Jahre",5252,2654,2598
"Landkreis Biberach","3 -  6 Jahre",5491,2848,2643
"Landkreis Biberach","6 - 10 Jahre",8002,4083,3919
"Landkreis Biberach","10 - 15 Jahre",11550,5872,5678
"Landkreis Biberach","15 - 18 Jahre",7121,3632,3489
"Landkreis Biberach","18 - 20 Jahre",5093,2602,2491
"Landkreis Biberach","20 - 25 Jahre",11725,6193,5532
"Landkreis Biberach","25 - 30 Jahre",11120,5720,5400
"Landkreis Biberach","30 - 35 Jahre",10777,5450,5327
"Landkreis Biberach","35 - 40 Jahre",12105,6035,6070
"Landkreis Biberach","40 - 45 Jahre",15654,7989,7665
"Landkreis Biberach","45 - 50 Jahre",15984,8309,7675
"Landkreis Biberach","50 - 55 Jahre",14341,7209,7132
"Landkreis Biberach","55 - 60 Jahre",11944,6129,5815
"Landkreis Biberach","60 - 65 Jahre",9790,5006,4784
"Landkreis Biberach","65 - 75 Jahre",17944,8672,9272
"Landkreis Biberach","75 und mehr Jahre",15419,5932,9487
"Landkreis Biberach","Insgesamt",189312,94335,94977
"Achstetten","unter 3 Jahre",147,69,78
"Achstetten","3 -  6 Jahre",133,65,68
"Achstetten","6 - 10 Jahre",220,116,104
"Achstetten","10 - 15 Jahre",245,127,118
"Achstetten","15 - 18 Jahre",162,77,85
"Achstetten","18 - 20 Jahre",117,57,60
"Achstetten","20 - 25 Jahre",260,124,136
"Achstetten","25 - 30 Jahre",265,139,126
"Achstetten","30 - 35 Jahre",273,150,123
"Achstetten","35 - 40 Jahre",323,168,155
"Achstetten","40 - 45 Jahre",360,186,174
"Achstetten","45 - 50 Jahre",342,166,176
"Achstetten","50 - 55 Jahre",280,138,142
"Achstetten","55 - 60 Jahre",245,113,132
"Achstetten","60 - 65 Jahre",230,122,108
"Achstetten","65 - 75 Jahre",316,161,155
"Achstetten","75 und mehr Jahre",257,100,157
"Achstetten","Insgesamt",4175,2078,2097
"Alleshausen","unter 3 Jahre",8,4,4
"Alleshausen","3 -  6 Jahre",15,9,6
"Alleshausen","6 - 10 Jahre",25,10,15
"Alleshausen","10 - 15 Jahre",32,21,11
"Alleshausen","15 - 18 Jahre",23,12,11
"Alleshausen","18 - 20 Jahre",13,8,5
"Alleshausen","20 - 25 Jahre",40,22,18
"Alleshausen","25 - 30 Jahre",32,22,10
"Alleshausen","30 - 35 Jahre",21,8,13
"Alleshausen","35 - 40 Jahre",15,11,4
"Alleshausen","40 - 45 Jahre",44,21,23
"Alleshausen","45 - 50 Jahre",40,23,17
"Alleshausen","50 - 55 Jahre",39,18,21
"Alleshausen","55 - 60 Jahre",25,13,12
"Alleshausen","60 - 65 Jahre",28,16,12
"Alleshausen","65 - 75 Jahre",33,16,17
"Alleshausen","75 und mehr Jahre",57,21,36
"Alleshausen","Insgesamt",490,255,235
"Allmannsweiler","unter 3 Jahre",4,3,1
"Allmannsweiler","3 -  6 Jahre",7,4,3
"Allmannsweiler","6 - 10 Jahre",15,6,9
"Allmannsweiler","10 - 15 Jahre",24,10,14
"Allmannsweiler","15 - 18 Jahre",17,8,9
"Allmannsweiler","18 - 20 Jahre",10,2,8
"Allmannsweiler","20 - 25 Jahre",21,11,10
"Allmannsweiler","25 - 30 Jahre",17,10,7
"Allmannsweiler","30 - 35 Jahre",8,2,6
"Allmannsweiler","35 - 40 Jahre",12,5,7
"Allmannsweiler","40 - 45 Jahre",30,13,17
"Allmannsweiler","45 - 50 Jahre",41,22,19
"Allmannsweiler","50 - 55 Jahre",25,14,11
"Allmannsweiler","55 - 60 Jahre",21,14,7
"Allmannsweiler","60 - 65 Jahre",7,3,4
"Allmannsweiler","65 - 75 Jahre",23,15,8
"Allmannsweiler","75 und mehr Jahre",22,12,10
"Allmannsweiler","Insgesamt",304,154,150
"Altheim","unter 3 Jahre",57,29,28
"Altheim","3 -  6 Jahre",65,30,35
"Altheim","6 - 10 Jahre",103,58,45
"Altheim","10 - 15 Jahre",137,61,76
"Altheim","15 - 18 Jahre",80,33,47
"Altheim","18 - 20 Jahre",69,27,42
"Altheim","20 - 25 Jahre",139,78,61
"Altheim","25 - 30 Jahre",119,71,48
"Altheim","30 - 35 Jahre",114,61,53
"Altheim","35 - 40 Jahre",138,62,76
"Altheim","40 - 45 Jahre",208,108,100
"Altheim","45 - 50 Jahre",187,97,90
"Altheim","50 - 55 Jahre",202,96,106
"Altheim","55 - 60 Jahre",144,84,60
"Altheim","60 - 65 Jahre",130,67,63
"Altheim","65 - 75 Jahre",191,103,88
"Altheim","75 und mehr Jahre",184,67,117
"Altheim","Insgesamt",2267,1132,1135
"Attenweiler","unter 3 Jahre",49,26,23
"Attenweiler","3 -  6 Jahre",45,22,23
"Attenweiler","6 - 10 Jahre",85,44,41
"Attenweiler","10 - 15 Jahre",130,78,52
"Attenweiler","15 - 18 Jahre",71,33,38
"Attenweiler","18 - 20 Jahre",53,34,19
"Attenweiler","20 - 25 Jahre",114,65,49
"Attenweiler","25 - 30 Jahre",90,51,39
"Attenweiler","30 - 35 Jahre",91,44,47
"Attenweiler","35 - 40 Jahre",105,66,39
"Attenweiler","40 - 45 Jahre",166,80,86
"Attenweiler","45 - 50 Jahre",149,92,57
"Attenweiler","50 - 55 Jahre",130,70,60
"Attenweiler","55 - 60 Jahre",115,59,56
"Attenweiler","60 - 65 Jahre",66,34,32
"Attenweiler","65 - 75 Jahre",158,77,81
"Attenweiler","75 und mehr Jahre",119,55,64
"Attenweiler","Insgesamt",1736,930,806
"Bad Buchau, Stadt","unter 3 Jahre",105,53,52
"Bad Buchau, Stadt","3 -  6 Jahre",107,51,56
"Bad Buchau, Stadt","6 - 10 Jahre",121,57,64
"Bad Buchau, Stadt","10 - 15 Jahre",196,98,98
"Bad Buchau, Stadt","15 - 18 Jahre",134,63,71
"Bad Buchau, Stadt","18 - 20 Jahre",96,50,46
"Bad Buchau, Stadt","20 - 25 Jahre",231,133,98
"Bad Buchau, Stadt","25 - 30 Jahre",221,124,97
"Bad Buchau, Stadt","30 - 35 Jahre",219,108,111
"Bad Buchau, Stadt","35 - 40 Jahre",228,122,106
"Bad Buchau, Stadt","40 - 45 Jahre",287,145,142
"Bad Buchau, Stadt","45 - 50 Jahre",297,172,125
"Bad Buchau, Stadt","50 - 55 Jahre",327,154,173
"Bad Buchau, Stadt","55 - 60 Jahre",250,114,136
"Bad Buchau, Stadt","60 - 65 Jahre",244,113,131
"Bad Buchau, Stadt","65 - 75 Jahre",469,233,236
"Bad Buchau, Stadt","75 und mehr Jahre",459,176,283
"Bad Buchau, Stadt","Insgesamt",3991,1966,2025
"Bad Schussenried, Stadt","unter 3 Jahre",198,97,101
"Bad Schussenried, Stadt","3 -  6 Jahre",234,126,108
"Bad Schussenried, Stadt","6 - 10 Jahre",347,176,171
"Bad Schussenried, Stadt","10 - 15 Jahre",507,270,237
"Bad Schussenried, Stadt","15 - 18 Jahre",282,151,131
"Bad Schussenried, Stadt","18 - 20 Jahre",214,102,112
"Bad Schussenried, Stadt","20 - 25 Jahre",476,246,230
"Bad Schussenried, Stadt","25 - 30 Jahre",468,228,240
"Bad Schussenried, Stadt","30 - 35 Jahre",443,216,227
"Bad Schussenried, Stadt","35 - 40 Jahre",488,250,238
"Bad Schussenried, Stadt","40 - 45 Jahre",683,344,339
"Bad Schussenried, Stadt","45 - 50 Jahre",722,372,350
"Bad Schussenried, Stadt","50 - 55 Jahre",680,341,339
"Bad Schussenried, Stadt","55 - 60 Jahre",556,298,258
"Bad Schussenried, Stadt","60 - 65 Jahre",421,213,208
"Bad Schussenried, Stadt","65 - 75 Jahre",905,440,465
"Bad Schussenried, Stadt","75 und mehr Jahre",840,325,515
"Bad Schussenried, Stadt","Insgesamt",8464,4195,4269
"Berkheim","unter 3 Jahre",80,37,43
"Berkheim","3 -  6 Jahre",85,48,37
"Berkheim","6 - 10 Jahre",121,64,57
"Berkheim","10 - 15 Jahre",170,89,81
"Berkheim","15 - 18 Jahre",106,59,47
"Berkheim","18 - 20 Jahre",54,21,33
"Berkheim","20 - 25 Jahre",146,85,61
"Berkheim","25 - 30 Jahre",157,88,69
"Berkheim","30 - 35 Jahre",194,89,105
"Berkheim","35 - 40 Jahre",223,93,130
"Berkheim","40 - 45 Jahre",209,114,95
"Berkheim","45 - 50 Jahre",183,97,86
"Berkheim","50 - 55 Jahre",173,85,88
"Berkheim","55 - 60 Jahre",195,99,96
"Berkheim","60 - 65 Jahre",157,83,74
"Berkheim","65 - 75 Jahre",229,121,108
"Berkheim","75 und mehr Jahre",186,66,120
"Berkheim","Insgesamt",2668,1338,1330
"Betzenweiler","unter 3 Jahre",17,10,7
"Betzenweiler","3 -  6 Jahre",20,13,7
"Betzenweiler","6 - 10 Jahre",37,16,21
"Betzenweiler","10 - 15 Jahre",53,25,28
"Betzenweiler","15 - 18 Jahre",28,15,13
"Betzenweiler","18 - 20 Jahre",22,14,8
"Betzenweiler","20 - 25 Jahre",53,32,21
"Betzenweiler","25 - 30 Jahre",39,22,17
"Betzenweiler","30 - 35 Jahre",38,18,20
"Betzenweiler","35 - 40 Jahre",44,21,23
"Betzenweiler","40 - 45 Jahre",59,25,34
"Betzenweiler","45 - 50 Jahre",63,38,25
"Betzenweiler","50 - 55 Jahre",45,19,26
"Betzenweiler","55 - 60 Jahre",53,29,24
"Betzenweiler","60 - 65 Jahre",39,22,17
"Betzenweiler","65 - 75 Jahre",51,22,29
"Betzenweiler","75 und mehr Jahre",37,15,22
"Betzenweiler","Insgesamt",698,356,342
"Biberach an der Riß, Stadt","unter 3 Jahre",857,429,428
"Biberach an der Riß, Stadt","3 -  6 Jahre",836,423,413
"Biberach an der Riß, Stadt","6 - 10 Jahre",1162,595,567
"Biberach an der Riß, Stadt","10 - 15 Jahre",1700,838,862
"Biberach an der Riß, Stadt","15 - 18 Jahre",1041,535,506
"Biberach an der Riß, Stadt","18 - 20 Jahre",805,423,382
"Biberach an der Riß, Stadt","20 - 25 Jahre",1930,997,933
"Biberach an der Riß, Stadt","25 - 30 Jahre",2045,1051,994
"Biberach an der Riß, Stadt","30 - 35 Jahre",1975,1006,969
"Biberach an der Riß, Stadt","35 - 40 Jahre",1996,994,1002
"Biberach an der Riß, Stadt","40 - 45 Jahre",2546,1306,1240
"Biberach an der Riß, Stadt","45 - 50 Jahre",2577,1327,1250
"Biberach an der Riß, Stadt","50 - 55 Jahre",2382,1141,1241
"Biberach an der Riß, Stadt","55 - 60 Jahre",2030,993,1037
"Biberach an der Riß, Stadt","60 - 65 Jahre",1782,858,924
"Biberach an der Riß, Stadt","65 - 75 Jahre",3468,1595,1873
"Biberach an der Riß, Stadt","75 und mehr Jahre",3262,1230,2032
"Biberach an der Riß, Stadt","Insgesamt",32394,15741,16653
"Burgrieden","unter 3 Jahre",99,51,48
"Burgrieden","3 -  6 Jahre",114,57,57
"Burgrieden","6 - 10 Jahre",167,90,77
"Burgrieden","10 - 15 Jahre",257,126,131
"Burgrieden","15 - 18 Jahre",155,79,76
"Burgrieden","18 - 20 Jahre",102,53,49
"Burgrieden","20 - 25 Jahre",214,122,92
"Burgrieden","25 - 30 Jahre",194,98,96
"Burgrieden","30 - 35 Jahre",188,93,95
"Burgrieden","35 - 40 Jahre",222,97,125
"Burgrieden","40 - 45 Jahre",349,182,167
"Burgrieden","45 - 50 Jahre",394,211,183
"Burgrieden","50 - 55 Jahre",283,150,133
"Burgrieden","55 - 60 Jahre",212,112,100
"Burgrieden","60 - 65 Jahre",151,82,69
"Burgrieden","65 - 75 Jahre",274,135,139
"Burgrieden","75 und mehr Jahre",244,93,151
"Burgrieden","Insgesamt",3619,1831,1788
"Dettingen an der Iller","unter 3 Jahre",60,29,31
"Dettingen an der Iller","3 -  6 Jahre",92,46,46
"Dettingen an der Iller","6 - 10 Jahre",114,57,57
"Dettingen an der Iller","10 - 15 Jahre",152,73,79
"Dettingen an der Iller","15 - 18 Jahre",90,41,49
"Dettingen an der Iller","18 - 20 Jahre",74,42,32
"Dettingen an der Iller","20 - 25 Jahre",187,97,90
"Dettingen an der Iller","25 - 30 Jahre",137,59,78
"Dettingen an der Iller","30 - 35 Jahre",135,71,64
"Dettingen an der Iller","35 - 40 Jahre",147,74,73
"Dettingen an der Iller","40 - 45 Jahre",202,111,91
"Dettingen an der Iller","45 - 50 Jahre",216,99,117
"Dettingen an der Iller","50 - 55 Jahre",185,99,86
"Dettingen an der Iller","55 - 60 Jahre",130,70,60
"Dettingen an der Iller","60 - 65 Jahre",79,47,32
"Dettingen an der Iller","65 - 75 Jahre",200,98,102
"Dettingen an der Iller","75 und mehr Jahre",136,66,70
"Dettingen an der Iller","Insgesamt",2336,1179,1157
"Dürmentingen","unter 3 Jahre",73,33,40
"Dürmentingen","3 -  6 Jahre",77,39,38
"Dürmentingen","6 - 10 Jahre",121,65,56
"Dürmentingen","10 - 15 Jahre",193,97,96
"Dürmentingen","15 - 18 Jahre",103,51,52
"Dürmentingen","18 - 20 Jahre",82,49,33
"Dürmentingen","20 - 25 Jahre",170,83,87
"Dürmentingen","25 - 30 Jahre",131,73,58
"Dürmentingen","30 - 35 Jahre",144,64,80
"Dürmentingen","35 - 40 Jahre",165,98,67
"Dürmentingen","40 - 45 Jahre",205,110,95
"Dürmentingen","45 - 50 Jahre",198,101,97
"Dürmentingen","50 - 55 Jahre",198,104,94
"Dürmentingen","55 - 60 Jahre",157,85,72
"Dürmentingen","60 - 65 Jahre",130,62,68
"Dürmentingen","65 - 75 Jahre",212,99,113
"Dürmentingen","75 und mehr Jahre",228,88,140
"Dürmentingen","Insgesamt",2587,1301,1286
"Dürnau","unter 3 Jahre",7,3,4
"Dürnau","3 -  6 Jahre",11,5,6
"Dürnau","6 - 10 Jahre",21,12,9
"Dürnau","10 - 15 Jahre",37,21,16
"Dürnau","15 - 18 Jahre",9,5,4
"Dürnau","18 - 20 Jahre",12,5,7
"Dürnau","20 - 25 Jahre",30,16,14
"Dürnau","25 - 30 Jahre",36,18,18
"Dürnau","30 - 35 Jahre",27,17,10
"Dürnau","35 - 40 Jahre",29,12,17
"Dürnau","40 - 45 Jahre",40,20,20
"Dürnau","45 - 50 Jahre",36,18,18
"Dürnau","50 - 55 Jahre",23,15,8
"Dürnau","55 - 60 Jahre",34,16,18
"Dürnau","60 - 65 Jahre",28,12,16
"Dürnau","65 - 75 Jahre",36,18,18
"Dürnau","75 und mehr Jahre",38,18,20
"Dürnau","Insgesamt",454,231,223
"Eberhardzell","unter 3 Jahre",134,76,58
"Eberhardzell","3 -  6 Jahre",134,79,55
"Eberhardzell","6 - 10 Jahre",187,100,87
"Eberhardzell","10 - 15 Jahre",281,142,139
"Eberhardzell","15 - 18 Jahre",177,93,84
"Eberhardzell","18 - 20 Jahre",122,74,48
"Eberhardzell","20 - 25 Jahre",268,149,119
"Eberhardzell","25 - 30 Jahre",239,125,114
"Eberhardzell","30 - 35 Jahre",242,123,119
"Eberhardzell","35 - 40 Jahre",232,104,128
"Eberhardzell","40 - 45 Jahre",370,196,174
"Eberhardzell","45 - 50 Jahre",365,191,174
"Eberhardzell","50 - 55 Jahre",332,158,174
"Eberhardzell","55 - 60 Jahre",282,160,122
"Eberhardzell","60 - 65 Jahre",183,105,78
"Eberhardzell","65 - 75 Jahre",321,161,160
"Eberhardzell","75 und mehr Jahre",291,106,185
"Eberhardzell","Insgesamt",4160,2142,2018
"Erlenmoos","unter 3 Jahre",47,25,22
"Erlenmoos","3 -  6 Jahre",52,27,25
"Erlenmoos","6 - 10 Jahre",95,36,59
"Erlenmoos","10 - 15 Jahre",126,70,56
"Erlenmoos","15 - 18 Jahre",68,38,30
"Erlenmoos","18 - 20 Jahre",48,20,28
"Erlenmoos","20 - 25 Jahre",100,65,35
"Erlenmoos","25 - 30 Jahre",84,43,41
"Erlenmoos","30 - 35 Jahre",96,45,51
"Erlenmoos","35 - 40 Jahre",101,47,54
"Erlenmoos","40 - 45 Jahre",164,90,74
"Erlenmoos","45 - 50 Jahre",114,63,51
"Erlenmoos","50 - 55 Jahre",134,67,67
"Erlenmoos","55 - 60 Jahre",94,53,41
"Erlenmoos","60 - 65 Jahre",78,47,31
"Erlenmoos","65 - 75 Jahre",141,64,77
"Erlenmoos","75 und mehr Jahre",115,55,60
"Erlenmoos","Insgesamt",1657,855,802
"Erolzheim","unter 3 Jahre",92,45,47
"Erolzheim","3 -  6 Jahre",87,44,43
"Erolzheim","6 - 10 Jahre",134,75,59
"Erolzheim","10 - 15 Jahre",178,91,87
"Erolzheim","15 - 18 Jahre",130,66,64
"Erolzheim","18 - 20 Jahre",84,43,41
"Erolzheim","20 - 25 Jahre",215,108,107
"Erolzheim","25 - 30 Jahre",212,110,102
"Erolzheim","30 - 35 Jahre",155,75,80
"Erolzheim","35 - 40 Jahre",184,95,89
"Erolzheim","40 - 45 Jahre",252,106,146
"Erolzheim","45 - 50 Jahre",304,149,155
"Erolzheim","50 - 55 Jahre",247,118,129
"Erolzheim","55 - 60 Jahre",208,108,100
"Erolzheim","60 - 65 Jahre",169,88,81
"Erolzheim","65 - 75 Jahre",272,133,139
"Erolzheim","75 und mehr Jahre",262,97,165
"Erolzheim","Insgesamt",3185,1551,1634
"Ertingen","unter 3 Jahre",164,82,82
"Ertingen","3 -  6 Jahre",162,82,80
"Ertingen","6 - 10 Jahre",259,137,122
"Ertingen","10 - 15 Jahre",347,196,151
"Ertingen","15 - 18 Jahre",200,107,93
"Ertingen","18 - 20 Jahre",159,81,78
"Ertingen","20 - 25 Jahre",336,203,133
"Ertingen","25 - 30 Jahre",297,149,148
"Ertingen","30 - 35 Jahre",249,116,133
"Ertingen","35 - 40 Jahre",365,172,193
"Ertingen","40 - 45 Jahre",445,217,228
"Ertingen","45 - 50 Jahre",434,221,213
"Ertingen","50 - 55 Jahre",413,197,216
"Ertingen","55 - 60 Jahre",346,187,159
"Ertingen","60 - 65 Jahre",251,134,117
"Ertingen","65 - 75 Jahre",497,252,245
"Ertingen","75 und mehr Jahre",470,164,306
"Ertingen","Insgesamt",5394,2697,2697
"Hochdorf","unter 3 Jahre",76,35,41
"Hochdorf","3 -  6 Jahre",70,28,42
"Hochdorf","6 - 10 Jahre",92,46,46
"Hochdorf","10 - 15 Jahre",124,67,57
"Hochdorf","15 - 18 Jahre",76,32,44
"Hochdorf","18 - 20 Jahre",59,27,32
"Hochdorf","20 - 25 Jahre",105,50,55
"Hochdorf","25 - 30 Jahre",121,51,70
"Hochdorf","30 - 35 Jahre",137,68,69
"Hochdorf","35 - 40 Jahre",155,79,76
"Hochdorf","40 - 45 Jahre",165,85,80
"Hochdorf","45 - 50 Jahre",193,101,92
"Hochdorf","50 - 55 Jahre",149,65,84
"Hochdorf","55 - 60 Jahre",143,78,65
"Hochdorf","60 - 65 Jahre",134,68,66
"Hochdorf","65 - 75 Jahre",205,105,100
"Hochdorf","75 und mehr Jahre",135,60,75
"Hochdorf","Insgesamt",2139,1045,1094
"Ingoldingen","unter 3 Jahre",86,44,42
"Ingoldingen","3 -  6 Jahre",73,40,33
"Ingoldingen","6 - 10 Jahre",82,40,42
"Ingoldingen","10 - 15 Jahre",154,82,72
"Ingoldingen","15 - 18 Jahre",125,64,61
"Ingoldingen","18 - 20 Jahre",79,44,35
"Ingoldingen","20 - 25 Jahre",172,91,81
"Ingoldingen","25 - 30 Jahre",159,73,86
"Ingoldingen","30 - 35 Jahre",155,76,79
"Ingoldingen","35 - 40 Jahre",143,83,60
"Ingoldingen","40 - 45 Jahre",215,109,106
"Ingoldingen","45 - 50 Jahre",185,95,90
"Ingoldingen","50 - 55 Jahre",207,105,102
"Ingoldingen","55 - 60 Jahre",204,101,103
"Ingoldingen","60 - 65 Jahre",161,84,77
"Ingoldingen","65 - 75 Jahre",239,128,111
"Ingoldingen","75 und mehr Jahre",191,84,107
"Ingoldingen","Insgesamt",2630,1343,1287
"Kanzach","unter 3 Jahre",12,4,8
"Kanzach","3 -  6 Jahre",15,6,9
"Kanzach","6 - 10 Jahre",17,9,8
"Kanzach","10 - 15 Jahre",21,12,9
"Kanzach","15 - 18 Jahre",16,8,8
"Kanzach","18 - 20 Jahre",20,8,12
"Kanzach","20 - 25 Jahre",32,20,12
"Kanzach","25 - 30 Jahre",25,11,14
"Kanzach","30 - 35 Jahre",20,8,12
"Kanzach","35 - 40 Jahre",21,10,11
"Kanzach","40 - 45 Jahre",35,21,14
"Kanzach","45 - 50 Jahre",48,24,24
"Kanzach","50 - 55 Jahre",39,22,17
"Kanzach","55 - 60 Jahre",40,22,18
"Kanzach","60 - 65 Jahre",19,8,11
"Kanzach","65 - 75 Jahre",40,22,18
"Kanzach","75 und mehr Jahre",44,15,29
"Kanzach","Insgesamt",464,230,234
"Kirchberg an der Iller","unter 3 Jahre",57,25,32
"Kirchberg an der Iller","3 -  6 Jahre",65,36,29
"Kirchberg an der Iller","6 - 10 Jahre",84,46,38
"Kirchberg an der Iller","10 - 15 Jahre",108,53,55
"Kirchberg an der Iller","15 - 18 Jahre",60,33,27
"Kirchberg an der Iller","18 - 20 Jahre",47,22,25
"Kirchberg an der Iller","20 - 25 Jahre",128,66,62
"Kirchberg an der Iller","25 - 30 Jahre",112,70,42
"Kirchberg an der Iller","30 - 35 Jahre",112,52,60
"Kirchberg an der Iller","35 - 40 Jahre",125,63,62
"Kirchberg an der Iller","40 - 45 Jahre",152,74,78
"Kirchberg an der Iller","45 - 50 Jahre",164,80,84
"Kirchberg an der Iller","50 - 55 Jahre",127,69,58
"Kirchberg an der Iller","55 - 60 Jahre",127,65,62
"Kirchberg an der Iller","60 - 65 Jahre",117,56,61
"Kirchberg an der Iller","65 - 75 Jahre",183,93,90
"Kirchberg an der Iller","75 und mehr Jahre",142,60,82
"Kirchberg an der Iller","Insgesamt",1910,963,947
"Kirchdorf an der Iller","unter 3 Jahre",88,48,40
"Kirchdorf an der Iller","3 -  6 Jahre",90,47,43
"Kirchdorf an der Iller","6 - 10 Jahre",168,90,78
"Kirchdorf an der Iller","10 - 15 Jahre",255,153,102
"Kirchdorf an der Iller","15 - 18 Jahre",126,62,64
"Kirchdorf an der Iller","18 - 20 Jahre",110,56,54
"Kirchdorf an der Iller","20 - 25 Jahre",236,118,118
"Kirchdorf an der Iller","25 - 30 Jahre",209,102,107
"Kirchdorf an der Iller","30 - 35 Jahre",206,112,94
"Kirchdorf an der Iller","35 - 40 Jahre",196,90,106
"Kirchdorf an der Iller","40 - 45 Jahre",264,134,130
"Kirchdorf an der Iller","45 - 50 Jahre",316,163,153
"Kirchdorf an der Iller","50 - 55 Jahre",253,130,123
"Kirchdorf an der Iller","55 - 60 Jahre",238,113,125
"Kirchdorf an der Iller","60 - 65 Jahre",191,109,82
"Kirchdorf an der Iller","65 - 75 Jahre",289,132,157
"Kirchdorf an der Iller","75 und mehr Jahre",235,96,139
"Kirchdorf an der Iller","Insgesamt",3470,1755,1715
"Langenenslingen","unter 3 Jahre",89,42,47
"Langenenslingen","3 -  6 Jahre",110,50,60
"Langenenslingen","6 - 10 Jahre",180,94,86
"Langenenslingen","10 - 15 Jahre",260,128,132
"Langenenslingen","15 - 18 Jahre",155,85,70
"Langenenslingen","18 - 20 Jahre",113,53,60
"Langenenslingen","20 - 25 Jahre",221,114,107
"Langenenslingen","25 - 30 Jahre",176,92,84
"Langenenslingen","30 - 35 Jahre",167,90,77
"Langenenslingen","35 - 40 Jahre",207,95,112
"Langenenslingen","40 - 45 Jahre",291,147,144
"Langenenslingen","45 - 50 Jahre",293,147,146
"Langenenslingen","50 - 55 Jahre",287,158,129
"Langenenslingen","55 - 60 Jahre",189,104,85
"Langenenslingen","60 - 65 Jahre",151,76,75
"Langenenslingen","65 - 75 Jahre",333,161,172
"Langenenslingen","75 und mehr Jahre",338,134,204
"Langenenslingen","Insgesamt",3560,1770,1790
"Laupheim, Stadt","unter 3 Jahre",577,292,285
"Laupheim, Stadt","3 -  6 Jahre",616,338,278
"Laupheim, Stadt","6 - 10 Jahre",813,403,410
"Laupheim, Stadt","10 - 15 Jahre",1018,533,485
"Laupheim, Stadt","15 - 18 Jahre",658,350,308
"Laupheim, Stadt","18 - 20 Jahre",489,242,247
"Laupheim, Stadt","20 - 25 Jahre",1212,601,611
"Laupheim, Stadt","25 - 30 Jahre",1362,688,674
"Laupheim, Stadt","30 - 35 Jahre",1269,674,595
"Laupheim, Stadt","35 - 40 Jahre",1366,710,656
"Laupheim, Stadt","40 - 45 Jahre",1608,842,766
"Laupheim, Stadt","45 - 50 Jahre",1655,870,785
"Laupheim, Stadt","50 - 55 Jahre",1468,719,749
"Laupheim, Stadt","55 - 60 Jahre",1244,636,608
"Laupheim, Stadt","60 - 65 Jahre",1075,551,524
"Laupheim, Stadt","65 - 75 Jahre",1917,903,1014
"Laupheim, Stadt","75 und mehr Jahre",1449,529,920
"Laupheim, Stadt","Insgesamt",19796,9881,9915
"Maselheim","unter 3 Jahre",116,63,53
"Maselheim","3 -  6 Jahre",109,49,60
"Maselheim","6 - 10 Jahre",168,79,89
"Maselheim","10 - 15 Jahre",262,123,139
"Maselheim","15 - 18 Jahre",185,100,85
"Maselheim","18 - 20 Jahre",129,73,56
"Maselheim","20 - 25 Jahre",276,146,130
"Maselheim","25 - 30 Jahre",205,110,95
"Maselheim","30 - 35 Jahre",227,109,118
"Maselheim","35 - 40 Jahre",264,142,122
"Maselheim","40 - 45 Jahre",385,196,189
"Maselheim","45 - 50 Jahre",429,212,217
"Maselheim","50 - 55 Jahre",335,179,156
"Maselheim","55 - 60 Jahre",297,159,138
"Maselheim","60 - 65 Jahre",243,127,116
"Maselheim","65 - 75 Jahre",426,203,223
"Maselheim","75 und mehr Jahre",317,134,183
"Maselheim","Insgesamt",4373,2204,2169
"Mietingen","unter 3 Jahre",135,57,78
"Mietingen","3 -  6 Jahre",125,68,57
"Mietingen","6 - 10 Jahre",184,98,86
"Mietingen","10 - 15 Jahre",279,132,147
"Mietingen","15 - 18 Jahre",177,95,82
"Mietingen","18 - 20 Jahre",117,64,53
"Mietingen","20 - 25 Jahre",266,141,125
"Mietingen","25 - 30 Jahre",268,130,138
"Mietingen","30 - 35 Jahre",267,152,115
"Mietingen","35 - 40 Jahre",308,170,138
"Mietingen","40 - 45 Jahre",368,198,170
"Mietingen","45 - 50 Jahre",362,207,155
"Mietingen","50 - 55 Jahre",312,161,151
"Mietingen","55 - 60 Jahre",232,119,113
"Mietingen","60 - 65 Jahre",203,106,97
"Mietingen","65 - 75 Jahre",290,147,143
"Mietingen","75 und mehr Jahre",180,74,106
"Mietingen","Insgesamt",4073,2119,1954
"Mittelbiberach","unter 3 Jahre",111,49,62
"Mittelbiberach","3 -  6 Jahre",130,67,63
"Mittelbiberach","6 - 10 Jahre",216,120,96
"Mittelbiberach","10 - 15 Jahre",272,136,136
"Mittelbiberach","15 - 18 Jahre",186,91,95
"Mittelbiberach","18 - 20 Jahre",110,60,50
"Mittelbiberach","20 - 25 Jahre",245,134,111
"Mittelbiberach","25 - 30 Jahre",202,93,109
"Mittelbiberach","30 - 35 Jahre",233,109,124
"Mittelbiberach","35 - 40 Jahre",233,112,121
"Mittelbiberach","40 - 45 Jahre",335,155,180
"Mittelbiberach","45 - 50 Jahre",374,195,179
"Mittelbiberach","50 - 55 Jahre",335,169,166
"Mittelbiberach","55 - 60 Jahre",258,129,129
"Mittelbiberach","60 - 65 Jahre",243,124,119
"Mittelbiberach","65 - 75 Jahre",334,162,172
"Mittelbiberach","75 und mehr Jahre",213,80,133
"Mittelbiberach","Insgesamt",4030,1985,2045
"Moosburg","unter 3 Jahre",5,3,2
"Moosburg","3 -  6 Jahre",9,3,6
"Moosburg","6 - 10 Jahre",8,3,5
"Moosburg","10 - 15 Jahre",11,7,4
"Moosburg","15 - 18 Jahre",10,6,4
"Moosburg","18 - 20 Jahre",5,3,2
"Moosburg","20 - 25 Jahre",10,7,3
"Moosburg","25 - 30 Jahre",2,1,1
"Moosburg","30 - 35 Jahre",2,0,2
"Moosburg","35 - 40 Jahre",7,0,7
"Moosburg","40 - 45 Jahre",14,5,9
"Moosburg","45 - 50 Jahre",13,7,6
"Moosburg","50 - 55 Jahre",7,5,2
"Moosburg","55 - 60 Jahre",17,11,6
"Moosburg","60 - 65 Jahre",8,3,5
"Moosburg","65 - 75 Jahre",31,14,17
"Moosburg","75 und mehr Jahre",14,5,9
"Moosburg","Insgesamt",173,83,90
"Ochsenhausen, Stadt","unter 3 Jahre",240,130,110
"Ochsenhausen, Stadt","3 -  6 Jahre",241,137,104
"Ochsenhausen, Stadt","6 - 10 Jahre",353,178,175
"Ochsenhausen, Stadt","10 - 15 Jahre",554,306,248
"Ochsenhausen, Stadt","15 - 18 Jahre",408,198,210
"Ochsenhausen, Stadt","18 - 20 Jahre",237,112,125
"Ochsenhausen, Stadt","20 - 25 Jahre",569,284,285
"Ochsenhausen, Stadt","25 - 30 Jahre",558,273,285
"Ochsenhausen, Stadt","30 - 35 Jahre",512,274,238
"Ochsenhausen, Stadt","35 - 40 Jahre",581,270,311
"Ochsenhausen, Stadt","40 - 45 Jahre",752,385,367
"Ochsenhausen, Stadt","45 - 50 Jahre",701,362,339
"Ochsenhausen, Stadt","50 - 55 Jahre",701,363,338
"Ochsenhausen, Stadt","55 - 60 Jahre",559,287,272
"Ochsenhausen, Stadt","60 - 65 Jahre",411,216,195
"Ochsenhausen, Stadt","65 - 75 Jahre",756,361,395
"Ochsenhausen, Stadt","75 und mehr Jahre",666,233,433
"Ochsenhausen, Stadt","Insgesamt",8799,4369,4430
"Oggelshausen","unter 3 Jahre",20,10,10
"Oggelshausen","3 -  6 Jahre",27,15,12
"Oggelshausen","6 - 10 Jahre",38,17,21
"Oggelshausen","10 - 15 Jahre",64,31,33
"Oggelshausen","15 - 18 Jahre",32,8,24
"Oggelshausen","18 - 20 Jahre",27,15,12
"Oggelshausen","20 - 25 Jahre",51,28,23
"Oggelshausen","25 - 30 Jahre",23,11,12
"Oggelshausen","30 - 35 Jahre",41,19,22
"Oggelshausen","35 - 40 Jahre",50,29,21
"Oggelshausen","40 - 45 Jahre",74,38,36
"Oggelshausen","45 - 50 Jahre",105,54,51
"Oggelshausen","50 - 55 Jahre",79,47,32
"Oggelshausen","55 - 60 Jahre",59,34,25
"Oggelshausen","60 - 65 Jahre",24,11,13
"Oggelshausen","65 - 75 Jahre",101,42,59
"Oggelshausen","75 und mehr Jahre",80,36,44
"Oggelshausen","Insgesamt",895,445,450
"Riedlingen, Stadt","unter 3 Jahre",271,137,134
"Riedlingen, Stadt","3 -  6 Jahre",281,134,147
"Riedlingen, Stadt","6 - 10 Jahre",397,204,193
"Riedlingen, Stadt","10 - 15 Jahre",618,303,315
"Riedlingen, Stadt","15 - 18 Jahre",376,200,176
"Riedlingen, Stadt","18 - 20 Jahre",264,132,132
"Riedlingen, Stadt","20 - 25 Jahre",626,333,293
"Riedlingen, Stadt","25 - 30 Jahre",574,286,288
"Riedlingen, Stadt","30 - 35 Jahre",593,301,292
"Riedlingen, Stadt","35 - 40 Jahre",655,311,344
"Riedlingen, Stadt","40 - 45 Jahre",761,378,383
"Riedlingen, Stadt","45 - 50 Jahre",768,387,381
"Riedlingen, Stadt","50 - 55 Jahre",801,385,416
"Riedlingen, Stadt","55 - 60 Jahre",653,332,321
"Riedlingen, Stadt","60 - 65 Jahre",526,258,268
"Riedlingen, Stadt","65 - 75 Jahre",1034,482,552
"Riedlingen, Stadt","75 und mehr Jahre",1043,389,654
"Riedlingen, Stadt","Insgesamt",10241,4952,5289
"Rot an der Rot","unter 3 Jahre",133,79,54
"Rot an der Rot","3 -  6 Jahre",142,73,69
"Rot an der Rot","6 - 10 Jahre",195,99,96
"Rot an der Rot","10 - 15 Jahre",285,146,139
"Rot an der Rot","15 - 18 Jahre",194,104,90
"Rot an der Rot","18 - 20 Jahre",120,55,65
"Rot an der Rot","20 - 25 Jahre",242,135,107
"Rot an der Rot","25 - 30 Jahre",237,119,118
"Rot an der Rot","30 - 35 Jahre",195,106,89
"Rot an der Rot","35 - 40 Jahre",327,171,156
"Rot an der Rot","40 - 45 Jahre",377,179,198
"Rot an der Rot","45 - 50 Jahre",377,209,168
"Rot an der Rot","50 - 55 Jahre",328,181,147
"Rot an der Rot","55 - 60 Jahre",262,139,123
"Rot an der Rot","60 - 65 Jahre",223,114,109
"Rot an der Rot","65 - 75 Jahre",457,230,227
"Rot an der Rot","75 und mehr Jahre",329,138,191
"Rot an der Rot","Insgesamt",4423,2277,2146
"Schwendi","unter 3 Jahre",157,83,74
"Schwendi","3 -  6 Jahre",146,75,71
"Schwendi","6 - 10 Jahre",258,127,131
"Schwendi","10 - 15 Jahre",409,192,217
"Schwendi","15 - 18 Jahre",253,143,110
"Schwendi","18 - 20 Jahre",171,91,80
"Schwendi","20 - 25 Jahre",391,212,179
"Schwendi","25 - 30 Jahre",356,201,155
"Schwendi","30 - 35 Jahre",305,152,153
"Schwendi","35 - 40 Jahre",402,204,198
"Schwendi","40 - 45 Jahre",543,271,272
"Schwendi","45 - 50 Jahre",573,296,277
"Schwendi","50 - 55 Jahre",457,233,224
"Schwendi","55 - 60 Jahre",381,188,193
"Schwendi","60 - 65 Jahre",320,177,143
"Schwendi","65 - 75 Jahre",583,289,294
"Schwendi","75 und mehr Jahre",521,202,319
"Schwendi","Insgesamt",6226,3136,3090
"Seekirch","unter 3 Jahre",4,1,3
"Seekirch","3 -  6 Jahre",4,2,2
"Seekirch","6 - 10 Jahre",21,9,12
"Seekirch","10 - 15 Jahre",33,14,19
"Seekirch","15 - 18 Jahre",18,7,11
"Seekirch","18 - 20 Jahre",7,2,5
"Seekirch","20 - 25 Jahre",9,6,3
"Seekirch","25 - 30 Jahre",5,2,3
"Seekirch","30 - 35 Jahre",7,3,4
"Seekirch","35 - 40 Jahre",18,7,11
"Seekirch","40 - 45 Jahre",45,21,24
"Seekirch","45 - 50 Jahre",30,18,12
"Seekirch","50 - 55 Jahre",17,8,9
"Seekirch","55 - 60 Jahre",16,9,7
"Seekirch","60 - 65 Jahre",7,6,1
"Seekirch","65 - 75 Jahre",28,13,15
"Seekirch","75 und mehr Jahre",18,6,12
"Seekirch","Insgesamt",287,134,153
"Steinhausen an der Rottum","unter 3 Jahre",57,25,32
"Steinhausen an der Rottum","3 -  6 Jahre",68,38,30
"Steinhausen an der Rottum","6 - 10 Jahre",74,45,29
"Steinhausen an der Rottum","10 - 15 Jahre",119,58,61
"Steinhausen an der Rottum","15 - 18 Jahre",83,39,44
"Steinhausen an der Rottum","18 - 20 Jahre",58,23,35
"Steinhausen an der Rottum","20 - 25 Jahre",136,66,70
"Steinhausen an der Rottum","25 - 30 Jahre",85,46,39
"Steinhausen an der Rottum","30 - 35 Jahre",111,49,62
"Steinhausen an der Rottum","35 - 40 Jahre",134,74,60
"Steinhausen an der Rottum","40 - 45 Jahre",182,92,90
"Steinhausen an der Rottum","45 - 50 Jahre",179,101,78
"Steinhausen an der Rottum","50 - 55 Jahre",148,84,64
"Steinhausen an der Rottum","55 - 60 Jahre",110,55,55
"Steinhausen an der Rottum","60 - 65 Jahre",85,46,39
"Steinhausen an der Rottum","65 - 75 Jahre",152,74,78
"Steinhausen an der Rottum","75 und mehr Jahre",140,54,86
"Steinhausen an der Rottum","Insgesamt",1921,969,952
"Tannheim","unter 3 Jahre",59,31,28
"Tannheim","3 -  6 Jahre",77,43,34
"Tannheim","6 - 10 Jahre",108,58,50
"Tannheim","10 - 15 Jahre",152,65,87
"Tannheim","15 - 18 Jahre",81,39,42
"Tannheim","18 - 20 Jahre",55,24,31
"Tannheim","20 - 25 Jahre",125,68,57
"Tannheim","25 - 30 Jahre",116,70,46
"Tannheim","30 - 35 Jahre",108,52,56
"Tannheim","35 - 40 Jahre",146,65,81
"Tannheim","40 - 45 Jahre",199,99,100
"Tannheim","45 - 50 Jahre",210,110,100
"Tannheim","50 - 55 Jahre",199,108,91
"Tannheim","55 - 60 Jahre",158,81,77
"Tannheim","60 - 65 Jahre",111,64,47
"Tannheim","65 - 75 Jahre",241,111,130
"Tannheim","75 und mehr Jahre",186,80,106
"Tannheim","Insgesamt",2331,1168,1163
"Tiefenbach","unter 3 Jahre",26,15,11
"Tiefenbach","3 -  6 Jahre",13,4,9
"Tiefenbach","6 - 10 Jahre",35,16,19
"Tiefenbach","10 - 15 Jahre",32,17,15
"Tiefenbach","15 - 18 Jahre",19,8,11
"Tiefenbach","18 - 20 Jahre",12,5,7
"Tiefenbach","20 - 25 Jahre",21,9,12
"Tiefenbach","25 - 30 Jahre",34,18,16
"Tiefenbach","30 - 35 Jahre",31,17,14
"Tiefenbach","35 - 40 Jahre",49,24,25
"Tiefenbach","40 - 45 Jahre",56,31,25
"Tiefenbach","45 - 50 Jahre",34,20,14
"Tiefenbach","50 - 55 Jahre",23,11,12
"Tiefenbach","55 - 60 Jahre",26,18,8
"Tiefenbach","60 - 65 Jahre",15,8,7
"Tiefenbach","65 - 75 Jahre",61,29,32
"Tiefenbach","75 und mehr Jahre",38,16,22
"Tiefenbach","Insgesamt",525,266,259
"Ummendorf","unter 3 Jahre",127,68,59
"Ummendorf","3 -  6 Jahre",133,65,68
"Ummendorf","6 - 10 Jahre",175,94,81
"Ummendorf","10 - 15 Jahre",277,139,138
"Ummendorf","15 - 18 Jahre",153,79,74
"Ummendorf","18 - 20 Jahre",110,62,48
"Ummendorf","20 - 25 Jahre",259,132,127
"Ummendorf","25 - 30 Jahre",256,137,119
"Ummendorf","30 - 35 Jahre",240,127,113
"Ummendorf","35 - 40 Jahre",302,149,153
"Ummendorf","40 - 45 Jahre",386,197,189
"Ummendorf","45 - 50 Jahre",382,203,179
"Ummendorf","50 - 55 Jahre",304,159,145
"Ummendorf","55 - 60 Jahre",252,120,132
"Ummendorf","60 - 65 Jahre",245,114,131
"Ummendorf","65 - 75 Jahre",448,214,234
"Ummendorf","75 und mehr Jahre",304,122,182
"Ummendorf","Insgesamt",4353,2181,2172
"Unlingen","unter 3 Jahre",55,27,28
"Unlingen","3 -  6 Jahre",75,37,38
"Unlingen","6 - 10 Jahre",114,58,56
"Unlingen","10 - 15 Jahre",186,80,106
"Unlingen","15 - 18 Jahre",104,49,55
"Unlingen","18 - 20 Jahre",67,34,33
"Unlingen","20 - 25 Jahre",159,86,73
"Unlingen","25 - 30 Jahre",122,71,51
"Unlingen","30 - 35 Jahre",119,62,57
"Unlingen","35 - 40 Jahre",163,77,86
"Unlingen","40 - 45 Jahre",207,104,103
"Unlingen","45 - 50 Jahre",218,111,107
"Unlingen","50 - 55 Jahre",164,80,84
"Unlingen","55 - 60 Jahre",147,76,71
"Unlingen","60 - 65 Jahre",122,64,58
"Unlingen","65 - 75 Jahre",233,126,107
"Unlingen","75 und mehr Jahre",174,66,108
"Unlingen","Insgesamt",2429,1208,1221
"Uttenweiler","unter 3 Jahre",107,54,53
"Uttenweiler","3 -  6 Jahre",118,58,60
"Uttenweiler","6 - 10 Jahre",180,87,93
"Uttenweiler","10 - 15 Jahre",242,132,110
"Uttenweiler","15 - 18 Jahre",123,58,65
"Uttenweiler","18 - 20 Jahre",93,51,42
"Uttenweiler","20 - 25 Jahre",265,147,118
"Uttenweiler","25 - 30 Jahre",222,124,98
"Uttenweiler","30 - 35 Jahre",202,97,105
"Uttenweiler","35 - 40 Jahre",223,96,127
"Uttenweiler","40 - 45 Jahre",260,157,103
"Uttenweiler","45 - 50 Jahre",301,161,140
"Uttenweiler","50 - 55 Jahre",310,159,151
"Uttenweiler","55 - 60 Jahre",239,133,106
"Uttenweiler","60 - 65 Jahre",159,77,82
"Uttenweiler","65 - 75 Jahre",261,138,123
"Uttenweiler","75 und mehr Jahre",265,99,166
"Uttenweiler","Insgesamt",3570,1828,1742
"Wain","unter 3 Jahre",47,24,23
"Wain","3 -  6 Jahre",54,27,27
"Wain","6 - 10 Jahre",75,40,35
"Wain","10 - 15 Jahre",95,53,42
"Wain","15 - 18 Jahre",70,35,35
"Wain","18 - 20 Jahre",38,19,19
"Wain","20 - 25 Jahre",88,53,35
"Wain","25 - 30 Jahre",105,57,48
"Wain","30 - 35 Jahre",94,42,52
"Wain","35 - 40 Jahre",79,44,35
"Wain","40 - 45 Jahre",104,54,50
"Wain","45 - 50 Jahre",130,74,56
"Wain","50 - 55 Jahre",103,56,47
"Wain","55 - 60 Jahre",112,54,58
"Wain","60 - 65 Jahre",99,53,46
"Wain","65 - 75 Jahre",137,70,67
"Wain","75 und mehr Jahre",109,45,64
"Wain","Insgesamt",1539,800,739
"Warthausen","unter 3 Jahre",121,64,57
"Warthausen","3 -  6 Jahre",135,73,62
"Warthausen","6 - 10 Jahre",213,106,107
"Warthausen","10 - 15 Jahre",306,155,151
"Warthausen","15 - 18 Jahre",162,84,78
"Warthausen","18 - 20 Jahre",117,69,48
"Warthausen","20 - 25 Jahre",319,169,150
"Warthausen","25 - 30 Jahre",272,133,139
"Warthausen","30 - 35 Jahre",293,140,153
"Warthausen","35 - 40 Jahre",280,153,127
"Warthausen","40 - 45 Jahre",403,212,191
"Warthausen","45 - 50 Jahre",442,216,226
"Warthausen","50 - 55 Jahre",365,181,184
"Warthausen","55 - 60 Jahre",307,151,156
"Warthausen","60 - 65 Jahre",248,134,114
"Warthausen","65 - 75 Jahre",556,267,289
"Warthausen","75 und mehr Jahre",469,176,293
"Warthausen","Insgesamt",5008,2483,2525
"Schemmerhofen","unter 3 Jahre",217,114,103
"Schemmerhofen","3 -  6 Jahre",233,140,93
"Schemmerhofen","6 - 10 Jahre",330,159,171
"Schemmerhofen","10 - 15 Jahre",517,256,261
"Schemmerhofen","15 - 18 Jahre",316,150,166
"Schemmerhofen","18 - 20 Jahre",233,113,120
"Schemmerhofen","20 - 25 Jahre",517,279,238
"Schemmerhofen","25 - 30 Jahre",427,209,218
"Schemmerhofen","30 - 35 Jahre",431,201,230
"Schemmerhofen","35 - 40 Jahre",542,266,276
"Schemmerhofen","40 - 45 Jahre",702,347,355
"Schemmerhofen","45 - 50 Jahre",667,342,325
"Schemmerhofen","50 - 55 Jahre",591,315,276
"Schemmerhofen","55 - 60 Jahre",445,237,208
"Schemmerhofen","60 - 65 Jahre",384,195,189
"Schemmerhofen","65 - 75 Jahre",675,337,338
"Schemmerhofen","75 und mehr Jahre",514,205,309
"Schemmerhofen","Insgesamt",7741,3865,3876
"Gutenzell-Hürbel","unter 3 Jahre",61,29,32
"Gutenzell-Hürbel","3 -  6 Jahre",56,25,31
"Gutenzell-Hürbel","6 - 10 Jahre",90,44,46
"Gutenzell-Hürbel","10 - 15 Jahre",132,66,66
"Gutenzell-Hürbel","15 - 18 Jahre",79,39,40
"Gutenzell-Hürbel","18 - 20 Jahre",70,38,32
"Gutenzell-Hürbel","20 - 25 Jahre",115,62,53
"Gutenzell-Hürbel","25 - 30 Jahre",104,61,43
"Gutenzell-Hürbel","30 - 35 Jahre",88,52,36
"Gutenzell-Hürbel","35 - 40 Jahre",112,50,62
"Gutenzell-Hürbel","40 - 45 Jahre",152,84,68
"Gutenzell-Hürbel","45 - 50 Jahre",173,85,88
"Gutenzell-Hürbel","50 - 55 Jahre",134,73,61
"Gutenzell-Hürbel","55 - 60 Jahre",132,71,61
"Gutenzell-Hürbel","60 - 65 Jahre",93,49,44
"Gutenzell-Hürbel","65 - 75 Jahre",138,76,62
"Gutenzell-Hürbel","75 und mehr Jahre",98,40,58
"Gutenzell-Hürbel","Insgesamt",1827,944,883
"Landkreis Bodenseekreis","unter 3 Jahre",5192,2694,2498
"Landkreis Bodenseekreis","3 -  6 Jahre",5318,2678,2640
"Landkreis Bodenseekreis","6 - 10 Jahre",7631,3960,3671
"Landkreis Bodenseekreis","10 - 15 Jahre",11229,5759,5470
"Landkreis Bodenseekreis","15 - 18 Jahre",7131,3655,3476
"Landkreis Bodenseekreis","18 - 20 Jahre",5038,2639,2399
"Landkreis Bodenseekreis","20 - 25 Jahre",11813,6036,5777
"Landkreis Bodenseekreis","25 - 30 Jahre",11554,5867,5687
"Landkreis Bodenseekreis","30 - 35 Jahre",11810,5944,5866
"Landkreis Bodenseekreis","35 - 40 Jahre",12761,6404,6357
"Landkreis Bodenseekreis","40 - 45 Jahre",17119,8572,8547
"Landkreis Bodenseekreis","45 - 50 Jahre",17477,8763,8714
"Landkreis Bodenseekreis","50 - 55 Jahre",15338,7726,7612
"Landkreis Bodenseekreis","55 - 60 Jahre",13213,6340,6873
"Landkreis Bodenseekreis","60 - 65 Jahre",12393,5960,6433
"Landkreis Bodenseekreis","65 - 75 Jahre",25177,12216,12961
"Landkreis Bodenseekreis","75 und mehr Jahre",18173,7180,10993
"Landkreis Bodenseekreis","Insgesamt",208367,102393,105974
"Bermatingen","unter 3 Jahre",99,59,40
"Bermatingen","3 -  6 Jahre",119,67,52
"Bermatingen","6 - 10 Jahre",141,74,67
"Bermatingen","10 - 15 Jahre",236,123,113
"Bermatingen","15 - 18 Jahre",159,77,82
"Bermatingen","18 - 20 Jahre",109,48,61
"Bermatingen","20 - 25 Jahre",196,97,99
"Bermatingen","25 - 30 Jahre",177,84,93
"Bermatingen","30 - 35 Jahre",193,99,94
"Bermatingen","35 - 40 Jahre",234,110,124
"Bermatingen","40 - 45 Jahre",324,150,174
"Bermatingen","45 - 50 Jahre",388,186,202
"Bermatingen","50 - 55 Jahre",335,178,157
"Bermatingen","55 - 60 Jahre",248,125,123
"Bermatingen","60 - 65 Jahre",228,127,101
"Bermatingen","65 - 75 Jahre",423,220,203
"Bermatingen","75 und mehr Jahre",262,115,147
"Bermatingen","Insgesamt",3871,1939,1932
"Daisendorf","unter 3 Jahre",39,22,17
"Daisendorf","3 -  6 Jahre",36,20,16
"Daisendorf","6 - 10 Jahre",65,33,32
"Daisendorf","10 - 15 Jahre",72,41,31
"Daisendorf","15 - 18 Jahre",46,19,27
"Daisendorf","18 - 20 Jahre",33,13,20
"Daisendorf","20 - 25 Jahre",68,32,36
"Daisendorf","25 - 30 Jahre",84,43,41
"Daisendorf","30 - 35 Jahre",80,41,39
"Daisendorf","35 - 40 Jahre",75,48,27
"Daisendorf","40 - 45 Jahre",136,60,76
"Daisendorf","45 - 50 Jahre",132,61,71
"Daisendorf","50 - 55 Jahre",114,53,61
"Daisendorf","55 - 60 Jahre",98,50,48
"Daisendorf","60 - 65 Jahre",133,70,63
"Daisendorf","65 - 75 Jahre",234,111,123
"Daisendorf","75 und mehr Jahre",131,67,64
"Daisendorf","Insgesamt",1576,784,792
"Eriskirch","unter 3 Jahre",127,60,67
"Eriskirch","3 -  6 Jahre",131,61,70
"Eriskirch","6 - 10 Jahre",182,105,77
"Eriskirch","10 - 15 Jahre",253,137,116
"Eriskirch","15 - 18 Jahre",137,59,78
"Eriskirch","18 - 20 Jahre",123,64,59
"Eriskirch","20 - 25 Jahre",252,141,111
"Eriskirch","25 - 30 Jahre",253,130,123
"Eriskirch","30 - 35 Jahre",223,111,112
"Eriskirch","35 - 40 Jahre",299,158,141
"Eriskirch","40 - 45 Jahre",405,209,196
"Eriskirch","45 - 50 Jahre",422,218,204
"Eriskirch","50 - 55 Jahre",363,192,171
"Eriskirch","55 - 60 Jahre",318,156,162
"Eriskirch","60 - 65 Jahre",286,143,143
"Eriskirch","65 - 75 Jahre",463,229,234
"Eriskirch","75 und mehr Jahre",305,125,180
"Eriskirch","Insgesamt",4542,2298,2244
"Frickingen","unter 3 Jahre",68,38,30
"Frickingen","3 -  6 Jahre",78,38,40
"Frickingen","6 - 10 Jahre",114,62,52
"Frickingen","10 - 15 Jahre",208,102,106
"Frickingen","15 - 18 Jahre",135,78,57
"Frickingen","18 - 20 Jahre",82,44,38
"Frickingen","20 - 25 Jahre",170,90,80
"Frickingen","25 - 30 Jahre",131,57,74
"Frickingen","30 - 35 Jahre",131,68,63
"Frickingen","35 - 40 Jahre",153,77,76
"Frickingen","40 - 45 Jahre",220,100,120
"Frickingen","45 - 50 Jahre",237,116,121
"Frickingen","50 - 55 Jahre",201,112,89
"Frickingen","55 - 60 Jahre",174,88,86
"Frickingen","60 - 65 Jahre",164,83,81
"Frickingen","65 - 75 Jahre",277,140,137
"Frickingen","75 und mehr Jahre",202,81,121
"Frickingen","Insgesamt",2745,1374,1371
"Friedrichshafen, Stadt","unter 3 Jahre",1442,739,703
"Friedrichshafen, Stadt","3 -  6 Jahre",1444,716,728
"Friedrichshafen, Stadt","6 - 10 Jahre",2001,1015,986
"Friedrichshafen, Stadt","10 - 15 Jahre",2933,1520,1413
"Friedrichshafen, Stadt","15 - 18 Jahre",1812,909,903
"Friedrichshafen, Stadt","18 - 20 Jahre",1443,733,710
"Friedrichshafen, Stadt","20 - 25 Jahre",3754,1883,1871
"Friedrichshafen, Stadt","25 - 30 Jahre",3778,1909,1869
"Friedrichshafen, Stadt","30 - 35 Jahre",3754,1936,1818
"Friedrichshafen, Stadt","35 - 40 Jahre",3644,1859,1785
"Friedrichshafen, Stadt","40 - 45 Jahre",4589,2338,2251
"Friedrichshafen, Stadt","45 - 50 Jahre",4617,2384,2233
"Friedrichshafen, Stadt","50 - 55 Jahre",4086,2057,2029
"Friedrichshafen, Stadt","55 - 60 Jahre",3600,1676,1924
"Friedrichshafen, Stadt","60 - 65 Jahre",3480,1719,1761
"Friedrichshafen, Stadt","65 - 75 Jahre",7220,3476,3744
"Friedrichshafen, Stadt","75 und mehr Jahre",5405,2119,3286
"Friedrichshafen, Stadt","Insgesamt",59002,28988,30014
"Hagnau am Bodensee","unter 3 Jahre",33,15,18
"Hagnau am Bodensee","3 -  6 Jahre",36,16,20
"Hagnau am Bodensee","6 - 10 Jahre",47,23,24
"Hagnau am Bodensee","10 - 15 Jahre",68,32,36
"Hagnau am Bodensee","15 - 18 Jahre",48,25,23
"Hagnau am Bodensee","18 - 20 Jahre",28,15,13
"Hagnau am Bodensee","20 - 25 Jahre",67,29,38
"Hagnau am Bodensee","25 - 30 Jahre",81,41,40
"Hagnau am Bodensee","30 - 35 Jahre",74,37,37
"Hagnau am Bodensee","35 - 40 Jahre",72,38,34
"Hagnau am Bodensee","40 - 45 Jahre",106,49,57
"Hagnau am Bodensee","45 - 50 Jahre",99,46,53
"Hagnau am Bodensee","50 - 55 Jahre",110,52,58
"Hagnau am Bodensee","55 - 60 Jahre",109,46,63
"Hagnau am Bodensee","60 - 65 Jahre",111,51,60
"Hagnau am Bodensee","65 - 75 Jahre",205,100,105
"Hagnau am Bodensee","75 und mehr Jahre",156,68,88
"Hagnau am Bodensee","Insgesamt",1450,683,767
"Heiligenberg","unter 3 Jahre",63,41,22
"Heiligenberg","3 -  6 Jahre",84,36,48
"Heiligenberg","6 - 10 Jahre",81,44,37
"Heiligenberg","10 - 15 Jahre",162,91,71
"Heiligenberg","15 - 18 Jahre",126,68,58
"Heiligenberg","18 - 20 Jahre",75,47,28
"Heiligenberg","20 - 25 Jahre",180,86,94
"Heiligenberg","25 - 30 Jahre",151,79,72
"Heiligenberg","30 - 35 Jahre",145,61,84
"Heiligenberg","35 - 40 Jahre",135,79,56
"Heiligenberg","40 - 45 Jahre",206,106,100
"Heiligenberg","45 - 50 Jahre",270,126,144
"Heiligenberg","50 - 55 Jahre",238,126,112
"Heiligenberg","55 - 60 Jahre",212,122,90
"Heiligenberg","60 - 65 Jahre",135,61,74
"Heiligenberg","65 - 75 Jahre",264,118,146
"Heiligenberg","75 und mehr Jahre",292,109,183
"Heiligenberg","Insgesamt",2819,1400,1419
"Immenstaad am Bodensee","unter 3 Jahre",179,87,92
"Immenstaad am Bodensee","3 -  6 Jahre",157,83,74
"Immenstaad am Bodensee","6 - 10 Jahre",220,124,96
"Immenstaad am Bodensee","10 - 15 Jahre",274,120,154
"Immenstaad am Bodensee","15 - 18 Jahre",152,84,68
"Immenstaad am Bodensee","18 - 20 Jahre",107,53,54
"Immenstaad am Bodensee","20 - 25 Jahre",255,129,126
"Immenstaad am Bodensee","25 - 30 Jahre",308,155,153
"Immenstaad am Bodensee","30 - 35 Jahre",355,173,182
"Immenstaad am Bodensee","35 - 40 Jahre",325,162,163
"Immenstaad am Bodensee","40 - 45 Jahre",441,222,219
"Immenstaad am Bodensee","45 - 50 Jahre",488,244,244
"Immenstaad am Bodensee","50 - 55 Jahre",475,258,217
"Immenstaad am Bodensee","55 - 60 Jahre",433,203,230
"Immenstaad am Bodensee","60 - 65 Jahre",422,205,217
"Immenstaad am Bodensee","65 - 75 Jahre",964,471,493
"Immenstaad am Bodensee","75 und mehr Jahre",528,223,305
"Immenstaad am Bodensee","Insgesamt",6083,2996,3087
"Kressbronn am Bodensee","unter 3 Jahre",212,101,111
"Kressbronn am Bodensee","3 -  6 Jahre",223,121,102
"Kressbronn am Bodensee","6 - 10 Jahre",345,170,175
"Kressbronn am Bodensee","10 - 15 Jahre",502,271,231
"Kressbronn am Bodensee","15 - 18 Jahre",290,149,141
"Kressbronn am Bodensee","18 - 20 Jahre",185,103,82
"Kressbronn am Bodensee","20 - 25 Jahre",405,215,190
"Kressbronn am Bodensee","25 - 30 Jahre",429,208,221
"Kressbronn am Bodensee","30 - 35 Jahre",441,225,216
"Kressbronn am Bodensee","35 - 40 Jahre",531,248,283
"Kressbronn am Bodensee","40 - 45 Jahre",632,329,303
"Kressbronn am Bodensee","45 - 50 Jahre",671,342,329
"Kressbronn am Bodensee","50 - 55 Jahre",542,271,271
"Kressbronn am Bodensee","55 - 60 Jahre",498,241,257
"Kressbronn am Bodensee","60 - 65 Jahre",494,226,268
"Kressbronn am Bodensee","65 - 75 Jahre",1055,501,554
"Kressbronn am Bodensee","75 und mehr Jahre",704,280,424
"Kressbronn am Bodensee","Insgesamt",8159,4001,4158
"Langenargen","unter 3 Jahre",205,108,97
"Langenargen","3 -  6 Jahre",202,105,97
"Langenargen","6 - 10 Jahre",279,149,130
"Langenargen","10 - 15 Jahre",404,214,190
"Langenargen","15 - 18 Jahre",246,130,116
"Langenargen","18 - 20 Jahre",112,56,56
"Langenargen","20 - 25 Jahre",324,168,156
"Langenargen","25 - 30 Jahre",357,193,164
"Langenargen","30 - 35 Jahre",376,205,171
"Langenargen","35 - 40 Jahre",470,231,239
"Langenargen","40 - 45 Jahre",674,340,334
"Langenargen","45 - 50 Jahre",678,319,359
"Langenargen","50 - 55 Jahre",570,280,290
"Langenargen","55 - 60 Jahre",504,243,261
"Langenargen","60 - 65 Jahre",508,246,262
"Langenargen","65 - 75 Jahre",1121,540,581
"Langenargen","75 und mehr Jahre",773,307,466
"Langenargen","Insgesamt",7803,3834,3969
"Markdorf, Stadt","unter 3 Jahre",388,205,183
"Markdorf, Stadt","3 -  6 Jahre",364,166,198
"Markdorf, Stadt","6 - 10 Jahre",504,239,265
"Markdorf, Stadt","10 - 15 Jahre",676,333,343
"Markdorf, Stadt","15 - 18 Jahre",455,232,223
"Markdorf, Stadt","18 - 20 Jahre",248,124,124
"Markdorf, Stadt","20 - 25 Jahre",697,319,378
"Markdorf, Stadt","25 - 30 Jahre",803,416,387
"Markdorf, Stadt","30 - 35 Jahre",834,414,420
"Markdorf, Stadt","35 - 40 Jahre",848,429,419
"Markdorf, Stadt","40 - 45 Jahre",1081,569,512
"Markdorf, Stadt","45 - 50 Jahre",983,478,505
"Markdorf, Stadt","50 - 55 Jahre",936,461,475
"Markdorf, Stadt","55 - 60 Jahre",755,331,424
"Markdorf, Stadt","60 - 65 Jahre",767,363,404
"Markdorf, Stadt","65 - 75 Jahre",1629,776,853
"Markdorf, Stadt","75 und mehr Jahre",995,398,597
"Markdorf, Stadt","Insgesamt",12963,6253,6710
"Meckenbeuren","unter 3 Jahre",328,161,167
"Meckenbeuren","3 -  6 Jahre",386,203,183
"Meckenbeuren","6 - 10 Jahre",542,306,236
"Meckenbeuren","10 - 15 Jahre",830,426,404
"Meckenbeuren","15 - 18 Jahre",461,255,206
"Meckenbeuren","18 - 20 Jahre",300,163,137
"Meckenbeuren","20 - 25 Jahre",818,448,370
"Meckenbeuren","25 - 30 Jahre",770,366,404
"Meckenbeuren","30 - 35 Jahre",777,407,370
"Meckenbeuren","35 - 40 Jahre",924,470,454
"Meckenbeuren","40 - 45 Jahre",1269,675,594
"Meckenbeuren","45 - 50 Jahre",1250,614,636
"Meckenbeuren","50 - 55 Jahre",985,516,469
"Meckenbeuren","55 - 60 Jahre",863,443,420
"Meckenbeuren","60 - 65 Jahre",717,347,370
"Meckenbeuren","65 - 75 Jahre",1341,660,681
"Meckenbeuren","75 und mehr Jahre",883,349,534
"Meckenbeuren","Insgesamt",13444,6809,6635
"Meersburg, Stadt","unter 3 Jahre",118,58,60
"Meersburg, Stadt","3 -  6 Jahre",114,57,57
"Meersburg, Stadt","6 - 10 Jahre",156,75,81
"Meersburg, Stadt","10 - 15 Jahre",246,122,124
"Meersburg, Stadt","15 - 18 Jahre",160,72,88
"Meersburg, Stadt","18 - 20 Jahre",106,49,57
"Meersburg, Stadt","20 - 25 Jahre",305,150,155
"Meersburg, Stadt","25 - 30 Jahre",359,169,190
"Meersburg, Stadt","30 - 35 Jahre",300,142,158
"Meersburg, Stadt","35 - 40 Jahre",351,182,169
"Meersburg, Stadt","40 - 45 Jahre",495,258,237
"Meersburg, Stadt","45 - 50 Jahre",472,247,225
"Meersburg, Stadt","50 - 55 Jahre",388,189,199
"Meersburg, Stadt","55 - 60 Jahre",328,162,166
"Meersburg, Stadt","60 - 65 Jahre",370,157,213
"Meersburg, Stadt","65 - 75 Jahre",805,390,415
"Meersburg, Stadt","75 und mehr Jahre",552,210,342
"Meersburg, Stadt","Insgesamt",5625,2689,2936
"Neukirch","unter 3 Jahre",74,38,36
"Neukirch","3 -  6 Jahre",72,39,33
"Neukirch","6 - 10 Jahre",116,51,65
"Neukirch","10 - 15 Jahre",189,107,82
"Neukirch","15 - 18 Jahre",86,37,49
"Neukirch","18 - 20 Jahre",71,45,26
"Neukirch","20 - 25 Jahre",175,98,77
"Neukirch","25 - 30 Jahre",156,69,87
"Neukirch","30 - 35 Jahre",168,79,89
"Neukirch","35 - 40 Jahre",187,98,89
"Neukirch","40 - 45 Jahre",238,121,117
"Neukirch","45 - 50 Jahre",263,147,116
"Neukirch","50 - 55 Jahre",209,103,106
"Neukirch","55 - 60 Jahre",171,95,76
"Neukirch","60 - 65 Jahre",130,68,62
"Neukirch","65 - 75 Jahre",213,120,93
"Neukirch","75 und mehr Jahre",141,57,84
"Neukirch","Insgesamt",2659,1372,1287
"Oberteuringen","unter 3 Jahre",137,77,60
"Oberteuringen","3 -  6 Jahre",128,57,71
"Oberteuringen","6 - 10 Jahre",190,91,99
"Oberteuringen","10 - 15 Jahre",285,145,140
"Oberteuringen","15 - 18 Jahre",171,89,82
"Oberteuringen","18 - 20 Jahre",113,59,54
"Oberteuringen","20 - 25 Jahre",260,122,138
"Oberteuringen","25 - 30 Jahre",232,128,104
"Oberteuringen","30 - 35 Jahre",268,127,141
"Oberteuringen","35 - 40 Jahre",308,149,159
"Oberteuringen","40 - 45 Jahre",426,222,204
"Oberteuringen","45 - 50 Jahre",409,210,199
"Oberteuringen","50 - 55 Jahre",348,165,183
"Oberteuringen","55 - 60 Jahre",295,159,136
"Oberteuringen","60 - 65 Jahre",246,130,116
"Oberteuringen","65 - 75 Jahre",421,211,210
"Oberteuringen","75 und mehr Jahre",258,118,140
"Oberteuringen","Insgesamt",4495,2259,2236
"Owingen","unter 3 Jahre",119,62,57
"Owingen","3 -  6 Jahre",154,87,67
"Owingen","6 - 10 Jahre",175,102,73
"Owingen","10 - 15 Jahre",251,129,122
"Owingen","15 - 18 Jahre",157,84,73
"Owingen","18 - 20 Jahre",109,68,41
"Owingen","20 - 25 Jahre",262,136,126
"Owingen","25 - 30 Jahre",185,87,98
"Owingen","30 - 35 Jahre",194,91,103
"Owingen","35 - 40 Jahre",260,106,154
"Owingen","40 - 45 Jahre",373,184,189
"Owingen","45 - 50 Jahre",389,194,195
"Owingen","50 - 55 Jahre",339,188,151
"Owingen","55 - 60 Jahre",295,137,158
"Owingen","60 - 65 Jahre",250,134,116
"Owingen","65 - 75 Jahre",416,211,205
"Owingen","75 und mehr Jahre",298,143,155
"Owingen","Insgesamt",4226,2143,2083
"Salem","unter 3 Jahre",289,147,142
"Salem","3 -  6 Jahre",296,146,150
"Salem","6 - 10 Jahre",432,223,209
"Salem","10 - 15 Jahre",691,341,350
"Salem","15 - 18 Jahre",507,250,257
"Salem","18 - 20 Jahre",331,185,146
"Salem","20 - 25 Jahre",698,376,322
"Salem","25 - 30 Jahre",637,355,282
"Salem","30 - 35 Jahre",624,321,303
"Salem","35 - 40 Jahre",704,384,320
"Salem","40 - 45 Jahre",850,401,449
"Salem","45 - 50 Jahre",948,450,498
"Salem","50 - 55 Jahre",827,396,431
"Salem","55 - 60 Jahre",755,364,391
"Salem","60 - 65 Jahre",618,306,312
"Salem","65 - 75 Jahre",1090,559,531
"Salem","75 und mehr Jahre",867,344,523
"Salem","Insgesamt",11164,5548,5616
"Sipplingen","unter 3 Jahre",39,22,17
"Sipplingen","3 -  6 Jahre",32,19,13
"Sipplingen","6 - 10 Jahre",70,37,33
"Sipplingen","10 - 15 Jahre",88,44,44
"Sipplingen","15 - 18 Jahre",68,28,40
"Sipplingen","18 - 20 Jahre",43,23,20
"Sipplingen","20 - 25 Jahre",80,43,37
"Sipplingen","25 - 30 Jahre",98,57,41
"Sipplingen","30 - 35 Jahre",100,47,53
"Sipplingen","35 - 40 Jahre",116,58,58
"Sipplingen","40 - 45 Jahre",180,89,91
"Sipplingen","45 - 50 Jahre",199,109,90
"Sipplingen","50 - 55 Jahre",165,83,82
"Sipplingen","55 - 60 Jahre",153,77,76
"Sipplingen","60 - 65 Jahre",135,71,64
"Sipplingen","65 - 75 Jahre",282,142,140
"Sipplingen","75 und mehr Jahre",232,89,143
"Sipplingen","Insgesamt",2080,1038,1042
"Stetten","unter 3 Jahre",23,11,12
"Stetten","3 -  6 Jahre",17,7,10
"Stetten","6 - 10 Jahre",46,23,23
"Stetten","10 - 15 Jahre",39,13,26
"Stetten","15 - 18 Jahre",22,11,11
"Stetten","18 - 20 Jahre",20,7,13
"Stetten","20 - 25 Jahre",59,32,27
"Stetten","25 - 30 Jahre",61,28,33
"Stetten","30 - 35 Jahre",43,18,25
"Stetten","35 - 40 Jahre",49,30,19
"Stetten","40 - 45 Jahre",81,26,55
"Stetten","45 - 50 Jahre",99,43,56
"Stetten","50 - 55 Jahre",86,45,41
"Stetten","55 - 60 Jahre",80,35,45
"Stetten","60 - 65 Jahre",45,23,22
"Stetten","65 - 75 Jahre",130,61,69
"Stetten","75 und mehr Jahre",87,39,48
"Stetten","Insgesamt",987,452,535
"Tettnang, Stadt","unter 3 Jahre",482,268,214
"Tettnang, Stadt","3 -  6 Jahre",483,252,231
"Tettnang, Stadt","6 - 10 Jahre",749,401,348
"Tettnang, Stadt","10 - 15 Jahre",1071,556,515
"Tettnang, Stadt","15 - 18 Jahre",721,374,347
"Tettnang, Stadt","18 - 20 Jahre",469,249,220
"Tettnang, Stadt","20 - 25 Jahre",998,499,499
"Tettnang, Stadt","25 - 30 Jahre",943,500,443
"Tettnang, Stadt","30 - 35 Jahre",1062,520,542
"Tettnang, Stadt","35 - 40 Jahre",1156,563,593
"Tettnang, Stadt","40 - 45 Jahre",1670,863,807
"Tettnang, Stadt","45 - 50 Jahre",1723,891,832
"Tettnang, Stadt","50 - 55 Jahre",1465,791,674
"Tettnang, Stadt","55 - 60 Jahre",1167,565,602
"Tettnang, Stadt","60 - 65 Jahre",1033,512,521
"Tettnang, Stadt","65 - 75 Jahre",2016,1019,997
"Tettnang, Stadt","75 und mehr Jahre",1440,576,864
"Tettnang, Stadt","Insgesamt",18648,9399,9249
"Überlingen, Stadt","unter 3 Jahre",458,245,213
"Überlingen, Stadt","3 -  6 Jahre",448,221,227
"Überlingen, Stadt","6 - 10 Jahre",693,367,326
"Überlingen, Stadt","10 - 15 Jahre",1049,539,510
"Überlingen, Stadt","15 - 18 Jahre",733,379,354
"Überlingen, Stadt","18 - 20 Jahre",612,323,289
"Überlingen, Stadt","20 - 25 Jahre",1139,600,539
"Überlingen, Stadt","25 - 30 Jahre",1001,489,512
"Überlingen, Stadt","30 - 35 Jahre",1028,517,511
"Überlingen, Stadt","35 - 40 Jahre",1165,552,613
"Überlingen, Stadt","40 - 45 Jahre",1639,737,902
"Überlingen, Stadt","45 - 50 Jahre",1588,730,858
"Überlingen, Stadt","50 - 55 Jahre",1549,717,832
"Überlingen, Stadt","55 - 60 Jahre",1412,640,772
"Überlingen, Stadt","60 - 65 Jahre",1384,579,805
"Überlingen, Stadt","65 - 75 Jahre",3215,1499,1716
"Überlingen, Stadt","75 und mehr Jahre",2705,973,1732
"Überlingen, Stadt","Insgesamt",21818,10107,11711
"Uhldingen-Mühlhofen","unter 3 Jahre",167,75,92
"Uhldingen-Mühlhofen","3 -  6 Jahre",184,92,92
"Uhldingen-Mühlhofen","6 - 10 Jahre",295,153,142
"Uhldingen-Mühlhofen","10 - 15 Jahre",445,231,214
"Uhldingen-Mühlhofen","15 - 18 Jahre",267,154,113
"Uhldingen-Mühlhofen","18 - 20 Jahre",203,109,94
"Uhldingen-Mühlhofen","20 - 25 Jahre",404,213,191
"Uhldingen-Mühlhofen","25 - 30 Jahre",361,192,169
"Uhldingen-Mühlhofen","30 - 35 Jahre",395,196,199
"Uhldingen-Mühlhofen","35 - 40 Jahre",446,229,217
"Uhldingen-Mühlhofen","40 - 45 Jahre",673,316,357
"Uhldingen-Mühlhofen","45 - 50 Jahre",714,376,338
"Uhldingen-Mühlhofen","50 - 55 Jahre",643,300,343
"Uhldingen-Mühlhofen","55 - 60 Jahre",502,267,235
"Uhldingen-Mühlhofen","60 - 65 Jahre",542,240,302
"Uhldingen-Mühlhofen","65 - 75 Jahre",1005,485,520
"Uhldingen-Mühlhofen","75 und mehr Jahre",664,260,404
"Uhldingen-Mühlhofen","Insgesamt",7910,3888,4022
"Deggenhausertal","unter 3 Jahre",103,55,48
"Deggenhausertal","3 -  6 Jahre",130,69,61
"Deggenhausertal","6 - 10 Jahre",188,93,95
"Deggenhausertal","10 - 15 Jahre",257,122,135
"Deggenhausertal","15 - 18 Jahre",172,92,80
"Deggenhausertal","18 - 20 Jahre",116,59,57
"Deggenhausertal","20 - 25 Jahre",247,130,117
"Deggenhausertal","25 - 30 Jahre",199,112,87
"Deggenhausertal","30 - 35 Jahre",245,109,136
"Deggenhausertal","35 - 40 Jahre",309,144,165
"Deggenhausertal","40 - 45 Jahre",411,208,203
"Deggenhausertal","45 - 50 Jahre",438,232,206
"Deggenhausertal","50 - 55 Jahre",364,193,171
"Deggenhausertal","55 - 60 Jahre",243,115,128
"Deggenhausertal","60 - 65 Jahre",195,99,96
"Deggenhausertal","65 - 75 Jahre",388,177,211
"Deggenhausertal","75 und mehr Jahre",293,130,163
"Deggenhausertal","Insgesamt",4298,2139,2159
"Landkreis Ravensburg","unter 3 Jahre",7361,3720,3641
"Landkreis Ravensburg","3 -  6 Jahre",7557,3908,3649
"Landkreis Ravensburg","6 - 10 Jahre",11101,5699,5402
"Landkreis Ravensburg","10 - 15 Jahre",16344,8385,7959
"Landkreis Ravensburg","15 - 18 Jahre",9969,5177,4792
"Landkreis Ravensburg","18 - 20 Jahre",7200,3734,3466
"Landkreis Ravensburg","20 - 25 Jahre",17001,8775,8226
"Landkreis Ravensburg","25 - 30 Jahre",15686,7854,7832
"Landkreis Ravensburg","30 - 35 Jahre",15838,7890,7948
"Landkreis Ravensburg","35 - 40 Jahre",17616,8812,8804
"Landkreis Ravensburg","40 - 45 Jahre",23666,11933,11733
"Landkreis Ravensburg","45 - 50 Jahre",23823,12101,11722
"Landkreis Ravensburg","50 - 55 Jahre",20437,10184,10253
"Landkreis Ravensburg","55 - 60 Jahre",17195,8567,8628
"Landkreis Ravensburg","60 - 65 Jahre",14892,7506,7386
"Landkreis Ravensburg","65 - 75 Jahre",28138,13741,14397
"Landkreis Ravensburg","75 und mehr Jahre",23141,8909,14232
"Landkreis Ravensburg","Insgesamt",276965,136895,140070
"Achberg","unter 3 Jahre",62,32,30
"Achberg","3 -  6 Jahre",64,32,32
"Achberg","6 - 10 Jahre",90,46,44
"Achberg","10 - 15 Jahre",119,59,60
"Achberg","15 - 18 Jahre",88,52,36
"Achberg","18 - 20 Jahre",43,22,21
"Achberg","20 - 25 Jahre",89,41,48
"Achberg","25 - 30 Jahre",69,28,41
"Achberg","30 - 35 Jahre",92,42,50
"Achberg","35 - 40 Jahre",98,45,53
"Achberg","40 - 45 Jahre",172,94,78
"Achberg","45 - 50 Jahre",136,67,69
"Achberg","50 - 55 Jahre",104,59,45
"Achberg","55 - 60 Jahre",91,40,51
"Achberg","60 - 65 Jahre",72,38,34
"Achberg","65 - 75 Jahre",122,61,61
"Achberg","75 und mehr Jahre",146,54,92
"Achberg","Insgesamt",1657,812,845
"Aichstetten","unter 3 Jahre",75,41,34
"Aichstetten","3 -  6 Jahre",76,42,34
"Aichstetten","6 - 10 Jahre",137,74,63
"Aichstetten","10 - 15 Jahre",194,97,97
"Aichstetten","15 - 18 Jahre",92,44,48
"Aichstetten","18 - 20 Jahre",77,41,36
"Aichstetten","20 - 25 Jahre",181,100,81
"Aichstetten","25 - 30 Jahre",132,63,69
"Aichstetten","30 - 35 Jahre",152,74,78
"Aichstetten","35 - 40 Jahre",216,112,104
"Aichstetten","40 - 45 Jahre",238,134,104
"Aichstetten","45 - 50 Jahre",213,111,102
"Aichstetten","50 - 55 Jahre",213,114,99
"Aichstetten","55 - 60 Jahre",145,77,68
"Aichstetten","60 - 65 Jahre",142,71,71
"Aichstetten","65 - 75 Jahre",275,147,128
"Aichstetten","75 und mehr Jahre",187,76,111
"Aichstetten","Insgesamt",2745,1418,1327
"Aitrach","unter 3 Jahre",64,32,32
"Aitrach","3 -  6 Jahre",63,28,35
"Aitrach","6 - 10 Jahre",96,49,47
"Aitrach","10 - 15 Jahre",162,95,67
"Aitrach","15 - 18 Jahre",102,53,49
"Aitrach","18 - 20 Jahre",49,29,20
"Aitrach","20 - 25 Jahre",123,69,54
"Aitrach","25 - 30 Jahre",128,61,67
"Aitrach","30 - 35 Jahre",146,73,73
"Aitrach","35 - 40 Jahre",144,82,62
"Aitrach","40 - 45 Jahre",210,112,98
"Aitrach","45 - 50 Jahre",205,109,96
"Aitrach","50 - 55 Jahre",177,89,88
"Aitrach","55 - 60 Jahre",136,64,72
"Aitrach","60 - 65 Jahre",170,86,84
"Aitrach","65 - 75 Jahre",319,159,160
"Aitrach","75 und mehr Jahre",231,90,141
"Aitrach","Insgesamt",2525,1280,1245
"Altshausen","unter 3 Jahre",105,51,54
"Altshausen","3 -  6 Jahre",98,47,51
"Altshausen","6 - 10 Jahre",148,75,73
"Altshausen","10 - 15 Jahre",211,108,103
"Altshausen","15 - 18 Jahre",162,89,73
"Altshausen","18 - 20 Jahre",97,51,46
"Altshausen","20 - 25 Jahre",238,138,100
"Altshausen","25 - 30 Jahre",230,102,128
"Altshausen","30 - 35 Jahre",237,129,108
"Altshausen","35 - 40 Jahre",315,169,146
"Altshausen","40 - 45 Jahre",318,173,145
"Altshausen","45 - 50 Jahre",345,203,142
"Altshausen","50 - 55 Jahre",364,212,152
"Altshausen","55 - 60 Jahre",367,232,135
"Altshausen","60 - 65 Jahre",314,210,104
"Altshausen","65 - 75 Jahre",563,349,214
"Altshausen","75 und mehr Jahre",518,219,299
"Altshausen","Insgesamt",4630,2557,2073
"Amtzell","unter 3 Jahre",129,59,70
"Amtzell","3 -  6 Jahre",121,62,59
"Amtzell","6 - 10 Jahre",182,91,91
"Amtzell","10 - 15 Jahre",269,128,141
"Amtzell","15 - 18 Jahre",150,70,80
"Amtzell","18 - 20 Jahre",106,59,47
"Amtzell","20 - 25 Jahre",222,115,107
"Amtzell","25 - 30 Jahre",191,95,96
"Amtzell","30 - 35 Jahre",220,100,120
"Amtzell","35 - 40 Jahre",264,115,149
"Amtzell","40 - 45 Jahre",338,183,155
"Amtzell","45 - 50 Jahre",343,167,176
"Amtzell","50 - 55 Jahre",293,142,151
"Amtzell","55 - 60 Jahre",249,126,123
"Amtzell","60 - 65 Jahre",196,105,91
"Amtzell","65 - 75 Jahre",299,149,150
"Amtzell","75 und mehr Jahre",257,99,158
"Amtzell","Insgesamt",3829,1865,1964
"Aulendorf, Stadt","unter 3 Jahre",257,128,129
"Aulendorf, Stadt","3 -  6 Jahre",261,128,133
"Aulendorf, Stadt","6 - 10 Jahre",410,218,192
"Aulendorf, Stadt","10 - 15 Jahre",623,318,305
"Aulendorf, Stadt","15 - 18 Jahre",348,181,167
"Aulendorf, Stadt","18 - 20 Jahre",277,127,150
"Aulendorf, Stadt","20 - 25 Jahre",630,340,290
"Aulendorf, Stadt","25 - 30 Jahre",588,314,274
"Aulendorf, Stadt","30 - 35 Jahre",526,272,254
"Aulendorf, Stadt","35 - 40 Jahre",632,328,304
"Aulendorf, Stadt","40 - 45 Jahre",742,375,367
"Aulendorf, Stadt","45 - 50 Jahre",837,383,454
"Aulendorf, Stadt","50 - 55 Jahre",787,385,402
"Aulendorf, Stadt","55 - 60 Jahre",630,329,301
"Aulendorf, Stadt","60 - 65 Jahre",569,286,283
"Aulendorf, Stadt","65 - 75 Jahre",854,410,444
"Aulendorf, Stadt","75 und mehr Jahre",808,290,518
"Aulendorf, Stadt","Insgesamt",9779,4812,4967
"Bad Waldsee, Stadt","unter 3 Jahre",560,272,288
"Bad Waldsee, Stadt","3 -  6 Jahre",610,311,299
"Bad Waldsee, Stadt","6 - 10 Jahre",849,435,414
"Bad Waldsee, Stadt","10 - 15 Jahre",1170,611,559
"Bad Waldsee, Stadt","15 - 18 Jahre",726,364,362
"Bad Waldsee, Stadt","18 - 20 Jahre",487,241,246
"Bad Waldsee, Stadt","20 - 25 Jahre",1208,645,563
"Bad Waldsee, Stadt","25 - 30 Jahre",1108,526,582
"Bad Waldsee, Stadt","30 - 35 Jahre",1106,534,572
"Bad Waldsee, Stadt","35 - 40 Jahre",1296,624,672
"Bad Waldsee, Stadt","40 - 45 Jahre",1599,779,820
"Bad Waldsee, Stadt","45 - 50 Jahre",1587,783,804
"Bad Waldsee, Stadt","50 - 55 Jahre",1517,742,775
"Bad Waldsee, Stadt","55 - 60 Jahre",1286,625,661
"Bad Waldsee, Stadt","60 - 65 Jahre",1098,504,594
"Bad Waldsee, Stadt","65 - 75 Jahre",2044,971,1073
"Bad Waldsee, Stadt","75 und mehr Jahre",1687,582,1105
"Bad Waldsee, Stadt","Insgesamt",19938,9549,10389
"Bad Wurzach, Stadt","unter 3 Jahre",422,213,209
"Bad Wurzach, Stadt","3 -  6 Jahre",450,233,217
"Bad Wurzach, Stadt","6 - 10 Jahre",611,325,286
"Bad Wurzach, Stadt","10 - 15 Jahre",947,484,463
"Bad Wurzach, Stadt","15 - 18 Jahre",566,295,271
"Bad Wurzach, Stadt","18 - 20 Jahre",409,225,184
"Bad Wurzach, Stadt","20 - 25 Jahre",874,454,420
"Bad Wurzach, Stadt","25 - 30 Jahre",780,397,383
"Bad Wurzach, Stadt","30 - 35 Jahre",842,443,399
"Bad Wurzach, Stadt","35 - 40 Jahre",939,474,465
"Bad Wurzach, Stadt","40 - 45 Jahre",1260,664,596
"Bad Wurzach, Stadt","45 - 50 Jahre",1230,644,586
"Bad Wurzach, Stadt","50 - 55 Jahre",1003,523,480
"Bad Wurzach, Stadt","55 - 60 Jahre",843,442,401
"Bad Wurzach, Stadt","60 - 65 Jahre",710,360,350
"Bad Wurzach, Stadt","65 - 75 Jahre",1367,696,671
"Bad Wurzach, Stadt","75 und mehr Jahre",1019,402,617
"Bad Wurzach, Stadt","Insgesamt",14272,7274,6998
"Baienfurt","unter 3 Jahre",187,102,85
"Baienfurt","3 -  6 Jahre",186,97,89
"Baienfurt","6 - 10 Jahre",297,150,147
"Baienfurt","10 - 15 Jahre",392,220,172
"Baienfurt","15 - 18 Jahre",257,128,129
"Baienfurt","18 - 20 Jahre",185,101,84
"Baienfurt","20 - 25 Jahre",435,228,207
"Baienfurt","25 - 30 Jahre",429,207,222
"Baienfurt","30 - 35 Jahre",377,196,181
"Baienfurt","35 - 40 Jahre",397,190,207
"Baienfurt","40 - 45 Jahre",652,330,322
"Baienfurt","45 - 50 Jahre",603,304,299
"Baienfurt","50 - 55 Jahre",521,264,257
"Baienfurt","55 - 60 Jahre",477,220,257
"Baienfurt","60 - 65 Jahre",388,198,190
"Baienfurt","65 - 75 Jahre",792,382,410
"Baienfurt","75 und mehr Jahre",619,244,375
"Baienfurt","Insgesamt",7194,3561,3633
"Baindt","unter 3 Jahre",134,76,58
"Baindt","3 -  6 Jahre",146,87,59
"Baindt","6 - 10 Jahre",197,96,101
"Baindt","10 - 15 Jahre",279,150,129
"Baindt","15 - 18 Jahre",164,92,72
"Baindt","18 - 20 Jahre",124,65,59
"Baindt","20 - 25 Jahre",311,161,150
"Baindt","25 - 30 Jahre",285,132,153
"Baindt","30 - 35 Jahre",289,141,148
"Baindt","35 - 40 Jahre",283,144,139
"Baindt","40 - 45 Jahre",410,186,224
"Baindt","45 - 50 Jahre",397,210,187
"Baindt","50 - 55 Jahre",362,168,194
"Baindt","55 - 60 Jahre",336,167,169
"Baindt","60 - 65 Jahre",258,130,128
"Baindt","65 - 75 Jahre",551,265,286
"Baindt","75 und mehr Jahre",358,160,198
"Baindt","Insgesamt",4884,2430,2454
"Berg","unter 3 Jahre",125,57,68
"Berg","3 -  6 Jahre",129,73,56
"Berg","6 - 10 Jahre",149,76,73
"Berg","10 - 15 Jahre",256,139,117
"Berg","15 - 18 Jahre",123,70,53
"Berg","18 - 20 Jahre",82,51,31
"Berg","20 - 25 Jahre",224,118,106
"Berg","25 - 30 Jahre",223,114,109
"Berg","30 - 35 Jahre",228,112,116
"Berg","35 - 40 Jahre",263,138,125
"Berg","40 - 45 Jahre",355,202,153
"Berg","45 - 50 Jahre",307,148,159
"Berg","50 - 55 Jahre",294,136,158
"Berg","55 - 60 Jahre",243,109,134
"Berg","60 - 65 Jahre",231,119,112
"Berg","65 - 75 Jahre",447,213,234
"Berg","75 und mehr Jahre",281,113,168
"Berg","Insgesamt",3960,1988,1972
"Bergatreute","unter 3 Jahre",83,36,47
"Bergatreute","3 -  6 Jahre",102,55,47
"Bergatreute","6 - 10 Jahre",133,71,62
"Bergatreute","10 - 15 Jahre",221,115,106
"Bergatreute","15 - 18 Jahre",156,88,68
"Bergatreute","18 - 20 Jahre",95,57,38
"Bergatreute","20 - 25 Jahre",232,123,109
"Bergatreute","25 - 30 Jahre",148,69,79
"Bergatreute","30 - 35 Jahre",155,71,84
"Bergatreute","35 - 40 Jahre",186,103,83
"Bergatreute","40 - 45 Jahre",280,151,129
"Bergatreute","45 - 50 Jahre",308,160,148
"Bergatreute","50 - 55 Jahre",233,127,106
"Bergatreute","55 - 60 Jahre",202,95,107
"Bergatreute","60 - 65 Jahre",145,79,66
"Bergatreute","65 - 75 Jahre",284,136,148
"Bergatreute","75 und mehr Jahre",182,70,112
"Bergatreute","Insgesamt",3145,1606,1539
"Bodnegg","unter 3 Jahre",87,43,44
"Bodnegg","3 -  6 Jahre",86,50,36
"Bodnegg","6 - 10 Jahre",134,64,70
"Bodnegg","10 - 15 Jahre",199,91,108
"Bodnegg","15 - 18 Jahre",93,49,44
"Bodnegg","18 - 20 Jahre",88,41,47
"Bodnegg","20 - 25 Jahre",181,103,78
"Bodnegg","25 - 30 Jahre",144,74,70
"Bodnegg","30 - 35 Jahre",146,81,65
"Bodnegg","35 - 40 Jahre",180,89,91
"Bodnegg","40 - 45 Jahre",273,132,141
"Bodnegg","45 - 50 Jahre",312,178,134
"Bodnegg","50 - 55 Jahre",240,118,122
"Bodnegg","55 - 60 Jahre",212,107,105
"Bodnegg","60 - 65 Jahre",191,107,84
"Bodnegg","65 - 75 Jahre",327,152,175
"Bodnegg","75 und mehr Jahre",256,117,139
"Bodnegg","Insgesamt",3149,1596,1553
"Boms","unter 3 Jahre",13,5,8
"Boms","3 -  6 Jahre",26,14,12
"Boms","6 - 10 Jahre",41,19,22
"Boms","10 - 15 Jahre",49,24,25
"Boms","15 - 18 Jahre",24,17,7
"Boms","18 - 20 Jahre",20,15,5
"Boms","20 - 25 Jahre",37,24,13
"Boms","25 - 30 Jahre",32,15,17
"Boms","30 - 35 Jahre",35,19,16
"Boms","35 - 40 Jahre",42,25,17
"Boms","40 - 45 Jahre",69,32,37
"Boms","45 - 50 Jahre",54,28,26
"Boms","50 - 55 Jahre",52,28,24
"Boms","55 - 60 Jahre",34,18,16
"Boms","60 - 65 Jahre",24,15,9
"Boms","65 - 75 Jahre",30,17,13
"Boms","75 und mehr Jahre",37,10,27
"Boms","Insgesamt",619,325,294
"Ebenweiler","unter 3 Jahre",31,16,15
"Ebenweiler","3 -  6 Jahre",48,29,19
"Ebenweiler","6 - 10 Jahre",55,26,29
"Ebenweiler","10 - 15 Jahre",86,45,41
"Ebenweiler","15 - 18 Jahre",55,29,26
"Ebenweiler","18 - 20 Jahre",48,28,20
"Ebenweiler","20 - 25 Jahre",76,39,37
"Ebenweiler","25 - 30 Jahre",51,29,22
"Ebenweiler","30 - 35 Jahre",64,29,35
"Ebenweiler","35 - 40 Jahre",86,43,43
"Ebenweiler","40 - 45 Jahre",109,53,56
"Ebenweiler","45 - 50 Jahre",108,53,55
"Ebenweiler","50 - 55 Jahre",89,45,44
"Ebenweiler","55 - 60 Jahre",69,38,31
"Ebenweiler","60 - 65 Jahre",57,35,22
"Ebenweiler","65 - 75 Jahre",90,45,45
"Ebenweiler","75 und mehr Jahre",54,24,30
"Ebenweiler","Insgesamt",1176,606,570
"Eichstegen","unter 3 Jahre",14,7,7
"Eichstegen","3 -  6 Jahre",17,9,8
"Eichstegen","6 - 10 Jahre",19,12,7
"Eichstegen","10 - 15 Jahre",31,12,19
"Eichstegen","15 - 18 Jahre",15,9,6
"Eichstegen","18 - 20 Jahre",16,7,9
"Eichstegen","20 - 25 Jahre",40,17,23
"Eichstegen","25 - 30 Jahre",25,14,11
"Eichstegen","30 - 35 Jahre",34,18,16
"Eichstegen","35 - 40 Jahre",38,18,20
"Eichstegen","40 - 45 Jahre",37,17,20
"Eichstegen","45 - 50 Jahre",62,32,30
"Eichstegen","50 - 55 Jahre",40,17,23
"Eichstegen","55 - 60 Jahre",27,16,11
"Eichstegen","60 - 65 Jahre",16,6,10
"Eichstegen","65 - 75 Jahre",37,20,17
"Eichstegen","75 und mehr Jahre",40,18,22
"Eichstegen","Insgesamt",508,249,259
"Fleischwangen","unter 3 Jahre",18,12,6
"Fleischwangen","3 -  6 Jahre",21,15,6
"Fleischwangen","6 - 10 Jahre",34,24,10
"Fleischwangen","10 - 15 Jahre",60,33,27
"Fleischwangen","15 - 18 Jahre",39,21,18
"Fleischwangen","18 - 20 Jahre",24,17,7
"Fleischwangen","20 - 25 Jahre",49,25,24
"Fleischwangen","25 - 30 Jahre",32,18,14
"Fleischwangen","30 - 35 Jahre",40,20,20
"Fleischwangen","35 - 40 Jahre",44,19,25
"Fleischwangen","40 - 45 Jahre",55,27,28
"Fleischwangen","45 - 50 Jahre",58,28,30
"Fleischwangen","50 - 55 Jahre",52,26,26
"Fleischwangen","55 - 60 Jahre",23,11,12
"Fleischwangen","60 - 65 Jahre",25,13,12
"Fleischwangen","65 - 75 Jahre",51,32,19
"Fleischwangen","75 und mehr Jahre",33,15,18
"Fleischwangen","Insgesamt",658,356,302
"Grünkraut","unter 3 Jahre",99,48,51
"Grünkraut","3 -  6 Jahre",93,40,53
"Grünkraut","6 - 10 Jahre",120,67,53
"Grünkraut","10 - 15 Jahre",194,111,83
"Grünkraut","15 - 18 Jahre",108,50,58
"Grünkraut","18 - 20 Jahre",79,38,41
"Grünkraut","20 - 25 Jahre",191,114,77
"Grünkraut","25 - 30 Jahre",161,82,79
"Grünkraut","30 - 35 Jahre",196,85,111
"Grünkraut","35 - 40 Jahre",223,108,115
"Grünkraut","40 - 45 Jahre",285,153,132
"Grünkraut","45 - 50 Jahre",271,143,128
"Grünkraut","50 - 55 Jahre",253,131,122
"Grünkraut","55 - 60 Jahre",187,98,89
"Grünkraut","60 - 65 Jahre",166,80,86
"Grünkraut","65 - 75 Jahre",285,145,140
"Grünkraut","75 und mehr Jahre",202,84,118
"Grünkraut","Insgesamt",3113,1577,1536
"Guggenhausen","unter 3 Jahre",4,2,2
"Guggenhausen","3 -  6 Jahre",2,1,1
"Guggenhausen","6 - 10 Jahre",5,3,2
"Guggenhausen","10 - 15 Jahre",13,6,7
"Guggenhausen","15 - 18 Jahre",9,5,4
"Guggenhausen","18 - 20 Jahre",5,3,2
"Guggenhausen","20 - 25 Jahre",8,2,6
"Guggenhausen","25 - 30 Jahre",9,5,4
"Guggenhausen","30 - 35 Jahre",12,6,6
"Guggenhausen","35 - 40 Jahre",17,12,5
"Guggenhausen","40 - 45 Jahre",8,3,5
"Guggenhausen","45 - 50 Jahre",15,8,7
"Guggenhausen","50 - 55 Jahre",20,14,6
"Guggenhausen","55 - 60 Jahre",12,7,5
"Guggenhausen","60 - 65 Jahre",10,5,5
"Guggenhausen","65 - 75 Jahre",18,9,9
"Guggenhausen","75 und mehr Jahre",14,5,9
"Guggenhausen","Insgesamt",181,96,85
"Hoßkirch","unter 3 Jahre",20,11,9
"Hoßkirch","3 -  6 Jahre",23,9,14
"Hoßkirch","6 - 10 Jahre",29,12,17
"Hoßkirch","10 - 15 Jahre",47,27,20
"Hoßkirch","15 - 18 Jahre",39,24,15
"Hoßkirch","18 - 20 Jahre",20,13,7
"Hoßkirch","20 - 25 Jahre",44,26,18
"Hoßkirch","25 - 30 Jahre",36,23,13
"Hoßkirch","30 - 35 Jahre",38,13,25
"Hoßkirch","35 - 40 Jahre",38,23,15
"Hoßkirch","40 - 45 Jahre",52,26,26
"Hoßkirch","45 - 50 Jahre",65,40,25
"Hoßkirch","50 - 55 Jahre",68,30,38
"Hoßkirch","55 - 60 Jahre",56,33,23
"Hoßkirch","60 - 65 Jahre",50,27,23
"Hoßkirch","65 - 75 Jahre",66,31,35
"Hoßkirch","75 und mehr Jahre",42,16,26
"Hoßkirch","Insgesamt",733,384,349
"Isny im Allgäu, Stadt","unter 3 Jahre",317,162,155
"Isny im Allgäu, Stadt","3 -  6 Jahre",338,182,156
"Isny im Allgäu, Stadt","6 - 10 Jahre",531,262,269
"Isny im Allgäu, Stadt","10 - 15 Jahre",783,428,355
"Isny im Allgäu, Stadt","15 - 18 Jahre",462,237,225
"Isny im Allgäu, Stadt","18 - 20 Jahre",362,191,171
"Isny im Allgäu, Stadt","20 - 25 Jahre",840,448,392
"Isny im Allgäu, Stadt","25 - 30 Jahre",845,435,410
"Isny im Allgäu, Stadt","30 - 35 Jahre",870,423,447
"Isny im Allgäu, Stadt","35 - 40 Jahre",975,475,500
"Isny im Allgäu, Stadt","40 - 45 Jahre",1436,607,829
"Isny im Allgäu, Stadt","45 - 50 Jahre",1369,658,711
"Isny im Allgäu, Stadt","50 - 55 Jahre",1017,498,519
"Isny im Allgäu, Stadt","55 - 60 Jahre",849,430,419
"Isny im Allgäu, Stadt","60 - 65 Jahre",775,372,403
"Isny im Allgäu, Stadt","65 - 75 Jahre",1390,677,713
"Isny im Allgäu, Stadt","75 und mehr Jahre",1233,443,790
"Isny im Allgäu, Stadt","Insgesamt",14392,6928,7464
"Kißlegg","unter 3 Jahre",264,130,134
"Kißlegg","3 -  6 Jahre",207,101,106
"Kißlegg","6 - 10 Jahre",351,170,181
"Kißlegg","10 - 15 Jahre",550,298,252
"Kißlegg","15 - 18 Jahre",373,192,181
"Kißlegg","18 - 20 Jahre",232,125,107
"Kißlegg","20 - 25 Jahre",468,264,204
"Kißlegg","25 - 30 Jahre",471,221,250
"Kißlegg","30 - 35 Jahre",450,220,230
"Kißlegg","35 - 40 Jahre",498,248,250
"Kißlegg","40 - 45 Jahre",706,342,364
"Kißlegg","45 - 50 Jahre",743,365,378
"Kißlegg","50 - 55 Jahre",636,333,303
"Kißlegg","55 - 60 Jahre",558,303,255
"Kißlegg","60 - 65 Jahre",488,244,244
"Kißlegg","65 - 75 Jahre",824,408,416
"Kißlegg","75 und mehr Jahre",696,256,440
"Kißlegg","Insgesamt",8515,4220,4295
"Königseggwald","unter 3 Jahre",17,7,10
"Königseggwald","3 -  6 Jahre",15,7,8
"Königseggwald","6 - 10 Jahre",29,15,14
"Königseggwald","10 - 15 Jahre",50,26,24
"Königseggwald","15 - 18 Jahre",27,15,12
"Königseggwald","18 - 20 Jahre",25,10,15
"Königseggwald","20 - 25 Jahre",42,25,17
"Königseggwald","25 - 30 Jahre",39,22,17
"Königseggwald","30 - 35 Jahre",37,20,17
"Königseggwald","35 - 40 Jahre",32,15,17
"Königseggwald","40 - 45 Jahre",68,34,34
"Königseggwald","45 - 50 Jahre",59,32,27
"Königseggwald","50 - 55 Jahre",40,19,21
"Königseggwald","55 - 60 Jahre",46,25,21
"Königseggwald","60 - 65 Jahre",22,13,9
"Königseggwald","65 - 75 Jahre",71,32,39
"Königseggwald","75 und mehr Jahre",51,21,30
"Königseggwald","Insgesamt",670,338,332
"Leutkirch im Allgäu, Stadt","unter 3 Jahre",541,286,255
"Leutkirch im Allgäu, Stadt","3 -  6 Jahre",585,282,303
"Leutkirch im Allgäu, Stadt","6 - 10 Jahre",916,476,440
"Leutkirch im Allgäu, Stadt","10 - 15 Jahre",1411,712,699
"Leutkirch im Allgäu, Stadt","15 - 18 Jahre",902,481,421
"Leutkirch im Allgäu, Stadt","18 - 20 Jahre",631,322,309
"Leutkirch im Allgäu, Stadt","20 - 25 Jahre",1359,710,649
"Leutkirch im Allgäu, Stadt","25 - 30 Jahre",1161,617,544
"Leutkirch im Allgäu, Stadt","30 - 35 Jahre",1104,576,528
"Leutkirch im Allgäu, Stadt","35 - 40 Jahre",1311,643,668
"Leutkirch im Allgäu, Stadt","40 - 45 Jahre",1739,891,848
"Leutkirch im Allgäu, Stadt","45 - 50 Jahre",1811,929,882
"Leutkirch im Allgäu, Stadt","50 - 55 Jahre",1624,810,814
"Leutkirch im Allgäu, Stadt","55 - 60 Jahre",1384,705,679
"Leutkirch im Allgäu, Stadt","60 - 65 Jahre",1241,616,625
"Leutkirch im Allgäu, Stadt","65 - 75 Jahre",2236,1113,1123
"Leutkirch im Allgäu, Stadt","75 und mehr Jahre",1946,732,1214
"Leutkirch im Allgäu, Stadt","Insgesamt",21902,10901,11001
"Ravensburg, Stadt","unter 3 Jahre",1293,657,636
"Ravensburg, Stadt","3 -  6 Jahre",1310,653,657
"Ravensburg, Stadt","6 - 10 Jahre",1803,947,856
"Ravensburg, Stadt","10 - 15 Jahre",2516,1259,1257
"Ravensburg, Stadt","15 - 18 Jahre",1456,758,698
"Ravensburg, Stadt","18 - 20 Jahre",1162,599,563
"Ravensburg, Stadt","20 - 25 Jahre",2970,1438,1532
"Ravensburg, Stadt","25 - 30 Jahre",3163,1539,1624
"Ravensburg, Stadt","30 - 35 Jahre",3280,1650,1630
"Ravensburg, Stadt","35 - 40 Jahre",3353,1638,1715
"Ravensburg, Stadt","40 - 45 Jahre",4280,2129,2151
"Ravensburg, Stadt","45 - 50 Jahre",4215,2167,2048
"Ravensburg, Stadt","50 - 55 Jahre",3642,1817,1825
"Ravensburg, Stadt","55 - 60 Jahre",2902,1366,1536
"Ravensburg, Stadt","60 - 65 Jahre",2570,1283,1287
"Ravensburg, Stadt","65 - 75 Jahre",5357,2513,2844
"Ravensburg, Stadt","75 und mehr Jahre",4502,1683,2819
"Ravensburg, Stadt","Insgesamt",49774,24096,25678
"Riedhausen","unter 3 Jahre",17,6,11
"Riedhausen","3 -  6 Jahre",18,10,8
"Riedhausen","6 - 10 Jahre",39,22,17
"Riedhausen","10 - 15 Jahre",49,19,30
"Riedhausen","15 - 18 Jahre",43,21,22
"Riedhausen","18 - 20 Jahre",21,14,7
"Riedhausen","20 - 25 Jahre",49,27,22
"Riedhausen","25 - 30 Jahre",41,16,25
"Riedhausen","30 - 35 Jahre",35,17,18
"Riedhausen","35 - 40 Jahre",49,26,23
"Riedhausen","40 - 45 Jahre",53,24,29
"Riedhausen","45 - 50 Jahre",53,27,26
"Riedhausen","50 - 55 Jahre",48,25,23
"Riedhausen","55 - 60 Jahre",25,15,10
"Riedhausen","60 - 65 Jahre",23,13,10
"Riedhausen","65 - 75 Jahre",39,18,21
"Riedhausen","75 und mehr Jahre",35,16,19
"Riedhausen","Insgesamt",637,316,321
"Schlier","unter 3 Jahre",121,65,56
"Schlier","3 -  6 Jahre",81,37,44
"Schlier","6 - 10 Jahre",152,79,73
"Schlier","10 - 15 Jahre",225,121,104
"Schlier","15 - 18 Jahre",135,62,73
"Schlier","18 - 20 Jahre",103,56,47
"Schlier","20 - 25 Jahre",207,100,107
"Schlier","25 - 30 Jahre",213,106,107
"Schlier","30 - 35 Jahre",234,113,121
"Schlier","35 - 40 Jahre",226,110,116
"Schlier","40 - 45 Jahre",289,154,135
"Schlier","45 - 50 Jahre",319,151,168
"Schlier","50 - 55 Jahre",322,149,173
"Schlier","55 - 60 Jahre",273,143,130
"Schlier","60 - 65 Jahre",178,93,85
"Schlier","65 - 75 Jahre",392,213,179
"Schlier","75 und mehr Jahre",240,103,137
"Schlier","Insgesamt",3710,1855,1855
"Unterwaldhausen","unter 3 Jahre",4,3,1
"Unterwaldhausen","3 -  6 Jahre",5,4,1
"Unterwaldhausen","6 - 10 Jahre",9,5,4
"Unterwaldhausen","10 - 15 Jahre",14,5,9
"Unterwaldhausen","15 - 18 Jahre",16,8,8
"Unterwaldhausen","18 - 20 Jahre",6,1,5
"Unterwaldhausen","20 - 25 Jahre",28,10,18
"Unterwaldhausen","25 - 30 Jahre",16,9,7
"Unterwaldhausen","30 - 35 Jahre",19,10,9
"Unterwaldhausen","35 - 40 Jahre",15,8,7
"Unterwaldhausen","40 - 45 Jahre",31,15,16
"Unterwaldhausen","45 - 50 Jahre",28,14,14
"Unterwaldhausen","50 - 55 Jahre",16,7,9
"Unterwaldhausen","55 - 60 Jahre",22,13,9
"Unterwaldhausen","60 - 65 Jahre",15,9,6
"Unterwaldhausen","65 - 75 Jahre",16,8,8
"Unterwaldhausen","75 und mehr Jahre",19,10,9
"Unterwaldhausen","Insgesamt",279,139,140
"Vogt","unter 3 Jahre",100,60,40
"Vogt","3 -  6 Jahre",118,73,45
"Vogt","6 - 10 Jahre",177,105,72
"Vogt","10 - 15 Jahre",306,159,147
"Vogt","15 - 18 Jahre",191,94,97
"Vogt","18 - 20 Jahre",128,72,56
"Vogt","20 - 25 Jahre",269,135,134
"Vogt","25 - 30 Jahre",241,130,111
"Vogt","30 - 35 Jahre",201,98,103
"Vogt","35 - 40 Jahre",277,132,145
"Vogt","40 - 45 Jahre",401,217,184
"Vogt","45 - 50 Jahre",374,193,181
"Vogt","50 - 55 Jahre",398,184,214
"Vogt","55 - 60 Jahre",302,151,151
"Vogt","60 - 65 Jahre",245,137,108
"Vogt","65 - 75 Jahre",453,219,234
"Vogt","75 und mehr Jahre",356,146,210
"Vogt","Insgesamt",4537,2305,2232
"Waldburg","unter 3 Jahre",79,30,49
"Waldburg","3 -  6 Jahre",88,40,48
"Waldburg","6 - 10 Jahre",125,74,51
"Waldburg","10 - 15 Jahre",246,118,128
"Waldburg","15 - 18 Jahre",138,65,73
"Waldburg","18 - 20 Jahre",81,37,44
"Waldburg","20 - 25 Jahre",171,91,80
"Waldburg","25 - 30 Jahre",134,72,62
"Waldburg","30 - 35 Jahre",144,66,78
"Waldburg","35 - 40 Jahre",182,103,79
"Waldburg","40 - 45 Jahre",259,134,125
"Waldburg","45 - 50 Jahre",311,139,172
"Waldburg","50 - 55 Jahre",236,133,103
"Waldburg","55 - 60 Jahre",195,98,97
"Waldburg","60 - 65 Jahre",159,83,76
"Waldburg","65 - 75 Jahre",276,133,143
"Waldburg","75 und mehr Jahre",227,92,135
"Waldburg","Insgesamt",3051,1508,1543
"Wangen im Allgäu, Stadt","unter 3 Jahre",703,337,366
"Wangen im Allgäu, Stadt","3 -  6 Jahre",726,382,344
"Wangen im Allgäu, Stadt","6 - 10 Jahre",1133,557,576
"Wangen im Allgäu, Stadt","10 - 15 Jahre",1666,801,865
"Wangen im Allgäu, Stadt","15 - 18 Jahre",1006,484,522
"Wangen im Allgäu, Stadt","18 - 20 Jahre",714,365,349
"Wangen im Allgäu, Stadt","20 - 25 Jahre",1563,803,760
"Wangen im Allgäu, Stadt","25 - 30 Jahre",1312,663,649
"Wangen im Allgäu, Stadt","30 - 35 Jahre",1429,655,774
"Wangen im Allgäu, Stadt","35 - 40 Jahre",1680,846,834
"Wangen im Allgäu, Stadt","40 - 45 Jahre",2415,1223,1192
"Wangen im Allgäu, Stadt","45 - 50 Jahre",2395,1204,1191
"Wangen im Allgäu, Stadt","50 - 55 Jahre",1912,945,967
"Wangen im Allgäu, Stadt","55 - 60 Jahre",1642,772,870
"Wangen im Allgäu, Stadt","60 - 65 Jahre",1583,806,777
"Wangen im Allgäu, Stadt","65 - 75 Jahre",2993,1430,1563
"Wangen im Allgäu, Stadt","75 und mehr Jahre",2589,1046,1543
"Wangen im Allgäu, Stadt","Insgesamt",27461,13319,14142
"Weingarten, Stadt","unter 3 Jahre",584,308,276
"Weingarten, Stadt","3 -  6 Jahre",575,304,271
"Weingarten, Stadt","6 - 10 Jahre",796,411,385
"Weingarten, Stadt","10 - 15 Jahre",1047,548,499
"Weingarten, Stadt","15 - 18 Jahre",682,370,312
"Weingarten, Stadt","18 - 20 Jahre",543,283,260
"Weingarten, Stadt","20 - 25 Jahre",1809,875,934
"Weingarten, Stadt","25 - 30 Jahre",1586,807,779
"Weingarten, Stadt","30 - 35 Jahre",1452,746,706
"Weingarten, Stadt","35 - 40 Jahre",1404,734,670
"Weingarten, Stadt","40 - 45 Jahre",1916,1008,908
"Weingarten, Stadt","45 - 50 Jahre",2061,1070,991
"Weingarten, Stadt","50 - 55 Jahre",1686,812,874
"Weingarten, Stadt","55 - 60 Jahre",1556,744,812
"Weingarten, Stadt","60 - 65 Jahre",1254,568,686
"Weingarten, Stadt","65 - 75 Jahre",2690,1280,1410
"Weingarten, Stadt","75 und mehr Jahre",2234,830,1404
"Weingarten, Stadt","Insgesamt",23875,11698,12177
"Wilhelmsdorf","unter 3 Jahre",110,55,55
"Wilhelmsdorf","3 -  6 Jahre",112,58,54
"Wilhelmsdorf","6 - 10 Jahre",198,98,100
"Wilhelmsdorf","10 - 15 Jahre",337,172,165
"Wilhelmsdorf","15 - 18 Jahre",245,129,116
"Wilhelmsdorf","18 - 20 Jahre",171,93,78
"Wilhelmsdorf","20 - 25 Jahre",341,184,157
"Wilhelmsdorf","25 - 30 Jahre",272,128,144
"Wilhelmsdorf","30 - 35 Jahre",230,133,97
"Wilhelmsdorf","35 - 40 Jahre",285,150,135
"Wilhelmsdorf","40 - 45 Jahre",414,212,202
"Wilhelmsdorf","45 - 50 Jahre",439,222,217
"Wilhelmsdorf","50 - 55 Jahre",363,171,192
"Wilhelmsdorf","55 - 60 Jahre",290,159,131
"Wilhelmsdorf","60 - 65 Jahre",229,114,115
"Wilhelmsdorf","65 - 75 Jahre",436,207,229
"Wilhelmsdorf","75 und mehr Jahre",334,139,195
"Wilhelmsdorf","Insgesamt",4806,2424,2382
"Wolfegg","unter 3 Jahre",105,53,52
"Wolfegg","3 -  6 Jahre",101,53,48
"Wolfegg","6 - 10 Jahre",165,79,86
"Wolfegg","10 - 15 Jahre",209,102,107
"Wolfegg","15 - 18 Jahre",134,80,54
"Wolfegg","18 - 20 Jahre",94,47,47
"Wolfegg","20 - 25 Jahre",168,88,80
"Wolfegg","25 - 30 Jahre",159,87,72
"Wolfegg","30 - 35 Jahre",204,98,106
"Wolfegg","35 - 40 Jahre",228,104,124
"Wolfegg","40 - 45 Jahre",300,165,135
"Wolfegg","45 - 50 Jahre",269,139,130
"Wolfegg","50 - 55 Jahre",247,119,128
"Wolfegg","55 - 60 Jahre",219,114,105
"Wolfegg","60 - 65 Jahre",181,88,93
"Wolfegg","65 - 75 Jahre",343,167,176
"Wolfegg","75 und mehr Jahre",321,133,188
"Wolfegg","Insgesamt",3447,1716,1731
"Wolpertswende","unter 3 Jahre",111,51,60
"Wolpertswende","3 -  6 Jahre",124,72,52
"Wolpertswende","6 - 10 Jahre",183,107,76
"Wolpertswende","10 - 15 Jahre",242,129,113
"Wolpertswende","15 - 18 Jahre",162,80,82
"Wolpertswende","18 - 20 Jahre",100,46,54
"Wolpertswende","20 - 25 Jahre",249,139,110
"Wolpertswende","25 - 30 Jahre",225,120,105
"Wolpertswende","30 - 35 Jahre",229,112,117
"Wolpertswende","35 - 40 Jahre",248,119,129
"Wolpertswende","40 - 45 Jahre",334,164,170
"Wolpertswende","45 - 50 Jahre",361,186,175
"Wolpertswende","50 - 55 Jahre",314,153,161
"Wolpertswende","55 - 60 Jahre",265,134,131
"Wolpertswende","60 - 65 Jahre",219,123,96
"Wolpertswende","65 - 75 Jahre",417,215,202
"Wolpertswende","75 und mehr Jahre",274,110,164
"Wolpertswende","Insgesamt",4057,2060,1997
"Ebersbach-Musbach","unter 3 Jahre",47,31,16
"Ebersbach-Musbach","3 -  6 Jahre",49,31,18
"Ebersbach-Musbach","6 - 10 Jahre",73,33,40
"Ebersbach-Musbach","10 - 15 Jahre",135,65,70
"Ebersbach-Musbach","15 - 18 Jahre",78,46,32
"Ebersbach-Musbach","18 - 20 Jahre",52,24,28
"Ebersbach-Musbach","20 - 25 Jahre",99,49,50
"Ebersbach-Musbach","25 - 30 Jahre",71,40,31
"Ebersbach-Musbach","30 - 35 Jahre",97,50,47
"Ebersbach-Musbach","35 - 40 Jahre",112,56,56
"Ebersbach-Musbach","40 - 45 Jahre",140,78,62
"Ebersbach-Musbach","45 - 50 Jahre",189,101,88
"Ebersbach-Musbach","50 - 55 Jahre",162,89,73
"Ebersbach-Musbach","55 - 60 Jahre",114,60,54
"Ebersbach-Musbach","60 - 65 Jahre",70,36,34
"Ebersbach-Musbach","65 - 75 Jahre",156,92,64
"Ebersbach-Musbach","75 und mehr Jahre",115,42,73
"Ebersbach-Musbach","Insgesamt",1759,923,836
"Argenbühl","unter 3 Jahre",197,94,103
"Argenbühl","3 -  6 Jahre",203,104,99
"Argenbühl","6 - 10 Jahre",267,129,138
"Argenbühl","10 - 15 Jahre",394,209,185
"Argenbühl","15 - 18 Jahre",238,131,107
"Argenbühl","18 - 20 Jahre",189,91,98
"Argenbühl","20 - 25 Jahre",360,184,176
"Argenbühl","25 - 30 Jahre",364,198,166
"Argenbühl","30 - 35 Jahre",352,178,174
"Argenbühl","35 - 40 Jahre",382,196,186
"Argenbühl","40 - 45 Jahre",552,272,280
"Argenbühl","45 - 50 Jahre",524,266,258
"Argenbühl","50 - 55 Jahre",406,203,203
"Argenbühl","55 - 60 Jahre",377,202,175
"Argenbühl","60 - 65 Jahre",332,178,154
"Argenbühl","65 - 75 Jahre",507,247,260
"Argenbühl","75 und mehr Jahre",402,165,237
"Argenbühl","Insgesamt",6046,3047,2999
"Horgenzell","unter 3 Jahre",149,78,71
"Horgenzell","3 -  6 Jahre",153,84,69
"Horgenzell","6 - 10 Jahre",239,119,120
"Horgenzell","10 - 15 Jahre",317,168,149
"Horgenzell","15 - 18 Jahre",186,98,88
"Horgenzell","18 - 20 Jahre",132,66,66
"Horgenzell","20 - 25 Jahre",352,175,177
"Horgenzell","25 - 30 Jahre",303,156,147
"Horgenzell","30 - 35 Jahre",305,154,151
"Horgenzell","35 - 40 Jahre",378,197,181
"Horgenzell","40 - 45 Jahre",461,236,225
"Horgenzell","45 - 50 Jahre",420,219,201
"Horgenzell","50 - 55 Jahre",349,173,176
"Horgenzell","55 - 60 Jahre",258,137,121
"Horgenzell","60 - 65 Jahre",219,118,101
"Horgenzell","65 - 75 Jahre",359,183,176
"Horgenzell","75 und mehr Jahre",275,125,150
"Horgenzell","Insgesamt",4855,2486,2369
"Fronreute","unter 3 Jahre",113,64,49
"Fronreute","3 -  6 Jahre",127,69,58
"Fronreute","6 - 10 Jahre",179,78,101
"Fronreute","10 - 15 Jahre",325,173,152
"Fronreute","15 - 18 Jahre",179,96,83
"Fronreute","18 - 20 Jahre",123,61,62
"Fronreute","20 - 25 Jahre",264,148,116
"Fronreute","25 - 30 Jahre",269,120,149
"Fronreute","30 - 35 Jahre",231,113,118
"Fronreute","35 - 40 Jahre",280,151,129
"Fronreute","40 - 45 Jahre",410,202,208
"Fronreute","45 - 50 Jahre",427,220,207
"Fronreute","50 - 55 Jahre",337,174,163
"Fronreute","55 - 60 Jahre",293,142,151
"Fronreute","60 - 65 Jahre",257,138,119
"Fronreute","65 - 75 Jahre",362,197,165
"Fronreute","75 und mehr Jahre",321,129,192
"Fronreute","Insgesamt",4497,2275,2222
"Landkreis Sigmaringen","unter 3 Jahre",3262,1667,1595
"Landkreis Sigmaringen","3 -  6 Jahre",3498,1777,1721
"Landkreis Sigmaringen","6 - 10 Jahre",5132,2642,2490
"Landkreis Sigmaringen","10 - 15 Jahre",7922,4032,3890
"Landkreis Sigmaringen","15 - 18 Jahre",4983,2527,2456
"Landkreis Sigmaringen","18 - 20 Jahre",3485,1781,1704
"Landkreis Sigmaringen","20 - 25 Jahre",7957,4284,3673
"Landkreis Sigmaringen","25 - 30 Jahre",7120,3667,3453
"Landkreis Sigmaringen","30 - 35 Jahre",6939,3485,3454
"Landkreis Sigmaringen","35 - 40 Jahre",7649,3789,3860
"Landkreis Sigmaringen","40 - 45 Jahre",11016,5784,5232
"Landkreis Sigmaringen","45 - 50 Jahre",11936,6228,5708
"Landkreis Sigmaringen","50 - 55 Jahre",9887,5007,4880
"Landkreis Sigmaringen","55 - 60 Jahre",8176,4051,4125
"Landkreis Sigmaringen","60 - 65 Jahre",6743,3436,3307
"Landkreis Sigmaringen","65 - 75 Jahre",13169,6200,6969
"Landkreis Sigmaringen","75 und mehr Jahre",11341,4389,6952
"Landkreis Sigmaringen","Insgesamt",130215,64746,65469
"Beuron","unter 3 Jahre",12,8,4
"Beuron","3 -  6 Jahre",24,12,12
"Beuron","6 - 10 Jahre",24,14,10
"Beuron","10 - 15 Jahre",39,20,19
"Beuron","15 - 18 Jahre",22,16,6
"Beuron","18 - 20 Jahre",14,7,7
"Beuron","20 - 25 Jahre",24,13,11
"Beuron","25 - 30 Jahre",17,9,8
"Beuron","30 - 35 Jahre",24,10,14
"Beuron","35 - 40 Jahre",32,16,16
"Beuron","40 - 45 Jahre",36,21,15
"Beuron","45 - 50 Jahre",54,36,18
"Beuron","50 - 55 Jahre",66,39,27
"Beuron","55 - 60 Jahre",49,30,19
"Beuron","60 - 65 Jahre",49,20,29
"Beuron","65 - 75 Jahre",103,59,44
"Beuron","75 und mehr Jahre",99,52,47
"Beuron","Insgesamt",688,382,306
"Bingen","unter 3 Jahre",44,20,24
"Bingen","3 -  6 Jahre",70,39,31
"Bingen","6 - 10 Jahre",127,75,52
"Bingen","10 - 15 Jahre",189,96,93
"Bingen","15 - 18 Jahre",111,50,61
"Bingen","18 - 20 Jahre",75,36,39
"Bingen","20 - 25 Jahre",162,87,75
"Bingen","25 - 30 Jahre",140,75,65
"Bingen","30 - 35 Jahre",134,79,55
"Bingen","35 - 40 Jahre",153,66,87
"Bingen","40 - 45 Jahre",248,107,141
"Bingen","45 - 50 Jahre",281,152,129
"Bingen","50 - 55 Jahre",215,107,108
"Bingen","55 - 60 Jahre",179,89,90
"Bingen","60 - 65 Jahre",161,85,76
"Bingen","65 - 75 Jahre",279,143,136
"Bingen","75 und mehr Jahre",215,87,128
"Bingen","Insgesamt",2783,1393,1390
"Gammertingen, Stadt","unter 3 Jahre",139,62,77
"Gammertingen, Stadt","3 -  6 Jahre",159,78,81
"Gammertingen, Stadt","6 - 10 Jahre",256,133,123
"Gammertingen, Stadt","10 - 15 Jahre",392,207,185
"Gammertingen, Stadt","15 - 18 Jahre",246,127,119
"Gammertingen, Stadt","18 - 20 Jahre",216,111,105
"Gammertingen, Stadt","20 - 25 Jahre",409,223,186
"Gammertingen, Stadt","25 - 30 Jahre",316,161,155
"Gammertingen, Stadt","30 - 35 Jahre",310,142,168
"Gammertingen, Stadt","35 - 40 Jahre",387,198,189
"Gammertingen, Stadt","40 - 45 Jahre",512,272,240
"Gammertingen, Stadt","45 - 50 Jahre",584,283,301
"Gammertingen, Stadt","50 - 55 Jahre",474,232,242
"Gammertingen, Stadt","55 - 60 Jahre",422,194,228
"Gammertingen, Stadt","60 - 65 Jahre",360,188,172
"Gammertingen, Stadt","65 - 75 Jahre",719,331,388
"Gammertingen, Stadt","75 und mehr Jahre",550,211,339
"Gammertingen, Stadt","Insgesamt",6451,3153,3298
"Herbertingen","unter 3 Jahre",131,68,63
"Herbertingen","3 -  6 Jahre",148,79,69
"Herbertingen","6 - 10 Jahre",212,116,96
"Herbertingen","10 - 15 Jahre",345,188,157
"Herbertingen","15 - 18 Jahre",213,99,114
"Herbertingen","18 - 20 Jahre",146,78,68
"Herbertingen","20 - 25 Jahre",299,157,142
"Herbertingen","25 - 30 Jahre",235,117,118
"Herbertingen","30 - 35 Jahre",246,121,125
"Herbertingen","35 - 40 Jahre",328,167,161
"Herbertingen","40 - 45 Jahre",425,215,210
"Herbertingen","45 - 50 Jahre",427,229,198
"Herbertingen","50 - 55 Jahre",323,166,157
"Herbertingen","55 - 60 Jahre",319,168,151
"Herbertingen","60 - 65 Jahre",236,117,119
"Herbertingen","65 - 75 Jahre",467,222,245
"Herbertingen","75 und mehr Jahre",355,143,212
"Herbertingen","Insgesamt",4855,2450,2405
"Hettingen, Stadt","unter 3 Jahre",42,18,24
"Hettingen, Stadt","3 -  6 Jahre",51,28,23
"Hettingen, Stadt","6 - 10 Jahre",72,32,40
"Hettingen, Stadt","10 - 15 Jahre",120,61,59
"Hettingen, Stadt","15 - 18 Jahre",78,31,47
"Hettingen, Stadt","18 - 20 Jahre",54,29,25
"Hettingen, Stadt","20 - 25 Jahre",112,66,46
"Hettingen, Stadt","25 - 30 Jahre",81,40,41
"Hettingen, Stadt","30 - 35 Jahre",85,54,31
"Hettingen, Stadt","35 - 40 Jahre",102,47,55
"Hettingen, Stadt","40 - 45 Jahre",156,83,73
"Hettingen, Stadt","45 - 50 Jahre",172,93,79
"Hettingen, Stadt","50 - 55 Jahre",160,80,80
"Hettingen, Stadt","55 - 60 Jahre",115,57,58
"Hettingen, Stadt","60 - 65 Jahre",100,53,47
"Hettingen, Stadt","65 - 75 Jahre",213,101,112
"Hettingen, Stadt","75 und mehr Jahre",152,62,90
"Hettingen, Stadt","Insgesamt",1865,935,930
"Hohentengen","unter 3 Jahre",137,67,70
"Hohentengen","3 -  6 Jahre",132,61,71
"Hohentengen","6 - 10 Jahre",179,81,98
"Hohentengen","10 - 15 Jahre",300,150,150
"Hohentengen","15 - 18 Jahre",172,81,91
"Hohentengen","18 - 20 Jahre",114,61,53
"Hohentengen","20 - 25 Jahre",278,164,114
"Hohentengen","25 - 30 Jahre",222,101,121
"Hohentengen","30 - 35 Jahre",231,114,117
"Hohentengen","35 - 40 Jahre",255,126,129
"Hohentengen","40 - 45 Jahre",474,307,167
"Hohentengen","45 - 50 Jahre",421,257,164
"Hohentengen","50 - 55 Jahre",311,160,151
"Hohentengen","55 - 60 Jahre",246,133,113
"Hohentengen","60 - 65 Jahre",218,122,96
"Hohentengen","65 - 75 Jahre",389,188,201
"Hohentengen","75 und mehr Jahre",280,118,162
"Hohentengen","Insgesamt",4359,2291,2068
"Illmensee","unter 3 Jahre",49,25,24
"Illmensee","3 -  6 Jahre",53,31,22
"Illmensee","6 - 10 Jahre",85,44,41
"Illmensee","10 - 15 Jahre",123,62,61
"Illmensee","15 - 18 Jahre",106,61,45
"Illmensee","18 - 20 Jahre",61,25,36
"Illmensee","20 - 25 Jahre",129,72,57
"Illmensee","25 - 30 Jahre",103,60,43
"Illmensee","30 - 35 Jahre",115,46,69
"Illmensee","35 - 40 Jahre",119,66,53
"Illmensee","40 - 45 Jahre",151,85,66
"Illmensee","45 - 50 Jahre",172,86,86
"Illmensee","50 - 55 Jahre",180,88,92
"Illmensee","55 - 60 Jahre",153,73,80
"Illmensee","60 - 65 Jahre",122,64,58
"Illmensee","65 - 75 Jahre",151,70,81
"Illmensee","75 und mehr Jahre",125,49,76
"Illmensee","Insgesamt",1997,1007,990
"Inzigkofen","unter 3 Jahre",85,34,51
"Inzigkofen","3 -  6 Jahre",76,37,39
"Inzigkofen","6 - 10 Jahre",130,56,74
"Inzigkofen","10 - 15 Jahre",178,95,83
"Inzigkofen","15 - 18 Jahre",95,44,51
"Inzigkofen","18 - 20 Jahre",66,31,35
"Inzigkofen","20 - 25 Jahre",180,91,89
"Inzigkofen","25 - 30 Jahre",148,68,80
"Inzigkofen","30 - 35 Jahre",149,75,74
"Inzigkofen","35 - 40 Jahre",183,82,101
"Inzigkofen","40 - 45 Jahre",257,135,122
"Inzigkofen","45 - 50 Jahre",272,139,133
"Inzigkofen","50 - 55 Jahre",238,128,110
"Inzigkofen","55 - 60 Jahre",177,82,95
"Inzigkofen","60 - 65 Jahre",141,72,69
"Inzigkofen","65 - 75 Jahre",274,146,128
"Inzigkofen","75 und mehr Jahre",255,109,146
"Inzigkofen","Insgesamt",2904,1424,1480
"Krauchenwies","unter 3 Jahre",149,74,75
"Krauchenwies","3 -  6 Jahre",140,71,69
"Krauchenwies","6 - 10 Jahre",228,96,132
"Krauchenwies","10 - 15 Jahre",296,156,140
"Krauchenwies","15 - 18 Jahre",215,122,93
"Krauchenwies","18 - 20 Jahre",130,71,59
"Krauchenwies","20 - 25 Jahre",288,143,145
"Krauchenwies","25 - 30 Jahre",290,141,149
"Krauchenwies","30 - 35 Jahre",288,156,132
"Krauchenwies","35 - 40 Jahre",311,160,151
"Krauchenwies","40 - 45 Jahre",427,209,218
"Krauchenwies","45 - 50 Jahre",419,207,212
"Krauchenwies","50 - 55 Jahre",438,230,208
"Krauchenwies","55 - 60 Jahre",351,174,177
"Krauchenwies","60 - 65 Jahre",227,114,113
"Krauchenwies","65 - 75 Jahre",437,213,224
"Krauchenwies","75 und mehr Jahre",389,142,247
"Krauchenwies","Insgesamt",5023,2479,2544
"Leibertingen","unter 3 Jahre",52,28,24
"Leibertingen","3 -  6 Jahre",66,29,37
"Leibertingen","6 - 10 Jahre",104,55,49
"Leibertingen","10 - 15 Jahre",143,75,68
"Leibertingen","15 - 18 Jahre",74,36,38
"Leibertingen","18 - 20 Jahre",54,30,24
"Leibertingen","20 - 25 Jahre",138,73,65
"Leibertingen","25 - 30 Jahre",131,73,58
"Leibertingen","30 - 35 Jahre",110,64,46
"Leibertingen","35 - 40 Jahre",118,54,64
"Leibertingen","40 - 45 Jahre",215,112,103
"Leibertingen","45 - 50 Jahre",221,118,103
"Leibertingen","50 - 55 Jahre",179,98,81
"Leibertingen","55 - 60 Jahre",136,67,69
"Leibertingen","60 - 65 Jahre",91,47,44
"Leibertingen","65 - 75 Jahre",202,107,95
"Leibertingen","75 und mehr Jahre",197,78,119
"Leibertingen","Insgesamt",2231,1144,1087
"Mengen, Stadt","unter 3 Jahre",265,139,126
"Mengen, Stadt","3 -  6 Jahre",253,131,122
"Mengen, Stadt","6 - 10 Jahre",383,194,189
"Mengen, Stadt","10 - 15 Jahre",604,300,304
"Mengen, Stadt","15 - 18 Jahre",380,184,196
"Mengen, Stadt","18 - 20 Jahre",262,130,132
"Mengen, Stadt","20 - 25 Jahre",592,321,271
"Mengen, Stadt","25 - 30 Jahre",536,279,257
"Mengen, Stadt","30 - 35 Jahre",512,274,238
"Mengen, Stadt","35 - 40 Jahre",588,283,305
"Mengen, Stadt","40 - 45 Jahre",788,381,407
"Mengen, Stadt","45 - 50 Jahre",891,446,445
"Mengen, Stadt","50 - 55 Jahre",698,360,338
"Mengen, Stadt","55 - 60 Jahre",661,333,328
"Mengen, Stadt","60 - 65 Jahre",542,290,252
"Mengen, Stadt","65 - 75 Jahre",1059,499,560
"Mengen, Stadt","75 und mehr Jahre",872,323,549
"Mengen, Stadt","Insgesamt",9886,4867,5019
"Meßkirch, Stadt","unter 3 Jahre",203,103,100
"Meßkirch, Stadt","3 -  6 Jahre",196,105,91
"Meßkirch, Stadt","6 - 10 Jahre",348,178,170
"Meßkirch, Stadt","10 - 15 Jahre",506,264,242
"Meßkirch, Stadt","15 - 18 Jahre",342,169,173
"Meßkirch, Stadt","18 - 20 Jahre",221,111,110
"Meßkirch, Stadt","20 - 25 Jahre",603,344,259
"Meßkirch, Stadt","25 - 30 Jahre",407,223,184
"Meßkirch, Stadt","30 - 35 Jahre",462,204,258
"Meßkirch, Stadt","35 - 40 Jahre",460,227,233
"Meßkirch, Stadt","40 - 45 Jahre",604,296,308
"Meßkirch, Stadt","45 - 50 Jahre",736,371,365
"Meßkirch, Stadt","50 - 55 Jahre",635,336,299
"Meßkirch, Stadt","55 - 60 Jahre",513,271,242
"Meßkirch, Stadt","60 - 65 Jahre",404,210,194
"Meßkirch, Stadt","65 - 75 Jahre",801,356,445
"Meßkirch, Stadt","75 und mehr Jahre",850,333,517
"Meßkirch, Stadt","Insgesamt",8291,4101,4190
"Neufra","unter 3 Jahre",39,21,18
"Neufra","3 -  6 Jahre",47,24,23
"Neufra","6 - 10 Jahre",75,41,34
"Neufra","10 - 15 Jahre",108,56,52
"Neufra","15 - 18 Jahre",70,35,35
"Neufra","18 - 20 Jahre",42,21,21
"Neufra","20 - 25 Jahre",101,52,49
"Neufra","25 - 30 Jahre",102,45,57
"Neufra","30 - 35 Jahre",81,36,45
"Neufra","35 - 40 Jahre",107,53,54
"Neufra","40 - 45 Jahre",155,79,76
"Neufra","45 - 50 Jahre",174,84,90
"Neufra","50 - 55 Jahre",180,86,94
"Neufra","55 - 60 Jahre",123,66,57
"Neufra","60 - 65 Jahre",100,40,60
"Neufra","65 - 75 Jahre",212,108,104
"Neufra","75 und mehr Jahre",150,60,90
"Neufra","Insgesamt",1866,907,959
"Ostrach","unter 3 Jahre",179,94,85
"Ostrach","3 -  6 Jahre",195,105,90
"Ostrach","6 - 10 Jahre",273,147,126
"Ostrach","10 - 15 Jahre",446,238,208
"Ostrach","15 - 18 Jahre",269,135,134
"Ostrach","18 - 20 Jahre",208,106,102
"Ostrach","20 - 25 Jahre",460,248,212
"Ostrach","25 - 30 Jahre",388,202,186
"Ostrach","30 - 35 Jahre",343,179,164
"Ostrach","35 - 40 Jahre",397,193,204
"Ostrach","40 - 45 Jahre",548,282,266
"Ostrach","45 - 50 Jahre",612,289,323
"Ostrach","50 - 55 Jahre",560,268,292
"Ostrach","55 - 60 Jahre",426,230,196
"Ostrach","60 - 65 Jahre",293,153,140
"Ostrach","65 - 75 Jahre",597,276,321
"Ostrach","75 und mehr Jahre",520,189,331
"Ostrach","Insgesamt",6714,3334,3380
"Pfullendorf, Stadt","unter 3 Jahre",338,184,154
"Pfullendorf, Stadt","3 -  6 Jahre",385,190,195
"Pfullendorf, Stadt","6 - 10 Jahre",563,298,265
"Pfullendorf, Stadt","10 - 15 Jahre",835,424,411
"Pfullendorf, Stadt","15 - 18 Jahre",508,267,241
"Pfullendorf, Stadt","18 - 20 Jahre",366,203,163
"Pfullendorf, Stadt","20 - 25 Jahre",781,425,356
"Pfullendorf, Stadt","25 - 30 Jahre",787,413,374
"Pfullendorf, Stadt","30 - 35 Jahre",770,407,363
"Pfullendorf, Stadt","35 - 40 Jahre",836,423,413
"Pfullendorf, Stadt","40 - 45 Jahre",1029,539,490
"Pfullendorf, Stadt","45 - 50 Jahre",1219,672,547
"Pfullendorf, Stadt","50 - 55 Jahre",1001,523,478
"Pfullendorf, Stadt","55 - 60 Jahre",755,371,384
"Pfullendorf, Stadt","60 - 65 Jahre",656,324,332
"Pfullendorf, Stadt","65 - 75 Jahre",1267,613,654
"Pfullendorf, Stadt","75 und mehr Jahre",969,397,572
"Pfullendorf, Stadt","Insgesamt",13065,6673,6392
"Bad Saulgau, Stadt","unter 3 Jahre",456,230,226
"Bad Saulgau, Stadt","3 -  6 Jahre",455,242,213
"Bad Saulgau, Stadt","6 - 10 Jahre",664,341,323
"Bad Saulgau, Stadt","10 - 15 Jahre",1058,504,554
"Bad Saulgau, Stadt","15 - 18 Jahre",654,340,314
"Bad Saulgau, Stadt","18 - 20 Jahre",415,222,193
"Bad Saulgau, Stadt","20 - 25 Jahre",1003,522,481
"Bad Saulgau, Stadt","25 - 30 Jahre",1002,504,498
"Bad Saulgau, Stadt","30 - 35 Jahre",969,457,512
"Bad Saulgau, Stadt","35 - 40 Jahre",1050,508,542
"Bad Saulgau, Stadt","40 - 45 Jahre",1407,682,725
"Bad Saulgau, Stadt","45 - 50 Jahre",1450,728,722
"Bad Saulgau, Stadt","50 - 55 Jahre",1244,578,666
"Bad Saulgau, Stadt","55 - 60 Jahre",1087,499,588
"Bad Saulgau, Stadt","60 - 65 Jahre",922,457,465
"Bad Saulgau, Stadt","65 - 75 Jahre",1876,849,1027
"Bad Saulgau, Stadt","75 und mehr Jahre",1730,630,1100
"Bad Saulgau, Stadt","Insgesamt",17442,8293,9149
"Scheer, Stadt","unter 3 Jahre",71,37,34
"Scheer, Stadt","3 -  6 Jahre",60,27,33
"Scheer, Stadt","6 - 10 Jahre",81,48,33
"Scheer, Stadt","10 - 15 Jahre",153,87,66
"Scheer, Stadt","15 - 18 Jahre",104,48,56
"Scheer, Stadt","18 - 20 Jahre",71,29,42
"Scheer, Stadt","20 - 25 Jahre",154,93,61
"Scheer, Stadt","25 - 30 Jahre",115,70,45
"Scheer, Stadt","30 - 35 Jahre",112,53,59
"Scheer, Stadt","35 - 40 Jahre",138,73,65
"Scheer, Stadt","40 - 45 Jahre",236,114,122
"Scheer, Stadt","45 - 50 Jahre",232,125,107
"Scheer, Stadt","50 - 55 Jahre",222,103,119
"Scheer, Stadt","55 - 60 Jahre",175,84,91
"Scheer, Stadt","60 - 65 Jahre",151,79,72
"Scheer, Stadt","65 - 75 Jahre",239,113,126
"Scheer, Stadt","75 und mehr Jahre",239,90,149
"Scheer, Stadt","Insgesamt",2553,1273,1280
"Schwenningen","unter 3 Jahre",55,31,24
"Schwenningen","3 -  6 Jahre",52,28,24
"Schwenningen","6 - 10 Jahre",63,28,35
"Schwenningen","10 - 15 Jahre",100,49,51
"Schwenningen","15 - 18 Jahre",62,37,25
"Schwenningen","18 - 20 Jahre",38,16,22
"Schwenningen","20 - 25 Jahre",88,38,50
"Schwenningen","25 - 30 Jahre",85,46,39
"Schwenningen","30 - 35 Jahre",64,39,25
"Schwenningen","35 - 40 Jahre",64,33,31
"Schwenningen","40 - 45 Jahre",103,47,56
"Schwenningen","45 - 50 Jahre",134,83,51
"Schwenningen","50 - 55 Jahre",110,54,56
"Schwenningen","55 - 60 Jahre",110,55,55
"Schwenningen","60 - 65 Jahre",64,28,36
"Schwenningen","65 - 75 Jahre",162,74,88
"Schwenningen","75 und mehr Jahre",135,64,71
"Schwenningen","Insgesamt",1489,750,739
"Sigmaringen, Stadt","unter 3 Jahre",362,196,166
"Sigmaringen, Stadt","3 -  6 Jahre",427,215,212
"Sigmaringen, Stadt","6 - 10 Jahre",524,274,250
"Sigmaringen, Stadt","10 - 15 Jahre",814,404,410
"Sigmaringen, Stadt","15 - 18 Jahre",533,277,256
"Sigmaringen, Stadt","18 - 20 Jahre",378,190,188
"Sigmaringen, Stadt","20 - 25 Jahre",1033,547,486
"Sigmaringen, Stadt","25 - 30 Jahre",1004,488,516
"Sigmaringen, Stadt","30 - 35 Jahre",940,496,444
"Sigmaringen, Stadt","35 - 40 Jahre",877,443,434
"Sigmaringen, Stadt","40 - 45 Jahre",1464,891,573
"Sigmaringen, Stadt","45 - 50 Jahre",1693,977,716
"Sigmaringen, Stadt","50 - 55 Jahre",1109,553,556
"Sigmaringen, Stadt","55 - 60 Jahre",965,469,496
"Sigmaringen, Stadt","60 - 65 Jahre",853,447,406
"Sigmaringen, Stadt","65 - 75 Jahre",1743,766,977
"Sigmaringen, Stadt","75 und mehr Jahre",1533,578,955
"Sigmaringen, Stadt","Insgesamt",16252,8211,8041
"Sigmaringendorf","unter 3 Jahre",93,54,39
"Sigmaringendorf","3 -  6 Jahre",104,47,57
"Sigmaringendorf","6 - 10 Jahre",138,74,64
"Sigmaringendorf","10 - 15 Jahre",202,109,93
"Sigmaringendorf","15 - 18 Jahre",137,67,70
"Sigmaringendorf","18 - 20 Jahre",89,45,44
"Sigmaringendorf","20 - 25 Jahre",178,94,84
"Sigmaringendorf","25 - 30 Jahre",166,94,72
"Sigmaringendorf","30 - 35 Jahre",187,93,94
"Sigmaringendorf","35 - 40 Jahre",201,102,99
"Sigmaringendorf","40 - 45 Jahre",292,151,141
"Sigmaringendorf","45 - 50 Jahre",317,163,154
"Sigmaringendorf","50 - 55 Jahre",255,128,127
"Sigmaringendorf","55 - 60 Jahre",229,114,115
"Sigmaringendorf","60 - 65 Jahre",232,107,125
"Sigmaringendorf","65 - 75 Jahre",464,231,233
"Sigmaringendorf","75 und mehr Jahre",369,146,223
"Sigmaringendorf","Insgesamt",3653,1819,1834
"Stetten am kalten Markt","unter 3 Jahre",105,49,56
"Stetten am kalten Markt","3 -  6 Jahre",124,62,62
"Stetten am kalten Markt","6 - 10 Jahre",192,98,94
"Stetten am kalten Markt","10 - 15 Jahre",314,151,163
"Stetten am kalten Markt","15 - 18 Jahre",182,86,96
"Stetten am kalten Markt","18 - 20 Jahre",128,62,66
"Stetten am kalten Markt","20 - 25 Jahre",291,161,130
"Stetten am kalten Markt","25 - 30 Jahre",285,169,116
"Stetten am kalten Markt","30 - 35 Jahre",243,129,114
"Stetten am kalten Markt","35 - 40 Jahre",292,164,128
"Stetten am kalten Markt","40 - 45 Jahre",520,333,187
"Stetten am kalten Markt","45 - 50 Jahre",424,195,229
"Stetten am kalten Markt","50 - 55 Jahre",355,182,173
"Stetten am kalten Markt","55 - 60 Jahre",329,167,162
"Stetten am kalten Markt","60 - 65 Jahre",255,122,133
"Stetten am kalten Markt","65 - 75 Jahre",538,261,277
"Stetten am kalten Markt","75 und mehr Jahre",514,200,314
"Stetten am kalten Markt","Insgesamt",5091,2591,2500
"Veringenstadt, Stadt","unter 3 Jahre",60,30,30
"Veringenstadt, Stadt","3 -  6 Jahre",63,31,32
"Veringenstadt, Stadt","6 - 10 Jahre",76,43,33
"Veringenstadt, Stadt","10 - 15 Jahre",131,71,60
"Veringenstadt, Stadt","15 - 18 Jahre",83,49,34
"Veringenstadt, Stadt","18 - 20 Jahre",73,42,31
"Veringenstadt, Stadt","20 - 25 Jahre",122,64,58
"Veringenstadt, Stadt","25 - 30 Jahre",119,71,48
"Veringenstadt, Stadt","30 - 35 Jahre",103,51,52
"Veringenstadt, Stadt","35 - 40 Jahre",128,63,65
"Veringenstadt, Stadt","40 - 45 Jahre",170,86,84
"Veringenstadt, Stadt","45 - 50 Jahre",163,77,86
"Veringenstadt, Stadt","50 - 55 Jahre",186,93,93
"Veringenstadt, Stadt","55 - 60 Jahre",152,74,78
"Veringenstadt, Stadt","60 - 65 Jahre",151,77,74
"Veringenstadt, Stadt","65 - 75 Jahre",240,121,119
"Veringenstadt, Stadt","75 und mehr Jahre",207,77,130
"Veringenstadt, Stadt","Insgesamt",2227,1120,1107
"Wald","unter 3 Jahre",60,34,26
"Wald","3 -  6 Jahre",64,32,32
"Wald","6 - 10 Jahre",125,63,62
"Wald","10 - 15 Jahre",160,70,90
"Wald","15 - 18 Jahre",96,45,51
"Wald","18 - 20 Jahre",92,38,54
"Wald","20 - 25 Jahre",154,85,69
"Wald","25 - 30 Jahre",126,56,70
"Wald","30 - 35 Jahre",174,68,106
"Wald","35 - 40 Jahre",182,71,111
"Wald","40 - 45 Jahre",294,113,181
"Wald","45 - 50 Jahre",240,122,118
"Wald","50 - 55 Jahre",205,106,99
"Wald","55 - 60 Jahre",169,86,83
"Wald","60 - 65 Jahre",125,65,60
"Wald","65 - 75 Jahre",235,109,126
"Wald","75 und mehr Jahre",227,74,153
"Wald","Insgesamt",2728,1237,1491
"Sauldorf","unter 3 Jahre",51,20,31
"Sauldorf","3 -  6 Jahre",64,29,35
"Sauldorf","6 - 10 Jahre",108,56,52
"Sauldorf","10 - 15 Jahre",172,88,84
"Sauldorf","15 - 18 Jahre",105,56,49
"Sauldorf","18 - 20 Jahre",76,39,37
"Sauldorf","20 - 25 Jahre",165,88,77
"Sauldorf","25 - 30 Jahre",123,58,65
"Sauldorf","30 - 35 Jahre",113,54,59
"Sauldorf","35 - 40 Jahre",143,71,72
"Sauldorf","40 - 45 Jahre",229,117,112
"Sauldorf","45 - 50 Jahre",251,119,132
"Sauldorf","50 - 55 Jahre",223,129,94
"Sauldorf","55 - 60 Jahre",122,63,59
"Sauldorf","60 - 65 Jahre",105,55,50
"Sauldorf","65 - 75 Jahre",212,100,112
"Sauldorf","75 und mehr Jahre",213,92,121
"Sauldorf","Insgesamt",2475,1234,1241
"Herdwangen-Schönach","unter 3 Jahre",85,41,44
"Herdwangen-Schönach","3 -  6 Jahre",90,44,46
"Herdwangen-Schönach","6 - 10 Jahre",102,57,45
"Herdwangen-Schönach","10 - 15 Jahre",194,107,87
"Herdwangen-Schönach","15 - 18 Jahre",126,65,61
"Herdwangen-Schönach","18 - 20 Jahre",96,48,48
"Herdwangen-Schönach","20 - 25 Jahre",213,113,100
"Herdwangen-Schönach","25 - 30 Jahre",192,104,88
"Herdwangen-Schönach","30 - 35 Jahre",174,84,90
"Herdwangen-Schönach","35 - 40 Jahre",198,100,98
"Herdwangen-Schönach","40 - 45 Jahre",276,127,149
"Herdwangen-Schönach","45 - 50 Jahre",377,177,200
"Herdwangen-Schönach","50 - 55 Jahre",320,180,140
"Herdwangen-Schönach","55 - 60 Jahre",213,102,111
"Herdwangen-Schönach","60 - 65 Jahre",185,100,85
"Herdwangen-Schönach","65 - 75 Jahre",290,144,146
"Herdwangen-Schönach","75 und mehr Jahre",196,85,111
"Herdwangen-Schönach","Insgesamt",3327,1678,1649
